0 0.430124 0.862876 0.126873 0.186374
0 0.374330 0.807256 0.095806 0.152810
0 0.309992 0.780081 0.094981 0.154066
0 0.289698 0.656455 0.143480 0.167613
0 0.263722 0.542897 0.124846 0.167288
0 0.241098 0.407157 0.150673 0.240133
0 0.234097 0.250086 0.136926 0.180199
0 0.516648 0.856762 0.114882 0.178545
0 0.583308 0.799467 0.084839 0.155159
0 0.647454 0.789149 0.093890 0.140076
0 0.669254 0.680872 0.126944 0.141923
0 0.686205 0.559167 0.136172 0.137004
0 0.714408 0.399533 0.144500 0.226054
0 0.723958 0.264991 0.128815 0.152116
