0 0.465357 0.119686 0.058571 0.104988
0 0.416786 0.138970 0.068571 0.109273
0 0.363214 0.184500 0.074286 0.123200
0 0.320714 0.289488 0.076429 0.125343
0 0.305357 0.383763 0.088571 0.114630
0 0.277143 0.505892 0.110714 0.181051
0 0.248929 0.643019 0.100000 0.148912
0 0.518929 0.123436 0.058571 0.097489
0 0.572500 0.118615 0.062857 0.109273
0 0.615714 0.147540 0.073571 0.122129
0 0.657857 0.259492 0.075000 0.118915
0 0.674643 0.355909 0.090000 0.123200
0 0.706071 0.472682 0.114286 0.176766
0 0.738214 0.612487 0.101429 0.162839
