0 0.500936 0.308635 0.141709 0.206682
0 0.396438 0.341407 0.136106 0.201078
0 0.333376 0.380533 0.133873 0.222928
0 0.282638 0.470575 0.155149 0.196041
0 0.231023 0.540242 0.154361 0.176279
0 0.208259 0.636252 0.191485 0.225085
0 0.175206 0.733532 0.146744 0.140929
0 0.605741 0.321504 0.147751 0.202508
0 0.684819 0.369034 0.132272 0.207982
0 0.745992 0.424862 0.156156 0.230931
0 0.769754 0.505413 0.154636 0.212835
0 0.790101 0.572515 0.127826 0.183205
0 0.781142 0.683792 0.128745 0.150658
0 0.777652 0.759367 0.128520 0.171701
0 0.554116 0.830364 0.086355 0.131407
0 0.612140 0.841108 0.095486 0.167645
0 0.672641 0.870976 0.095711 0.146602
0 0.717220 0.885135 0.053934 0.065619
0 0.490213 0.820346 0.091634 0.136269
0 0.420118 0.845037 0.105643 0.196986
0 0.345658 0.842409 0.119677 0.166401
0 0.286245 0.835114 0.093410 0.112607
