0 0.394708 0.847222 0.106096 0.168789
0 0.334426 0.777296 0.078768 0.130208
0 0.281379 0.710986 0.114133 0.166377
0 0.241191 0.614535 0.120563 0.147087
0 0.215471 0.531346 0.136638 0.139853
0 0.211452 0.392699 0.141461 0.195312
0 0.178498 0.299865 0.126993 0.207369
0 0.165638 0.166040 0.107703 0.127797
0 0.494374 0.856867 0.099666 0.149498
0 0.575553 0.814670 0.091628 0.137442
0 0.637442 0.747155 0.115741 0.171200
0 0.669592 0.648293 0.118956 0.142265
0 0.725051 0.367380 0.120563 0.217014
0 0.740323 0.226321 0.118956 0.166377
