0 0.672311 0.380952 0.129733 0.177263
0 0.600794 0.414863 0.111774 0.151928
0 0.549394 0.441885 0.103984 0.153157
0 0.510266 0.460460 0.081925 0.145037
0 0.474213 0.463171 0.086627 0.142087
0 0.423741 0.458546 0.096330 0.143318
0 0.746452 0.363274 0.119701 0.165866
0 0.807666 0.360929 0.077962 0.151185
0 0.839920 0.357973 0.078892 0.149382
0 0.719782 0.497408 0.091109 0.141104
0 0.668558 0.502498 0.097834 0.152746
0 0.616488 0.520132 0.104121 0.168323
0 0.570718 0.524525 0.088184 0.131347
0 0.524511 0.533509 0.076184 0.111424
0 0.471565 0.531138 0.100401 0.123069
0 0.418346 0.524341 0.060494 0.101748
0 0.776689 0.476411 0.100785 0.139302
0 0.819274 0.459844 0.080394 0.132576
0 0.843437 0.454266 0.070280 0.112079
