0 0.447228 0.329658 0.105170 0.209188
0 0.367519 0.319811 0.091889 0.187586
0 0.308725 0.295391 0.095181 0.237024
0 0.267472 0.319261 0.064083 0.176045
0 0.244288 0.331401 0.052370 0.154498
0 0.206928 0.311260 0.060911 0.152447
0 0.185560 0.327584 0.041609 0.115367
0 0.534609 0.333298 0.110451 0.203501
0 0.617080 0.331469 0.081075 0.214219
0 0.670962 0.339237 0.087264 0.212086
0 0.707311 0.354633 0.070026 0.166858
0 0.733780 0.372039 0.047630 0.130845
0 0.752839 0.365641 0.030467 0.132594
0 0.772231 0.372205 0.046891 0.109680
0 0.478105 0.557945 0.064296 0.137298
0 0.527985 0.567927 0.080959 0.166065
0 0.583829 0.586947 0.080911 0.209516
0 0.628074 0.578486 0.083102 0.182581
0 0.668834 0.568725 0.056700 0.166393
0 0.706975 0.566525 0.070437 0.178616
0 0.730795 0.536160 0.046969 0.134345
0 0.425441 0.560226 0.067966 0.152693
0 0.372136 0.547181 0.075061 0.154116
0 0.312999 0.566306 0.093083 0.199371
0 0.273865 0.551990 0.091642 0.180531
0 0.256821 0.523141 0.063348 0.132568
0 0.225817 0.523235 0.094823 0.159503
0 0.202646 0.490052 0.079768 0.131967
