0 0.532974 0.256683 0.117815 0.166883
0 0.476366 0.254041 0.114077 0.167233
0 0.410070 0.281270 0.120245 0.163968
0 0.342321 0.352640 0.135892 0.173014
0 0.301002 0.452793 0.131378 0.144601
0 0.250003 0.569044 0.166434 0.212678
0 0.192678 0.705237 0.188097 0.206988
0 0.597636 0.268549 0.120025 0.159346
0 0.648931 0.300112 0.134087 0.193220
0 0.700445 0.369912 0.108315 0.183166
0 0.706170 0.472551 0.132918 0.176957
0 0.704557 0.586153 0.127177 0.164298
0 0.711033 0.712742 0.179326 0.230289
0 0.713429 0.872272 0.174824 0.227044
