0 0.537673 0.511861 0.141392 0.172928
0 0.466838 0.500311 0.107113 0.159311
0 0.410944 0.476888 0.103441 0.159989
0 0.365986 0.482682 0.086497 0.136520
0 0.330661 0.473303 0.072650 0.127062
0 0.300462 0.458981 0.088484 0.142622
0 0.628700 0.531356 0.123254 0.150320
0 0.698402 0.540077 0.098687 0.149858
0 0.762207 0.543744 0.099722 0.156390
0 0.801311 0.544014 0.072807 0.116366
0 0.832878 0.543091 0.065384 0.131357
0 0.869520 0.549152 0.072558 0.145720
0 0.899094 0.539671 0.054563 0.121805
0 0.537260 0.601348 0.080808 0.092649
0 0.481404 0.593016 0.086529 0.110212
0 0.429116 0.591431 0.086002 0.113067
0 0.377390 0.576542 0.076111 0.112481
0 0.332827 0.568454 0.068917 0.110361
0 0.293780 0.559694 0.071957 0.107904
0 0.270059 0.496444 0.071753 0.122078
0 0.589538 0.596493 0.078778 0.104575
0 0.638979 0.607929 0.066684 0.086983
0 0.688349 0.626308 0.082878 0.105714
0 0.741466 0.637297 0.087459 0.119177
0 0.784026 0.630388 0.064240 0.117949
0 0.823804 0.631279 0.077619 0.112719
0 0.864057 0.608037 0.045093 0.062009
