0 0.363754 0.067178 0.089963 0.131244
0 0.334059 0.096565 0.113244 0.185630
0 0.252544 0.096746 0.102185 0.168064
0 0.247743 0.224721 0.135933 0.158726
0 0.226049 0.333123 0.133364 0.153717
0 0.178934 0.455007 0.168564 0.227545
0 0.159345 0.636630 0.151189 0.227241
0 0.428373 0.071017 0.096755 0.141290
0 0.486799 0.075926 0.101087 0.151852
0 0.562919 0.051699 0.106050 0.103398
0 0.604131 0.112338 0.119321 0.154713
0 0.660667 0.198267 0.122669 0.204408
0 0.741193 0.307369 0.164990 0.259746
0 0.778594 0.482410 0.176772 0.223965
0 0.821515 0.641834 0.139325 0.210903
