0 0.382295 0.401805 0.075407 0.156513
0 0.323986 0.372869 0.071023 0.188079
0 0.286283 0.375500 0.030689 0.088121
0 0.270062 0.367608 0.028058 0.119686
0 0.258225 0.366951 0.034196 0.086806
0 0.600186 0.408381 0.069269 0.177557
0 0.659371 0.402462 0.073653 0.192024
0 0.707597 0.422848 0.038580 0.109165
0 0.731271 0.397859 0.038580 0.143361
0 0.757576 0.394571 0.035073 0.110480
0 0.522487 0.552910 0.058422 0.171958
0 0.578428 0.571925 0.079916 0.205026
0 0.635747 0.560351 0.066689 0.165344
0 0.669643 0.532655 0.078263 0.146329
0 0.728064 0.514881 0.068342 0.138889
0 0.469852 0.547123 0.049052 0.160384
0 0.421076 0.535962 0.055115 0.162864
0 0.367890 0.530175 0.068893 0.152943
0 0.319665 0.525628 0.068342 0.150463
0 0.291832 0.487186 0.042438 0.111607
0 0.263999 0.468171 0.049603 0.118221
