0 0.403422 0.856493 0.127149 0.169294
0 0.340819 0.796594 0.102663 0.140905
0 0.284463 0.714068 0.135644 0.174667
0 0.241915 0.627102 0.128019 0.154555
0 0.202031 0.543713 0.139161 0.147746
0 0.198139 0.406406 0.155836 0.215151
0 0.157349 0.305721 0.136291 0.187021
0 0.140538 0.174047 0.114841 0.153864
0 0.505246 0.861067 0.109029 0.168344
0 0.585019 0.807333 0.108511 0.158460
0 0.644747 0.733590 0.131350 0.186762
0 0.673013 0.626808 0.138161 0.160014
0 0.721993 0.347981 0.139234 0.211816
0 0.725060 0.201639 0.128148 0.157025
