0 0.466146 0.463542 0.108724 0.234954
0 0.385742 0.476273 0.082031 0.211806
0 0.336914 0.491319 0.062500 0.184028
0 0.300130 0.490162 0.052734 0.193287
0 0.276042 0.490162 0.055339 0.186343
0 0.245130 0.492699 0.058619 0.179843
0 0.210537 0.482550 0.051683 0.154558
0 0.543144 0.461996 0.113495 0.250138
0 0.618658 0.486484 0.078125 0.203853
0 0.664651 0.492832 0.046623 0.197133
0 0.701823 0.502165 0.047043 0.169504
0 0.727445 0.501045 0.035282 0.168757
0 0.764617 0.465950 0.060904 0.155317
0 0.795489 0.432721 0.036962 0.144116
0 0.528352 0.601478 0.059644 0.190412
0 0.580435 0.620520 0.061324 0.216547
0 0.630628 0.622013 0.061744 0.140382
0 0.667591 0.610439 0.056704 0.145609
0 0.700353 0.601478 0.041583 0.121714
0 0.783518 0.534648 0.104587 0.191159
0 0.478999 0.589158 0.060064 0.171744
0 0.426285 0.594385 0.069724 0.171744
0 0.374202 0.602599 0.064684 0.155317
0 0.337660 0.596251 0.047883 0.142622
0 0.309938 0.619026 0.042843 0.144863
0 0.262475 0.611559 0.078125 0.168757
0 0.217112 0.564143 0.031922 0.102300
