0 0.387783 0.858722 0.128844 0.179812
0 0.339882 0.803779 0.098073 0.146899
0 0.282258 0.774542 0.097395 0.148002
0 0.271509 0.659116 0.142921 0.163608
0 0.254865 0.552615 0.125745 0.162105
0 0.242748 0.425857 0.154227 0.230851
0 0.246426 0.280415 0.137700 0.174775
0 0.468031 0.858661 0.117299 0.171827
0 0.533251 0.810074 0.088129 0.148353
0 0.593117 0.804690 0.095487 0.135049
0 0.620226 0.706148 0.126038 0.138884
0 0.643726 0.594898 0.134216 0.134950
0 0.680059 0.449363 0.147635 0.217488
0 0.697558 0.325785 0.128419 0.148391
