0 0.477250 0.089603 0.101564 0.141813
0 0.427207 0.131908 0.097564 0.140242
0 0.388916 0.185326 0.113150 0.171789
0 0.354883 0.282986 0.111152 0.160076
0 0.332318 0.385320 0.116420 0.144525
0 0.296499 0.686033 0.155706 0.255635
0 0.302187 0.848316 0.147228 0.182273
0 0.535980 0.085195 0.087770 0.134611
0 0.601239 0.090684 0.097728 0.134508
0 0.660701 0.104427 0.108906 0.167892
0 0.724521 0.178278 0.091444 0.125795
0 0.767031 0.284357 0.127926 0.166440
0 0.807168 0.431258 0.172319 0.245878
0 0.887480 0.740346 0.138695 0.203232
