0 0.419624 0.383054 0.091628 0.161555
0 0.357735 0.385465 0.067515 0.151910
0 0.311921 0.385465 0.062693 0.156732
0 0.279771 0.368586 0.036973 0.118152
0 0.266911 0.369792 0.053048 0.125386
0 0.238780 0.363764 0.038580 0.113329
0 0.497589 0.378231 0.083591 0.142265
0 0.563497 0.369792 0.064300 0.144676
0 0.616544 0.339651 0.061085 0.171200
0 0.655125 0.337240 0.041795 0.142265
0 0.691294 0.310716 0.062693 0.113329
0 0.519290 0.560282 0.062693 0.139853
0 0.568319 0.547020 0.061085 0.142265
0 0.610918 0.540992 0.059478 0.130208
0 0.645418 0.524113 0.062322 0.128354
0 0.656547 0.481452 0.085569 0.099418
0 0.671880 0.438791 0.094472 0.122418
0 0.704525 0.373130 0.073698 0.099418
0 0.470076 0.579015 0.051935 0.134289
0 0.421850 0.576790 0.060343 0.152095
0 0.382775 0.570854 0.051440 0.143192
0 0.339496 0.550080 0.051935 0.122418
0 0.327625 0.527822 0.071720 0.132805
0 0.309077 0.493694 0.092988 0.120934
0 0.283357 0.436936 0.063311 0.069741
