0 0.487542 0.254051 0.086806 0.149498
0 0.432485 0.263093 0.082787 0.150704
0 0.374212 0.302879 0.090021 0.145882
0 0.323576 0.385465 0.104488 0.151910
0 0.304286 0.490355 0.106096 0.122975
0 0.278967 0.612727 0.127797 0.186873
0 0.251640 0.755594 0.151910 0.176022
0 0.552244 0.252242 0.090824 0.141059
0 0.608105 0.272135 0.098058 0.173611
0 0.672004 0.328800 0.073142 0.168789
0 0.698528 0.426456 0.100469 0.156732
0 0.720229 0.536169 0.097254 0.144676
0 0.752379 0.656732 0.137442 0.202546
0 0.787342 0.809848 0.133423 0.200135
