0 0.506966 0.148759 0.085734 0.172004
0 0.558942 0.180105 0.080376 0.170396
0 0.616812 0.237976 0.097522 0.189686
0 0.667181 0.348090 0.123242 0.188079
0 0.710048 0.470261 0.103952 0.168789
0 0.752379 0.636638 0.147891 0.260417
0 0.770062 0.842400 0.121099 0.231481
0 0.438379 0.143133 0.087877 0.157536
0 0.384259 0.189751 0.112526 0.192901
0 0.331211 0.274145 0.128601 0.178434
0 0.270126 0.363362 0.109311 0.160751
0 0.213863 0.495981 0.127529 0.213799
0 0.169389 0.664770 0.143604 0.223444
0 0.154385 0.831147 0.113597 0.208976
