0 0.346639 0.368130 0.147901 0.215482
0 0.273477 0.389965 0.101823 0.149671
0 0.224062 0.410458 0.091232 0.147800
0 0.186355 0.404570 0.076618 0.129713
0 0.157068 0.406281 0.076352 0.138338
0 0.133457 0.395872 0.063006 0.117369
0 0.438905 0.352725 0.145018 0.201183
0 0.520008 0.346613 0.111204 0.142286
0 0.579112 0.334065 0.099356 0.147654
0 0.617434 0.307354 0.077462 0.133244
0 0.649322 0.287301 0.081151 0.139928
0 0.676397 0.263604 0.066616 0.124642
0 0.476207 0.573738 0.091397 0.156913
0 0.529893 0.563463 0.097742 0.162885
0 0.578872 0.551983 0.096720 0.162611
0 0.615766 0.528122 0.095667 0.140970
0 0.651338 0.509547 0.114082 0.153024
0 0.667752 0.466511 0.133098 0.156695
0 0.693764 0.410216 0.109560 0.136149
0 0.429072 0.588011 0.102264 0.179759
0 0.380093 0.599491 0.098755 0.156036
0 0.334903 0.614888 0.100820 0.170829
0 0.290404 0.610370 0.091998 0.148530
0 0.249178 0.605796 0.089722 0.129410
0 0.231965 0.582457 0.135955 0.153189
0 0.194378 0.542382 0.091957 0.120041
