0 0.426878 0.413218 0.127147 0.204850
0 0.293221 0.421160 0.128235 0.209862
0 0.232181 0.445361 0.105836 0.223552
0 0.172746 0.431037 0.109845 0.221284
0 0.520341 0.411889 0.115994 0.196833
0 0.602553 0.419311 0.106598 0.222353
0 0.664174 0.415691 0.084488 0.210046
0 0.720899 0.434232 0.100189 0.241836
0 0.444945 0.543696 0.090944 0.175702
0 0.326339 0.533744 0.116124 0.199318
0 0.518083 0.550020 0.085279 0.177882
0 0.565021 0.549366 0.076591 0.153892
0 0.619173 0.561545 0.058443 0.154180
0 0.671451 0.569890 0.097679 0.162430
