0 0.454186 0.877363 0.124582 0.168789
0 0.366175 0.853853 0.091628 0.150704
0 0.310314 0.785735 0.102077 0.178434
0 0.299061 0.648896 0.131012 0.184462
0 0.257266 0.534361 0.126190 0.191696
0 0.220293 0.414400 0.148695 0.245949
0 0.182919 0.272738 0.141461 0.215808
0 0.168451 0.139516 0.102881 0.151910
0 0.551038 0.873746 0.135031 0.168789
0 0.632218 0.827329 0.114133 0.165172
0 0.690490 0.744141 0.118152 0.172405
0 0.694911 0.603684 0.126993 0.173611
0 0.709780 0.487944 0.145480 0.161555
0 0.725051 0.354118 0.163162 0.221836
0 0.753183 0.197989 0.142265 0.191696
