0 0.453940 0.407426 0.075294 0.174545
0 0.398870 0.398092 0.062226 0.154010
0 0.356556 0.385958 0.064715 0.176411
0 0.325754 0.391092 0.064093 0.147476
0 0.289974 0.357956 0.039825 0.111074
0 0.527056 0.405559 0.082139 0.183878
0 0.587415 0.411160 0.058493 0.152143
0 0.637507 0.396692 0.056626 0.173611
0 0.667376 0.402292 0.042936 0.136275
0 0.691955 0.400892 0.053515 0.140942
0 0.716846 0.418160 0.056004 0.181078
0 0.738625 0.368224 0.032358 0.101740
0 0.532345 0.624907 0.052892 0.142809
0 0.565636 0.603439 0.053515 0.140942
0 0.602972 0.605305 0.048536 0.135342
0 0.630351 0.604839 0.046047 0.115741
0 0.493143 0.603905 0.052892 0.128808
0 0.455807 0.605305 0.050403 0.150276
0 0.414427 0.601572 0.056004 0.150276
0 0.383625 0.584304 0.054137 0.138142
0 0.311131 0.503566 0.098317 0.131608
