0 0.385437 0.159208 0.074946 0.117269
0 0.349419 0.192304 0.090490 0.122624
0 0.294848 0.215915 0.092235 0.145062
0 0.268827 0.309721 0.106641 0.132292
0 0.256688 0.403226 0.123554 0.167429
0 0.246447 0.531094 0.143493 0.204049
0 0.275971 0.819381 0.135848 0.179725
0 0.432218 0.142739 0.081906 0.126702
0 0.470933 0.165332 0.080733 0.123367
0 0.528232 0.161127 0.086486 0.144254
0 0.583524 0.239108 0.104676 0.138356
0 0.632387 0.313046 0.121736 0.154492
0 0.677134 0.425490 0.161345 0.210785
0 0.722229 0.566470 0.132333 0.189799
0 0.763221 0.717371 0.122875 0.172618
