0 0.497673 0.184429 0.080550 0.126303
0 0.454884 0.198346 0.088313 0.127533
0 0.403541 0.200959 0.090558 0.122590
0 0.355803 0.266225 0.097655 0.125985
0 0.322143 0.354813 0.102584 0.125251
0 0.279636 0.443990 0.132831 0.179245
0 0.539042 0.202920 0.073279 0.128180
0 0.576548 0.239106 0.088974 0.141263
0 0.618227 0.264013 0.101149 0.141678
0 0.628101 0.359098 0.108569 0.137554
0 0.629277 0.457183 0.147281 0.155797
0 0.622847 0.581523 0.149853 0.203893
0 0.616680 0.682425 0.097573 0.074498
0 0.252432 0.532009 0.106196 0.081162
