0 0.429513 0.876486 0.135175 0.181214
0 0.336659 0.849938 0.099911 0.161436
0 0.278709 0.776702 0.111499 0.191021
0 0.269314 0.631449 0.142281 0.197946
0 0.227131 0.509273 0.137303 0.205525
0 0.190161 0.381435 0.162161 0.263448
0 0.153166 0.230588 0.153936 0.231366
0 0.140296 0.089110 0.111860 0.162922
0 0.532240 0.874444 0.146250 0.181408
0 0.619145 0.826746 0.124033 0.177187
0 0.682451 0.739647 0.128426 0.184929
0 0.689735 0.590851 0.137820 0.186371
0 0.707638 0.468445 0.157192 0.173933
0 0.726301 0.326878 0.177050 0.238157
0 0.759007 0.161907 0.154342 0.205822
