0 0.575133 0.149231 0.109815 0.157567
0 0.518882 0.158180 0.121748 0.155683
0 0.459302 0.174104 0.122879 0.160583
0 0.381686 0.243929 0.139525 0.169065
0 0.334766 0.344714 0.172912 0.196489
0 0.261544 0.443942 0.170910 0.244737
0 0.182078 0.605601 0.141040 0.215805
0 0.627689 0.174913 0.111356 0.177639
0 0.674809 0.214825 0.118295 0.164164
0 0.710965 0.278012 0.112675 0.173304
0 0.712819 0.383605 0.132304 0.181315
0 0.713289 0.508234 0.148352 0.183860
0 0.708841 0.650437 0.178195 0.239460
0 0.688671 0.814173 0.146067 0.230883
