0 0.580681 0.197729 0.080206 0.111984
0 0.531202 0.212957 0.075572 0.113846
0 0.496469 0.271348 0.080509 0.114453
0 0.467843 0.348033 0.084233 0.105183
0 0.443201 0.412676 0.094714 0.111333
0 0.420182 0.491302 0.108529 0.144643
0 0.395042 0.587212 0.119919 0.158200
0 0.645252 0.195632 0.086702 0.151690
0 0.685528 0.228146 0.074576 0.145337
0 0.722578 0.266529 0.086226 0.134609
0 0.739598 0.338794 0.102249 0.146303
0 0.757960 0.413730 0.098178 0.126349
0 0.762983 0.502065 0.123210 0.158604
0 0.775326 0.598818 0.119486 0.167874
