0 0.442773 0.469136 0.135031 0.227623
0 0.359182 0.491319 0.101595 0.194830
0 0.314815 0.511574 0.087449 0.162037
0 0.281379 0.530864 0.056584 0.138889
0 0.548685 0.457975 0.146054 0.209436
0 0.644676 0.480021 0.101044 0.201168
0 0.709436 0.492422 0.070730 0.173611
0 0.764091 0.504823 0.062463 0.154321
0 0.801293 0.521357 0.045010 0.135031
0 0.824258 0.506889 0.039499 0.136409
0 0.849978 0.490355 0.039499 0.100584
0 0.570730 0.648121 0.081753 0.184634
0 0.623549 0.654321 0.084509 0.191523
0 0.681878 0.659144 0.068893 0.190146
0 0.740667 0.669478 0.085428 0.177745
0 0.778329 0.670166 0.061545 0.143298
0 0.801293 0.644676 0.067056 0.152943
0 0.511023 0.659144 0.081753 0.184634
0 0.449938 0.655699 0.101044 0.169478
0 0.397119 0.663966 0.079916 0.169478
0 0.346598 0.674989 0.063382 0.163966
0 0.313988 0.663277 0.051440 0.146054
0 0.285971 0.663277 0.050522 0.165344
0 0.258873 0.621982 0.036689 0.141272
0 0.825563 0.612441 0.057870 0.122340
0 0.840792 0.545179 0.022674 0.049748
0 0.254489 0.511627 0.038580 0.124290
0 0.235966 0.518860 0.022140 0.082860
0 0.217553 0.496501 0.032223 0.071680
