0 0.456057 0.411375 0.152232 0.215726
0 0.371905 0.393488 0.122480 0.182236
0 0.308838 0.395880 0.116829 0.192920
0 0.266728 0.404585 0.096610 0.156363
0 0.231763 0.397153 0.066429 0.126178
0 0.208763 0.382972 0.092952 0.165773
0 0.557557 0.429232 0.152988 0.219282
0 0.639011 0.453980 0.115266 0.190890
0 0.688215 0.487670 0.094086 0.171107
0 0.724588 0.476816 0.080190 0.174945
0 0.741963 0.479580 0.068389 0.167343
0 0.757852 0.492250 0.052103 0.133320
0 0.508174 0.612023 0.103946 0.174901
0 0.568509 0.634140 0.115369 0.180725
0 0.625631 0.671372 0.110474 0.194965
0 0.673642 0.661133 0.091062 0.156882
0 0.706201 0.685710 0.098570 0.197528
0 0.729236 0.682242 0.091081 0.194239
0 0.737010 0.648583 0.160804 0.229433
0 0.440796 0.617216 0.117053 0.209946
0 0.379292 0.618081 0.121743 0.216037
0 0.312429 0.615021 0.121313 0.219341
0 0.261249 0.602283 0.098346 0.180502
0 0.225658 0.612374 0.141738 0.235567
0 0.199008 0.565822 0.113479 0.171834
0 0.178157 0.506563 0.165251 0.181140
