0 0.367445 0.130636 0.122162 0.198203
0 0.318045 0.151671 0.132010 0.187334
0 0.280896 0.203868 0.140089 0.183870
0 0.224109 0.271726 0.135373 0.163471
0 0.239856 0.390336 0.136825 0.160483
0 0.226594 0.534915 0.228184 0.294150
0 0.209658 0.720773 0.201635 0.267900
0 0.425739 0.107218 0.123274 0.182742
0 0.484569 0.127848 0.132819 0.187551
0 0.547204 0.151358 0.144819 0.215530
0 0.628332 0.218005 0.142220 0.205829
0 0.672212 0.321928 0.160471 0.192709
0 0.735994 0.428967 0.218617 0.272451
0 0.824171 0.576911 0.187209 0.239271
