0 0.402427 0.453065 0.121597 0.208378
0 0.338490 0.475076 0.082872 0.153683
0 0.291820 0.482334 0.095971 0.168866
0 0.263045 0.499474 0.063897 0.126376
0 0.231579 0.491018 0.066426 0.135846
0 0.202643 0.491707 0.056471 0.114089
0 0.492523 0.441243 0.127842 0.202131
0 0.574945 0.438461 0.112375 0.193602
0 0.637734 0.446565 0.092503 0.165050
0 0.674504 0.464462 0.053816 0.125316
0 0.696851 0.453291 0.054917 0.135787
0 0.723850 0.441631 0.060020 0.125968
0 0.515254 0.605297 0.078342 0.154357
0 0.565292 0.596509 0.081443 0.154683
0 0.617226 0.594579 0.073975 0.149296
0 0.655449 0.585269 0.070590 0.131682
0 0.682224 0.567751 0.067652 0.125620
0 0.724670 0.565054 0.073286 0.113556
0 0.460830 0.602195 0.073895 0.141233
0 0.411119 0.610361 0.075037 0.144805
0 0.360571 0.618026 0.073689 0.153868
0 0.316269 0.617977 0.072019 0.130681
0 0.284681 0.608358 0.074142 0.121700
0 0.237359 0.605686 0.082997 0.132986
