0 0.446032 0.396403 0.119841 0.231010
0 0.311111 0.410692 0.110317 0.176235
0 0.285317 0.426172 0.128571 0.154801
0 0.206349 0.442247 0.089683 0.158373
0 0.544841 0.405929 0.131746 0.228629
0 0.634524 0.410097 0.096825 0.191715
0 0.701587 0.399380 0.084921 0.191715
0 0.748016 0.413074 0.058730 0.171471
0 0.773810 0.436294 0.057937 0.155991
0 0.801190 0.436889 0.034921 0.150038
0 0.452381 0.642297 0.088095 0.203622
0 0.386111 0.625031 0.092063 0.190524
0 0.330952 0.658373 0.072222 0.126222
0 0.290079 0.636344 0.106349 0.163136
0 0.232540 0.647061 0.054762 0.098834
0 0.506746 0.617887 0.077778 0.216721
0 0.560714 0.649442 0.065079 0.165518
0 0.681746 0.639916 0.108730 0.175044
0 0.721429 0.609551 0.069048 0.138130
