0 0.477282 0.470511 0.135690 0.248116
0 0.416195 0.487746 0.101574 0.216700
0 0.370526 0.519304 0.115517 0.214741
0 0.337258 0.548088 0.083717 0.168271
0 0.303329 0.539379 0.081928 0.193356
0 0.276942 0.543445 0.100004 0.204275
0 0.251459 0.552639 0.090683 0.158456
0 0.556851 0.469996 0.131153 0.232959
0 0.629197 0.486621 0.108550 0.224556
0 0.674643 0.525031 0.105698 0.211905
0 0.707055 0.545759 0.099803 0.203135
0 0.736322 0.492413 0.064271 0.146068
0 0.770249 0.422379 0.084358 0.168384
0 0.501045 0.580909 0.087323 0.097122
0 0.445528 0.595987 0.086969 0.109208
