0 0.473380 0.332755 0.114198 0.241898
0 0.392361 0.342014 0.094136 0.204861
0 0.321373 0.328125 0.109568 0.237269
0 0.257716 0.339120 0.079475 0.215278
0 0.197531 0.347801 0.105710 0.186343
0 0.142747 0.337963 0.067130 0.203704
0 0.570602 0.334491 0.126543 0.217593
0 0.657180 0.347801 0.089506 0.216435
0 0.712963 0.354745 0.077932 0.200231
0 0.756559 0.358218 0.060185 0.195602
0 0.800540 0.361111 0.055556 0.189815
0 0.827466 0.363462 0.025720 0.148293
0 0.846153 0.342062 0.042197 0.159746
0 0.480143 0.662105 0.079997 0.192334
0 0.421421 0.685934 0.087373 0.214461
0 0.363834 0.685934 0.077728 0.245098
0 0.298305 0.687636 0.082834 0.202546
0 0.285823 0.630191 0.106663 0.167654
0 0.217173 0.612320 0.096451 0.164250
0 0.186819 0.562109 0.115173 0.171058
0 0.537446 0.669764 0.073189 0.185526
0 0.597302 0.677849 0.086238 0.217014
0 0.649782 0.684232 0.087940 0.248502
0 0.710206 0.668488 0.073756 0.182972
0 0.741410 0.646786 0.063544 0.159995
0 0.747367 0.617426 0.142407 0.174462
0 0.792189 0.593171 0.135598 0.165101
