0 0.437881 0.423898 0.197927 0.293293
0 0.337129 0.416098 0.166373 0.281146
0 0.245243 0.389326 0.158171 0.319759
0 0.195101 0.403645 0.136415 0.298285
0 0.159362 0.412556 0.123133 0.256456
0 0.555537 0.401228 0.201927 0.283591
0 0.639115 0.361203 0.154966 0.278302
0 0.689778 0.320903 0.135573 0.277747
0 0.729500 0.327964 0.090342 0.245071
0 0.751856 0.347414 0.063449 0.171333
0 0.758936 0.334377 0.079574 0.192771
0 0.511941 0.665055 0.136264 0.239045
0 0.449047 0.682756 0.156223 0.247588
0 0.378861 0.710354 0.153993 0.264864
0 0.313378 0.685278 0.127726 0.211951
0 0.270650 0.685328 0.118139 0.214019
0 0.581485 0.653775 0.144183 0.244586
0 0.643344 0.645421 0.140216 0.252513
0 0.703940 0.629302 0.132293 0.254104
0 0.744542 0.608576 0.102142 0.204680
0 0.757029 0.585771 0.115700 0.187554
0 0.789074 0.571218 0.126560 0.178671
