0 0.425154 0.391227 0.177066 0.290843
0 0.325955 0.408176 0.166985 0.237391
0 0.230716 0.391488 0.161961 0.302211
0 0.166009 0.406596 0.103171 0.213005
0 0.121095 0.393822 0.076726 0.200731
0 0.079717 0.348954 0.080521 0.192631
0 0.051565 0.322115 0.063957 0.150833
0 0.532383 0.371305 0.157755 0.279958
0 0.624657 0.358337 0.139209 0.265017
0 0.698082 0.363416 0.125262 0.282792
0 0.748064 0.378204 0.091698 0.231204
0 0.778041 0.366293 0.060166 0.182369
0 0.798144 0.323690 0.076014 0.172262
0 0.811203 0.270529 0.048545 0.128932
0 0.544293 0.627053 0.129925 0.276693
0 0.609361 0.611798 0.124668 0.267143
0 0.681948 0.613817 0.102590 0.249357
0 0.728803 0.595775 0.110104 0.240134
0 0.778860 0.590517 0.101675 0.189249
0 0.794776 0.498670 0.130427 0.222114
0 0.820700 0.415179 0.070571 0.145997
0 0.473790 0.628352 0.132398 0.263891
0 0.408493 0.637529 0.131043 0.260898
0 0.329724 0.644225 0.124324 0.279576
0 0.253433 0.623597 0.140122 0.252362
0 0.181855 0.581165 0.097720 0.209961
0 0.125119 0.526160 0.099259 0.188686
0 0.080319 0.462953 0.092603 0.160077
