0 0.465327 0.866155 0.113345 0.150260
0 0.399348 0.855966 0.114758 0.167397
0 0.339678 0.765079 0.116665 0.150846
0 0.310057 0.665041 0.135020 0.163732
0 0.265600 0.534245 0.167822 0.212941
0 0.216238 0.390193 0.164749 0.195512
0 0.193553 0.276097 0.155378 0.169734
0 0.544051 0.861259 0.110368 0.142498
0 0.604083 0.813448 0.101533 0.128878
0 0.636779 0.731947 0.112220 0.162124
0 0.639233 0.639090 0.131947 0.146303
0 0.647599 0.511817 0.156834 0.232716
0 0.667050 0.369752 0.155078 0.222756
0 0.665017 0.241744 0.135267 0.146888
