0 0.493693 0.345683 0.066025 0.090644
0 0.454925 0.347024 0.066662 0.103425
0 0.412889 0.369145 0.071884 0.126225
0 0.384292 0.400802 0.082183 0.116712
0 0.358216 0.456555 0.096466 0.118213
0 0.312485 0.527574 0.106760 0.148962
0 0.285041 0.613513 0.094697 0.134980
0 0.535186 0.342461 0.062416 0.096622
0 0.573787 0.353018 0.058659 0.087750
0 0.597373 0.369037 0.054185 0.098935
0 0.606754 0.396562 0.080302 0.132407
0 0.615332 0.459207 0.060763 0.094329
0 0.645615 0.521425 0.082744 0.142200
0 0.657184 0.607132 0.075641 0.135096
