0 0.468187 0.264982 0.169668 0.259499
0 0.348277 0.288239 0.109306 0.237466
0 0.270784 0.312720 0.097886 0.247258
0 0.218579 0.327409 0.081571 0.237466
0 0.169636 0.324961 0.065257 0.198296
0 0.616647 0.279671 0.146829 0.239914
0 0.730031 0.299256 0.102780 0.249706
0 0.794473 0.324961 0.081571 0.271739
0 0.834443 0.345770 0.057100 0.230121
0 0.863808 0.356786 0.050574 0.183608
0 0.897253 0.334753 0.045680 0.168919
0 0.920908 0.326185 0.027734 0.161575
0 0.112536 0.296808 0.127251 0.186056
0 0.582387 0.653006 0.097886 0.237466
0 0.647644 0.626077 0.091360 0.237466
0 0.727584 0.644438 0.084834 0.274187
0 0.769186 0.629749 0.089729 0.220329
0 0.814265 0.623106 0.080369 0.192756
0 0.812547 0.575175 0.157991 0.202033
0 0.845176 0.529820 0.151809 0.179356
0 0.864409 0.470551 0.114715 0.118540
0 0.496222 0.643206 0.088612 0.222648
0 0.407953 0.626714 0.096168 0.208217
0 0.325180 0.649391 0.089986 0.226771
0 0.269883 0.618983 0.087925 0.203063
0 0.220768 0.599398 0.102351 0.184509
0 0.190200 0.545798 0.182720 0.198940
0 0.112235 0.510236 0.085865 0.158740
0 0.121852 0.436020 0.120210 0.121632
