0 0.426203 0.411159 0.124440 0.183373
0 0.361589 0.396276 0.084677 0.161470
0 0.320203 0.400770 0.076287 0.138300
0 0.291455 0.399264 0.062668 0.146364
0 0.273808 0.399221 0.040875 0.110110
0 0.256554 0.391697 0.051574 0.113304
0 0.240858 0.382490 0.040038 0.127622
0 0.519022 0.412514 0.114804 0.158752
0 0.587546 0.401542 0.077361 0.169956
0 0.641366 0.401714 0.081996 0.157910
0 0.665335 0.398999 0.053822 0.145022
0 0.691604 0.397286 0.042787 0.124255
0 0.721832 0.387396 0.060539 0.139230
0 0.744350 0.389900 0.031534 0.110498
0 0.457413 0.633913 0.071923 0.188983
0 0.414199 0.633413 0.087051 0.198554
0 0.369363 0.630181 0.073557 0.197846
0 0.324214 0.604867 0.071989 0.167919
0 0.303523 0.574891 0.059572 0.141351
0 0.278849 0.558268 0.056787 0.126975
0 0.266189 0.523623 0.065755 0.110675
0 0.509062 0.639190 0.080475 0.181641
0 0.549227 0.632193 0.080306 0.196839
0 0.609324 0.647722 0.094288 0.214952
0 0.643463 0.602908 0.085919 0.156580
0 0.664523 0.566875 0.074080 0.124096
0 0.691394 0.544982 0.073678 0.098004
