0 0.407314 0.864394 0.136590 0.182775
0 0.317629 0.826219 0.102818 0.171207
0 0.266220 0.755654 0.120080 0.192030
0 0.235074 0.641130 0.174866 0.192030
0 0.215562 0.552635 0.167361 0.172364
0 0.206180 0.430013 0.193628 0.179305
0 0.203929 0.355978 0.162107 0.105269
0 0.513509 0.875383 0.143345 0.186246
0 0.612199 0.860345 0.124583 0.179305
0 0.688375 0.800191 0.132838 0.220950
0 0.729277 0.709960 0.135089 0.234831
0 0.771680 0.627827 0.150850 0.204754
0 0.804327 0.545115 0.150099 0.201284
0 0.821213 0.446787 0.150850 0.150385
