0 0.370421 0.454990 0.234231 0.357307
0 0.261047 0.483135 0.144433 0.281330
0 0.173777 0.449382 0.125595 0.263479
0 0.520401 0.449740 0.240439 0.310216
0 0.640458 0.392313 0.179932 0.284750
0 0.718628 0.372695 0.153729 0.275305
0 0.760587 0.325967 0.117576 0.220870
0 0.412746 0.639365 0.147479 0.200193
0 0.328358 0.645493 0.136338 0.210076
0 0.239246 0.649587 0.158805 0.253872
0 0.502194 0.611280 0.112803 0.163993
0 0.571474 0.605834 0.135866 0.180352
0 0.654801 0.597687 0.153040 0.270960
0 0.720805 0.562182 0.124573 0.229390
0 0.124504 0.436849 0.077160 0.209865
0 0.093943 0.384180 0.056238 0.192878
0 0.062638 0.377702 0.082988 0.212653
