0 0.406636 0.751157 0.105710 0.150463
0 0.361497 0.718750 0.080247 0.148148
0 0.325617 0.657986 0.071759 0.128472
0 0.307485 0.568287 0.084877 0.120370
0 0.292052 0.491319 0.098765 0.100694
0 0.286651 0.395255 0.125000 0.174769
0 0.275849 0.266782 0.108025 0.130787
0 0.481481 0.762731 0.088735 0.127315
0 0.542438 0.746528 0.073302 0.108796
0 0.584105 0.694444 0.084105 0.115741
0 0.612654 0.613426 0.082562 0.125000
0 0.639275 0.539931 0.081790 0.098380
0 0.661651 0.443287 0.111111 0.173611
0 0.691358 0.326968 0.111883 0.184028
