0 0.373515 0.848998 0.181335 0.230754
0 0.309606 0.784172 0.134456 0.179996
0 0.258334 0.694978 0.149448 0.181753
0 0.258798 0.557821 0.180968 0.197134
0 0.258928 0.433077 0.191852 0.229328
0 0.286954 0.263224 0.219932 0.270648
0 0.287451 0.102368 0.129048 0.144239
0 0.475103 0.871864 0.181034 0.241107
0 0.543886 0.890225 0.102570 0.130994
0 0.604587 0.819676 0.134556 0.204309
0 0.665838 0.739877 0.103004 0.153059
0 0.705536 0.649026 0.181803 0.205395
0 0.758505 0.517709 0.184508 0.195509
0 0.800706 0.356225 0.214623 0.286969
0 0.865329 0.248384 0.162503 0.213211
