0 0.467773 0.078704 0.104167 0.150463
0 0.402018 0.109954 0.092448 0.162037
0 0.362956 0.191551 0.105469 0.167824
0 0.338542 0.294560 0.116536 0.153935
0 0.314453 0.413194 0.124349 0.157407
0 0.294596 0.549190 0.125000 0.223380
0 0.269857 0.712963 0.127604 0.219907
0 0.244141 0.838542 0.110026 0.188657
0 0.554688 0.086806 0.097005 0.171296
0 0.617513 0.122106 0.074219 0.172454
0 0.665690 0.194444 0.095052 0.175926
0 0.684896 0.324074 0.116536 0.159722
0 0.708333 0.425926 0.115234 0.152778
0 0.720703 0.572338 0.133464 0.216435
0 0.745443 0.737269 0.125651 0.199074
0 0.755208 0.867477 0.116536 0.184028
