0 0.482224 0.810520 0.116677 0.140483
0 0.412133 0.798175 0.099811 0.125601
0 0.354539 0.733540 0.119483 0.156515
0 0.303868 0.633306 0.130012 0.156992
0 0.252800 0.540770 0.151920 0.201120
0 0.196573 0.435298 0.145834 0.186040
0 0.165399 0.331649 0.128053 0.142865
0 0.568674 0.794949 0.112921 0.139372
0 0.630549 0.749149 0.094877 0.117625
0 0.655859 0.670495 0.113028 0.151118
0 0.662727 0.555890 0.122127 0.145404
0 0.663219 0.448190 0.159329 0.210644
0 0.664796 0.332634 0.144935 0.187786
0 0.639785 0.224301 0.144138 0.150486
