0 0.458350 0.906281 0.150482 0.187438
0 0.376868 0.840502 0.134770 0.206109
0 0.322673 0.742944 0.133347 0.199593
0 0.315729 0.604735 0.151025 0.167901
0 0.293257 0.495673 0.155925 0.184949
0 0.292431 0.332036 0.203496 0.270929
0 0.290066 0.151388 0.181761 0.256243
0 0.274789 0.040194 0.142703 0.080387
0 0.562646 0.901846 0.149410 0.196309
0 0.640922 0.873340 0.131405 0.196866
0 0.716998 0.794968 0.115385 0.189072
0 0.758483 0.681765 0.135864 0.160182
0 0.807077 0.576325 0.156263 0.188814
0 0.837818 0.412853 0.175047 0.267162
0 0.882376 0.244749 0.173539 0.240183
0 0.917126 0.124467 0.106497 0.116704
