0 0.351690 0.781276 0.158622 0.202697
0 0.304684 0.707260 0.127733 0.166757
0 0.274203 0.610663 0.143384 0.185622
0 0.295329 0.489213 0.163574 0.180115
0 0.304891 0.368865 0.208094 0.231065
0 0.290957 0.246862 0.183771 0.218671
0 0.306711 0.148684 0.130706 0.101352
0 0.455560 0.821283 0.145357 0.184383
0 0.537251 0.796777 0.132139 0.171163
0 0.605384 0.749343 0.149170 0.210683
0 0.663611 0.646829 0.162521 0.195124
0 0.731637 0.539978 0.197682 0.264249
0 0.807325 0.446208 0.189604 0.248827
0 0.840314 0.335982 0.167060 0.170752
