0 0.514164 0.891837 0.123859 0.163964
0 0.435594 0.844396 0.105120 0.145221
0 0.377205 0.771640 0.107264 0.167621
0 0.337612 0.652485 0.127620 0.178500
0 0.313448 0.528992 0.148417 0.164393
0 0.288728 0.387062 0.158681 0.250077
0 0.261931 0.238514 0.159305 0.235618
0 0.253276 0.106078 0.147292 0.099915
0 0.610131 0.872452 0.138076 0.174736
0 0.699552 0.825969 0.093924 0.156864
0 0.771313 0.735741 0.124089 0.177123
0 0.797972 0.615768 0.138007 0.170788
0 0.832872 0.501203 0.144170 0.172211
0 0.866532 0.331992 0.166689 0.256794
