0 0.498843 0.869213 0.117284 0.159722
0 0.423997 0.844907 0.094136 0.157407
0 0.373843 0.745949 0.098765 0.170139
0 0.346836 0.634259 0.118827 0.136574
0 0.322917 0.524306 0.128086 0.157407
0 0.306327 0.373843 0.153549 0.238426
0 0.276620 0.252315 0.134259 0.157407
0 0.587577 0.855903 0.126543 0.170139
0 0.652778 0.804398 0.094907 0.150463
0 0.706404 0.730903 0.103395 0.133102
0 0.727623 0.612269 0.122685 0.145833
0 0.753472 0.504630 0.134259 0.155093
0 0.771991 0.371528 0.154321 0.233796
0 0.798997 0.236690 0.140432 0.170139
