0 0.448891 0.384420 0.168643 0.216787
0 0.387825 0.412324 0.121692 0.168723
0 0.333032 0.404266 0.098164 0.192244
0 0.313714 0.426550 0.061745 0.124092
0 0.260141 0.368346 0.064571 0.077729
0 0.531478 0.377859 0.129083 0.184636
0 0.587592 0.360002 0.104768 0.170210
0 0.634397 0.362501 0.100711 0.178085
0 0.662343 0.339943 0.081239 0.177366
0 0.683367 0.339991 0.063948 0.157010
0 0.700981 0.339426 0.067802 0.159158
0 0.597477 0.609121 0.091229 0.140649
0 0.645338 0.595970 0.086420 0.130727
0 0.670027 0.573463 0.084784 0.145456
0 0.696353 0.551979 0.090922 0.139320
0 0.735945 0.541438 0.078303 0.113748
0 0.742438 0.506214 0.110955 0.148007
0 0.730794 0.435691 0.113165 0.136673
0 0.547824 0.617763 0.091775 0.146650
0 0.505804 0.630447 0.093373 0.156670
0 0.462041 0.645919 0.095319 0.149613
0 0.418001 0.642963 0.086371 0.132534
0 0.396649 0.638348 0.094039 0.119292
0 0.360349 0.594829 0.133809 0.155282
0 0.319138 0.521425 0.134478 0.173666
