0 0.452807 0.383813 0.147794 0.193426
0 0.371581 0.397244 0.113755 0.192166
0 0.311446 0.393140 0.124461 0.190018
0 0.256768 0.389039 0.114395 0.194735
0 0.224018 0.399933 0.109704 0.169476
0 0.182378 0.422592 0.124461 0.190018
0 0.553941 0.362690 0.159557 0.208404
0 0.642873 0.347337 0.137923 0.224690
0 0.705819 0.304360 0.148629 0.222541
0 0.768543 0.275080 0.116094 0.214429
0 0.815829 0.293301 0.085731 0.163499
0 0.853821 0.285193 0.097926 0.173766
0 0.887964 0.272588 0.104984 0.182753
0 0.587911 0.622950 0.099861 0.162204
0 0.643034 0.599657 0.113351 0.158341
0 0.708410 0.606547 0.129807 0.198577
0 0.755292 0.586674 0.119964 0.191305
0 0.809009 0.586922 0.110985 0.174613
0 0.836949 0.567678 0.136879 0.188296
0 0.865955 0.556354 0.140513 0.196429
0 0.528083 0.641959 0.109481 0.181465
0 0.464843 0.639993 0.116539 0.190451
0 0.405335 0.660287 0.124656 0.216564
0 0.356964 0.666890 0.125533 0.187876
0 0.316626 0.661943 0.096227 0.154072
0 0.303651 0.704737 0.127663 0.202860
0 0.272689 0.656201 0.150020 0.181359
0 0.247626 0.585514 0.152794 0.158347
