0 0.493927 0.299061 0.050011 0.080376
0 0.457133 0.322638 0.050726 0.080376
0 0.423554 0.345143 0.060728 0.097522
0 0.409979 0.405157 0.075017 0.099666
0 0.394262 0.463563 0.080733 0.100737
0 0.376043 0.542867 0.100023 0.135031
0 0.365326 0.629672 0.090021 0.111454
0 0.351752 0.715942 0.080018 0.114669
0 0.533222 0.287809 0.045725 0.075017
0 0.568944 0.310314 0.052869 0.085734
0 0.607525 0.319959 0.051440 0.096451
0 0.628601 0.370328 0.062157 0.105024
0 0.643604 0.429270 0.075017 0.113597
0 0.670396 0.497321 0.088592 0.142533
0 0.698617 0.583591 0.083591 0.132888
0 0.723980 0.673611 0.081447 0.130744
