0 0.467159 0.464462 0.135378 0.257432
0 0.385380 0.485602 0.096386 0.219987
0 0.329883 0.478880 0.087939 0.176557
0 0.280442 0.475018 0.076929 0.143108
0 0.257254 0.503042 0.054339 0.124223
0 0.230071 0.488905 0.063887 0.129781
0 0.204368 0.476116 0.070209 0.132641
0 0.568803 0.478688 0.125696 0.249339
0 0.687266 0.497610 0.114287 0.208282
0 0.741856 0.506827 0.061771 0.177715
0 0.770411 0.509595 0.046651 0.154164
0 0.803897 0.492281 0.071538 0.157997
0 0.844279 0.476599 0.054254 0.152034
0 0.533000 0.658607 0.088869 0.194307
0 0.590818 0.665451 0.080735 0.186295
0 0.646381 0.670906 0.100629 0.212624
0 0.705660 0.649858 0.075163 0.168302
0 0.740185 0.627513 0.076843 0.170919
0 0.785142 0.613342 0.106637 0.180066
0 0.833283 0.582811 0.082586 0.133290
0 0.469635 0.654015 0.092894 0.212218
0 0.407974 0.631714 0.087854 0.204368
0 0.344476 0.629658 0.100895 0.217695
0 0.296600 0.606372 0.081650 0.149930
0 0.275415 0.584340 0.076466 0.141855
0 0.242225 0.585869 0.069735 0.119395
0 0.198647 0.572471 0.076056 0.134031
