0 0.535365 0.203414 0.065908 0.101273
0 0.489551 0.223910 0.061085 0.103684
0 0.463027 0.284192 0.065908 0.103684
0 0.444541 0.361352 0.070730 0.094039
0 0.428466 0.426456 0.080376 0.098862
0 0.415606 0.504823 0.090021 0.130208
0 0.402746 0.600068 0.099666 0.142265
0 0.597254 0.193769 0.067515 0.139853
0 0.639853 0.220293 0.056263 0.135031
0 0.680041 0.252845 0.069123 0.122975
0 0.704958 0.320361 0.083591 0.132620
0 0.731481 0.390287 0.081983 0.113329
0 0.746753 0.474682 0.102881 0.142265
0 0.770062 0.566310 0.098058 0.151910
