0 0.480710 0.379264 0.108796 0.180556
0 0.417052 0.384259 0.083333 0.185185
0 0.366064 0.379522 0.076263 0.161499
0 0.328156 0.393990 0.054282 0.139293
0 0.303259 0.388270 0.042169 0.137274
0 0.278585 0.386924 0.037683 0.139966
0 0.261314 0.378176 0.026468 0.107666
0 0.550890 0.375821 0.090619 0.171592
0 0.610452 0.366175 0.076357 0.177831
0 0.656065 0.360147 0.064702 0.180242
0 0.693440 0.371902 0.035767 0.153115
0 0.712730 0.373409 0.022103 0.146484
0 0.728403 0.382149 0.026122 0.122975
0 0.742670 0.367079 0.025720 0.100068
0 0.522642 0.563899 0.068721 0.125989
0 0.466178 0.570228 0.062693 0.136236
0 0.405189 0.588011 0.069927 0.166980
0 0.365910 0.569324 0.066310 0.134428
0 0.334362 0.550637 0.049029 0.107904
0 0.313665 0.544006 0.053450 0.110315
0 0.290357 0.524113 0.059880 0.106698
0 0.271629 0.491681 0.035928 0.084997
0 0.572676 0.567853 0.063497 0.135835
0 0.627867 0.576895 0.071534 0.165975
0 0.666045 0.561624 0.066444 0.143470
0 0.698195 0.554792 0.053584 0.140255
0 0.720810 0.521855 0.079418 0.110508
0 0.728398 0.472758 0.065258 0.075108
