0 0.445760 0.911152 0.166143 0.177696
0 0.348094 0.911467 0.117707 0.170770
0 0.289172 0.811270 0.151023 0.196582
0 0.255568 0.671663 0.171254 0.189687
0 0.213790 0.545741 0.149428 0.150916
0 0.190805 0.383644 0.208460 0.302477
0 0.148677 0.231038 0.174089 0.270870
0 0.551087 0.915598 0.158160 0.168804
0 0.639102 0.901650 0.115333 0.196699
0 0.702873 0.791426 0.142571 0.198821
0 0.747348 0.656451 0.163258 0.180539
0 0.778165 0.533063 0.162815 0.167854
0 0.805224 0.358108 0.187931 0.276421
0 0.846069 0.155694 0.162588 0.259066
0 0.861870 0.058253 0.135581 0.096353
