0 0.462806 0.409066 0.132509 0.182240
0 0.393620 0.395371 0.096584 0.154285
0 0.340677 0.384526 0.106737 0.164438
0 0.303505 0.390649 0.070262 0.122225
0 0.278166 0.382549 0.055345 0.109221
0 0.249491 0.363200 0.066397 0.120591
0 0.221481 0.333732 0.067295 0.121808
0 0.556043 0.423872 0.122592 0.184119
0 0.621011 0.446052 0.082056 0.133700
0 0.674521 0.450168 0.086471 0.149591
0 0.705697 0.462492 0.068775 0.101291
0 0.735821 0.455379 0.069364 0.121008
0 0.769381 0.456124 0.065499 0.119374
0 0.806184 0.439169 0.056324 0.121357
0 0.508267 0.553893 0.082136 0.144619
0 0.561753 0.582403 0.089245 0.164161
0 0.611066 0.592170 0.084093 0.168891
0 0.652551 0.595731 0.076478 0.161276
0 0.690230 0.591381 0.074052 0.133666
0 0.723128 0.580686 0.071509 0.110402
0 0.756436 0.564374 0.064328 0.121391
0 0.446261 0.564469 0.092056 0.163466
0 0.398416 0.536185 0.080768 0.140064
0 0.351035 0.536902 0.076750 0.158042
0 0.308417 0.536019 0.080849 0.150983
0 0.278372 0.531796 0.077917 0.135300
0 0.252530 0.500363 0.092205 0.123128
0 0.239965 0.460584 0.123911 0.141764
