0 0.471451 0.476852 0.111883 0.150463
0 0.403164 0.463542 0.080247 0.144676
0 0.358410 0.476852 0.069444 0.155093
0 0.328776 0.495117 0.033517 0.125145
0 0.309066 0.481717 0.017806 0.056598
0 0.302772 0.499137 0.027557 0.098370
0 0.276943 0.486315 0.031797 0.089667
0 0.549501 0.471001 0.108775 0.151106
0 0.618891 0.470197 0.070730 0.147891
0 0.659615 0.483057 0.061085 0.170396
0 0.690573 0.497885 0.037582 0.132703
0 0.716515 0.507613 0.034922 0.103269
0 0.495552 0.564227 0.045887 0.091190
0 0.449957 0.580229 0.064008 0.125824
0 0.403193 0.573653 0.054071 0.116179
0 0.360667 0.587682 0.053779 0.125824
0 0.334828 0.591553 0.020496 0.049280
0 0.317347 0.577989 0.040389 0.072790
0 0.287959 0.557418 0.038882 0.073242
0 0.537375 0.579346 0.066310 0.121618
0 0.584545 0.574599 0.059377 0.115741
0 0.623879 0.601047 0.070530 0.164117
0 0.657787 0.585223 0.052746 0.117097
0 0.685818 0.599465 0.027428 0.066008
0 0.700436 0.587258 0.039786 0.077763
0 0.717165 0.575955 0.029237 0.054253
