0 0.420572 0.513619 0.091733 0.117985
0 0.362931 0.512963 0.077568 0.142926
0 0.317428 0.499216 0.076603 0.148643
0 0.290642 0.495631 0.055459 0.139377
0 0.279112 0.520677 0.041486 0.093472
0 0.254791 0.518508 0.059067 0.118976
0 0.232221 0.521279 0.047663 0.107571
0 0.487523 0.496806 0.092624 0.129767
0 0.540955 0.479504 0.071287 0.127980
0 0.584898 0.464227 0.074895 0.139262
0 0.616896 0.454283 0.058295 0.148897
0 0.641277 0.445275 0.053009 0.146580
0 0.662235 0.445709 0.039809 0.134121
0 0.468205 0.604982 0.061188 0.098864
0 0.511136 0.599711 0.064080 0.101757
0 0.553977 0.599027 0.066950 0.114797
0 0.596648 0.602287 0.057189 0.111061
0 0.613182 0.591431 0.046467 0.092616
0 0.641109 0.589963 0.057720 0.077503
0 0.660434 0.553919 0.065730 0.084196
0 0.430070 0.606722 0.060951 0.096932
0 0.390545 0.618440 0.063222 0.101651
0 0.347400 0.636160 0.065368 0.126021
0 0.314010 0.651701 0.054014 0.102424
0 0.283009 0.660084 0.058827 0.110627
0 0.263984 0.638230 0.037203 0.082597
0 0.247546 0.610827 0.046716 0.077421
