0 0.458205 0.430341 0.105024 0.160751
0 0.391047 0.426590 0.073588 0.138246
0 0.339606 0.423375 0.082162 0.146819
0 0.305313 0.434092 0.052155 0.110382
0 0.280307 0.429805 0.039295 0.099666
0 0.250657 0.415338 0.048583 0.109311
0 0.220293 0.391225 0.049297 0.110382
0 0.548225 0.431949 0.095022 0.163966
0 0.612526 0.444273 0.062157 0.120027
0 0.663609 0.441058 0.064300 0.135031
0 0.694687 0.448560 0.053584 0.090021
0 0.722194 0.437843 0.051440 0.109311
0 0.753987 0.434092 0.047868 0.108239
0 0.786494 0.413194 0.038580 0.111454
0 0.520362 0.561085 0.060728 0.130744
0 0.574660 0.580911 0.065015 0.148963
0 0.622528 0.583591 0.059299 0.154321
0 0.662180 0.581447 0.052869 0.147891
0 0.697188 0.572338 0.054298 0.121099
0 0.726838 0.557870 0.055013 0.098594
0 0.756130 0.538044 0.046439 0.110382
0 0.463206 0.579304 0.067873 0.147891
0 0.414266 0.558942 0.060014 0.126457
0 0.369613 0.565908 0.053584 0.144676
0 0.329247 0.570730 0.058585 0.137174
0 0.300311 0.570730 0.057870 0.122171
0 0.271734 0.544474 0.073588 0.108239
0 0.254587 0.508573 0.102166 0.122171
