0 0.475056 0.408793 0.136137 0.197033
0 0.415763 0.410107 0.115313 0.199641
0 0.365041 0.428692 0.106406 0.175339
0 0.330223 0.436731 0.080827 0.164490
0 0.309734 0.455211 0.061138 0.100624
0 0.549012 0.387594 0.119330 0.195625
0 0.598461 0.355553 0.112969 0.196628
0 0.641649 0.340082 0.106541 0.190200
0 0.685775 0.332645 0.085380 0.155655
0 0.713698 0.334449 0.066631 0.131552
0 0.734288 0.328320 0.065893 0.114080
0 0.561857 0.544639 0.091388 0.150525
0 0.606105 0.526174 0.094639 0.160713
0 0.648270 0.505189 0.089928 0.163670
0 0.679333 0.483768 0.082002 0.160492
0 0.696717 0.457254 0.066149 0.119083
0 0.710230 0.442135 0.062277 0.110100
0 0.515199 0.559161 0.091717 0.151950
0 0.473708 0.565740 0.108957 0.172108
0 0.425918 0.577524 0.097598 0.173530
0 0.375076 0.565261 0.081453 0.134750
0 0.348213 0.557213 0.075353 0.123904
0 0.321586 0.539360 0.068706 0.122370
