0 0.465673 0.206400 0.175576 0.317591
0 0.365393 0.211204 0.122282 0.223816
0 0.290924 0.194833 0.147854 0.281906
0 0.248247 0.218362 0.127119 0.231308
0 0.201896 0.226021 0.084643 0.182196
0 0.167273 0.214659 0.103095 0.195007
0 0.128545 0.204492 0.080908 0.198701
0 0.577592 0.228035 0.183214 0.307311
0 0.681181 0.236098 0.154436 0.274884
0 0.741894 0.252307 0.123955 0.262652
0 0.782795 0.272229 0.097740 0.243074
0 0.819613 0.279175 0.073019 0.174885
0 0.851129 0.281832 0.079405 0.204166
0 0.889555 0.280146 0.071312 0.173510
0 0.491047 0.563701 0.116714 0.221898
0 0.557032 0.533999 0.120082 0.197394
0 0.626616 0.596337 0.149799 0.252661
0 0.689122 0.588586 0.109640 0.203874
0 0.722407 0.581453 0.110858 0.201775
0 0.788680 0.532894 0.153084 0.216792
0 0.828443 0.440453 0.119093 0.125729
0 0.427893 0.564865 0.113379 0.208941
0 0.359861 0.567114 0.134999 0.211979
0 0.301080 0.539956 0.126514 0.253929
0 0.232798 0.577603 0.110904 0.229029
0 0.196353 0.528781 0.096513 0.202029
0 0.155534 0.508281 0.120370 0.215600
0 0.119229 0.472470 0.093830 0.193705
