0 0.445751 0.405456 0.159732 0.276101
0 0.355179 0.391203 0.136349 0.239686
0 0.292820 0.398851 0.114607 0.218878
0 0.246915 0.375090 0.075941 0.183944
0 0.216421 0.304819 0.098786 0.166279
0 0.546951 0.428717 0.144675 0.240561
0 0.648230 0.436206 0.132186 0.239248
0 0.730309 0.436153 0.118651 0.267153
0 0.774955 0.466883 0.074188 0.186847
0 0.810945 0.484868 0.076382 0.168555
0 0.850131 0.457426 0.073045 0.146595
0 0.493690 0.625104 0.115648 0.218988
0 0.565201 0.640510 0.113510 0.228024
0 0.636191 0.655862 0.108034 0.215100
0 0.693101 0.650008 0.101026 0.197385
0 0.744727 0.659379 0.076111 0.156178
0 0.428783 0.626961 0.121015 0.221095
0 0.356506 0.613842 0.115150 0.243632
0 0.289843 0.597367 0.125342 0.223094
0 0.238460 0.570663 0.121072 0.211840
0 0.191022 0.551475 0.112746 0.210965
0 0.149513 0.450854 0.153108 0.252252
