0 0.448822 0.349356 0.110149 0.166793
0 0.385815 0.317332 0.086399 0.156937
0 0.345293 0.310162 0.072976 0.137301
0 0.307590 0.312721 0.063146 0.109196
0 0.286997 0.302362 0.058494 0.112221
0 0.266197 0.295494 0.067192 0.116531
0 0.525141 0.378317 0.114536 0.162407
0 0.592703 0.389331 0.088630 0.163920
0 0.634267 0.412949 0.080766 0.141435
0 0.669552 0.432521 0.067835 0.115346
0 0.696555 0.446246 0.060195 0.116481
0 0.723388 0.453580 0.063561 0.115825
0 0.457139 0.502828 0.073883 0.137478
0 0.498285 0.516477 0.083640 0.147233
0 0.543178 0.552043 0.094223 0.201680
0 0.589200 0.528498 0.074791 0.137654
0 0.620741 0.543105 0.070782 0.139494
0 0.653208 0.552947 0.069007 0.116884
0 0.680682 0.544868 0.067306 0.112624
0 0.414270 0.481076 0.072333 0.138486
0 0.371724 0.460092 0.087233 0.138763
0 0.326814 0.446418 0.080990 0.165054
0 0.303894 0.416536 0.079406 0.125454
0 0.287536 0.401349 0.066740 0.100726
0 0.264335 0.394720 0.067460 0.086459
0 0.244233 0.374568 0.084514 0.106800
