0 0.542857 0.146340 0.088393 0.166113
0 0.485714 0.173133 0.088393 0.160754
0 0.417857 0.226048 0.091964 0.146019
0 0.365625 0.338576 0.103571 0.154056
0 0.342857 0.453783 0.111607 0.148698
0 0.300446 0.603821 0.139286 0.218358
0 0.274554 0.788018 0.137500 0.208981
0 0.253136 0.930474 0.126808 0.137552
0 0.618750 0.163755 0.079464 0.150038
0 0.686161 0.183180 0.085714 0.159415
0 0.731696 0.248821 0.103571 0.156736
0 0.775446 0.350632 0.108929 0.162094
0 0.803571 0.493972 0.118750 0.151377
0 0.829018 0.643339 0.146429 0.211660
0 0.851786 0.833566 0.149107 0.222377
