0 0.436839 0.481515 0.167137 0.246771
0 0.356310 0.515470 0.129065 0.209253
0 0.314761 0.541978 0.110298 0.174448
0 0.284014 0.565984 0.076157 0.146943
0 0.541254 0.455451 0.175609 0.230121
0 0.640413 0.464012 0.129405 0.215518
0 0.706961 0.467314 0.095196 0.183679
0 0.763398 0.472037 0.084210 0.163212
0 0.802952 0.483351 0.064032 0.141454
0 0.823897 0.465643 0.058710 0.142058
0 0.847310 0.445480 0.053672 0.106209
0 0.590057 0.642628 0.107777 0.196259
0 0.643784 0.641404 0.111503 0.203541
0 0.702832 0.638027 0.095683 0.199966
0 0.763115 0.640100 0.110484 0.189882
0 0.800900 0.635493 0.081740 0.152053
0 0.820295 0.606755 0.088612 0.162480
0 0.531859 0.662056 0.107777 0.196259
0 0.470246 0.667199 0.124948 0.183805
0 0.418554 0.682901 0.103807 0.180834
0 0.369548 0.701036 0.086486 0.172993
0 0.335269 0.693903 0.072017 0.153389
0 0.307233 0.697843 0.073810 0.172564
0 0.274308 0.660330 0.056583 0.146529
0 0.840048 0.571084 0.075116 0.130563
0 0.845828 0.501635 0.029687 0.052972
0 0.254401 0.550515 0.056087 0.129802
0 0.236883 0.560359 0.033808 0.086031
0 0.215312 0.540574 0.042327 0.076262
