0 0.441350 0.149573 0.062967 0.113439
0 0.384910 0.166668 0.077559 0.123577
0 0.343373 0.228341 0.089414 0.111309
0 0.331564 0.310252 0.096833 0.118728
0 0.300059 0.398496 0.108633 0.165043
0 0.268144 0.523874 0.115023 0.167721
0 0.243385 0.635916 0.073430 0.149137
0 0.490098 0.150552 0.057405 0.096743
0 0.536689 0.162837 0.066083 0.098370
0 0.579082 0.192425 0.076837 0.124711
0 0.617065 0.265247 0.076943 0.111828
0 0.640151 0.353575 0.083992 0.112197
0 0.680565 0.525233 0.098803 0.156326
0 0.707871 0.641616 0.097237 0.156244
