0 0.493613 0.161771 0.092126 0.154039
0 0.446485 0.180772 0.084677 0.131198
0 0.389836 0.200126 0.107743 0.136720
0 0.348840 0.302672 0.123451 0.164954
0 0.291225 0.378269 0.128688 0.198112
0 0.252491 0.527262 0.159061 0.215951
0 0.212412 0.705190 0.153479 0.241155
0 0.543803 0.162012 0.086246 0.131336
0 0.591380 0.201157 0.089527 0.142133
0 0.638346 0.233726 0.104682 0.155137
0 0.668933 0.336013 0.104220 0.185461
0 0.689858 0.449314 0.120660 0.177556
0 0.687376 0.599699 0.169301 0.226189
0 0.699995 0.776309 0.146004 0.235830
