0 0.450291 0.384259 0.124644 0.244836
0 0.363485 0.385372 0.108321 0.189192
0 0.297433 0.392080 0.081853 0.191598
0 0.256246 0.395208 0.025546 0.086806
0 0.214016 0.341639 0.080810 0.140766
0 0.174132 0.302146 0.026068 0.094626
0 0.563064 0.388154 0.118708 0.235933
0 0.651353 0.403735 0.106838 0.195869
0 0.723691 0.409856 0.080870 0.214788
0 0.760046 0.451033 0.037838 0.134660
0 0.785271 0.456597 0.040806 0.132434
0 0.813835 0.438791 0.043032 0.112402
0 0.847158 0.378033 0.041795 0.079840
0 0.531684 0.725152 0.096451 0.188079
0 0.606433 0.725152 0.086806 0.184462
0 0.679977 0.734194 0.091628 0.173611
0 0.716146 0.695312 0.081983 0.146484
0 0.769194 0.705259 0.084394 0.137442
0 0.805363 0.584997 0.139853 0.139251
0 0.840929 0.491862 0.136236 0.119358
0 0.461155 0.716110 0.095245 0.198929
0 0.399667 0.717014 0.085600 0.211589
0 0.341194 0.700738 0.069927 0.215205
0 0.291253 0.662244 0.066138 0.142609
0 0.276441 0.613674 0.150876 0.152943
0 0.235794 0.553737 0.148121 0.146743
0 0.214782 0.467965 0.104718 0.111607
