0 0.498794 0.873143 0.110918 0.148293
0 0.426055 0.830946 0.094039 0.131414
0 0.371399 0.765239 0.095647 0.151910
0 0.333221 0.656732 0.114133 0.161555
0 0.309108 0.544006 0.133423 0.148293
0 0.284192 0.414400 0.141461 0.226659
0 0.257266 0.278766 0.142265 0.213397
0 0.247219 0.157600 0.133423 0.089217
0 0.586404 0.853853 0.123778 0.157938
0 0.667583 0.809848 0.083591 0.142265
0 0.731883 0.726056 0.110918 0.160349
0 0.754389 0.615741 0.123778 0.154321
0 0.784529 0.510248 0.129405 0.155527
0 0.812661 0.354721 0.148695 0.232687
