0 0.421768 0.464099 0.113597 0.226123
0 0.344965 0.469457 0.072874 0.168253
0 0.278521 0.446416 0.081447 0.207905
0 0.229581 0.448024 0.073588 0.191830
0 0.190286 0.466242 0.055013 0.161823
0 0.149563 0.459812 0.063586 0.148963
0 0.106339 0.434628 0.052869 0.145748
0 0.525363 0.464099 0.116455 0.213263
0 0.610382 0.475887 0.077875 0.176826
0 0.671111 0.467314 0.079304 0.198260
0 0.709691 0.479102 0.066444 0.185400
0 0.741484 0.486604 0.062872 0.146819
0 0.773277 0.481246 0.040724 0.142533
0 0.808642 0.459812 0.047154 0.133959
0 0.608239 0.570730 0.052155 0.077160
0 0.655750 0.585198 0.060014 0.123242
0 0.694687 0.587341 0.037866 0.106096
0 0.730410 0.599130 0.059299 0.118956
0 0.769347 0.584662 0.050011 0.117884
0 0.303884 0.550369 0.065015 0.075017
0 0.254587 0.557335 0.063586 0.148963
0 0.212434 0.570730 0.042152 0.120027
0 0.164923 0.567515 0.075732 0.128601
0 0.124914 0.545010 0.055727 0.113597
