0 0.456723 0.472540 0.138387 0.205840
0 0.386079 0.487477 0.100822 0.185118
0 0.327747 0.493388 0.097949 0.185678
0 0.288407 0.499829 0.076004 0.145624
0 0.255812 0.503752 0.069678 0.139921
0 0.240274 0.523056 0.055381 0.104709
0 0.211261 0.522665 0.058866 0.091966
0 0.547214 0.450125 0.139484 0.203817
0 0.620521 0.450953 0.104855 0.171363
0 0.672431 0.445085 0.095852 0.186388
0 0.700233 0.447521 0.073357 0.147346
0 0.724212 0.448891 0.059028 0.131140
0 0.742090 0.447828 0.057092 0.117343
0 0.759227 0.426404 0.040310 0.096187
0 0.530613 0.610762 0.092527 0.157783
0 0.599611 0.614237 0.092979 0.160107
0 0.659525 0.616463 0.101467 0.180770
0 0.705448 0.608742 0.083459 0.157138
0 0.738414 0.600525 0.066580 0.139319
0 0.759488 0.580748 0.077617 0.134754
0 0.478703 0.616631 0.092108 0.163293
0 0.425809 0.640181 0.095980 0.164046
0 0.377772 0.659771 0.096142 0.176379
0 0.334915 0.658452 0.083685 0.158301
0 0.296043 0.671436 0.077327 0.144763
0 0.264206 0.670990 0.097626 0.161011
0 0.242905 0.588283 0.076713 0.103263
