0 0.410127 0.298798 0.071606 0.133662
0 0.361374 0.333642 0.079224 0.143944
0 0.314525 0.405614 0.093697 0.159938
0 0.262725 0.492437 0.099791 0.148514
0 0.236444 0.601538 0.111218 0.154226
0 0.187691 0.761476 0.167588 0.243334
0 0.147318 0.900850 0.146259 0.133662
0 0.468021 0.314221 0.071606 0.143944
0 0.526296 0.345066 0.084556 0.141659
0 0.589523 0.370770 0.079985 0.149656
0 0.638657 0.455880 0.112741 0.146229
0 0.661890 0.570693 0.107409 0.156511
0 0.698836 0.726061 0.159971 0.245619
0 0.745254 0.901016 0.164442 0.197969
