0 0.408565 0.494213 0.109568 0.192130
0 0.339506 0.486690 0.064043 0.163194
0 0.294753 0.486111 0.062500 0.162037
0 0.257330 0.486690 0.046296 0.151620
0 0.241127 0.502315 0.035494 0.113426
0 0.220293 0.493056 0.043210 0.113426
0 0.501543 0.501736 0.101080 0.197917
0 0.564429 0.494792 0.061728 0.170139
0 0.612269 0.506944 0.066358 0.159722
0 0.640432 0.526620 0.039352 0.118056
0 0.663580 0.538773 0.027006 0.112269
0 0.687500 0.537037 0.036265 0.106481
0 0.707176 0.538194 0.021605 0.067130
0 0.436343 0.623264 0.061728 0.160880
0 0.386188 0.615162 0.058642 0.144676
0 0.336420 0.600694 0.067130 0.138889
0 0.296296 0.579861 0.053241 0.106481
0 0.265432 0.568287 0.043981 0.069444
0 0.236497 0.557870 0.043210 0.078704
0 0.487269 0.628472 0.055556 0.157407
0 0.533565 0.626157 0.050926 0.148148
0 0.581404 0.638310 0.060185 0.160880
0 0.617670 0.609375 0.035494 0.100694
0 0.647377 0.608218 0.033179 0.084491
0 0.669367 0.599537 0.043210 0.087963
0 0.690586 0.603588 0.020833 0.056713
