0 0.482584 0.325782 0.193527 0.294214
0 0.376087 0.324443 0.153655 0.271994
0 0.299840 0.298033 0.122228 0.217031
0 0.250083 0.285374 0.111353 0.215308
0 0.213124 0.272353 0.099738 0.208925
0 0.171183 0.277158 0.113592 0.193983
0 0.128890 0.230991 0.088437 0.154309
0 0.587963 0.380049 0.158569 0.281104
0 0.678921 0.415808 0.132321 0.270793
0 0.728463 0.448888 0.083053 0.192839
0 0.760186 0.461030 0.087903 0.192376
0 0.785775 0.468318 0.065905 0.177816
0 0.835615 0.434155 0.091878 0.170853
0 0.533365 0.605841 0.125015 0.229842
0 0.594988 0.656148 0.128958 0.261645
0 0.656559 0.630529 0.105517 0.210345
0 0.691457 0.649860 0.099962 0.202901
0 0.726180 0.630341 0.084265 0.165955
0 0.807881 0.564775 0.148015 0.167847
0 0.469665 0.575910 0.134091 0.252612
0 0.389805 0.557222 0.141202 0.242252
0 0.326483 0.539429 0.128481 0.251724
0 0.279503 0.498342 0.105517 0.210345
0 0.232080 0.489106 0.110483 0.220977
0 0.168696 0.446284 0.165411 0.236241
0 0.133613 0.351870 0.095120 0.144701
