0 0.366833 0.830178 0.159135 0.214763
0 0.300021 0.786457 0.122041 0.167073
0 0.257746 0.696163 0.148644 0.220166
0 0.264671 0.581315 0.146361 0.170731
0 0.266721 0.471871 0.154043 0.158811
0 0.283368 0.377767 0.148955 0.153724
0 0.297340 0.273252 0.157913 0.181223
0 0.339213 0.132735 0.185363 0.226687
0 0.457757 0.851169 0.138465 0.159127
0 0.526823 0.872556 0.130676 0.159285
0 0.602199 0.854044 0.127658 0.180108
0 0.653074 0.765666 0.144083 0.172162
0 0.713513 0.689291 0.164485 0.198391
0 0.778215 0.580889 0.149491 0.212536
0 0.845446 0.433892 0.178672 0.246661
