0 0.459961 0.454861 0.117188 0.229167
0 0.380208 0.452546 0.089193 0.192130
0 0.315104 0.457755 0.094401 0.246528
0 0.261719 0.465278 0.064453 0.206019
0 0.223958 0.465278 0.054036 0.196759
0 0.185221 0.456597 0.054687 0.190972
0 0.151693 0.446759 0.050130 0.150463
0 0.547201 0.447917 0.111979 0.238426
0 0.623372 0.446181 0.087240 0.218750
0 0.688151 0.464699 0.090495 0.234954
0 0.739909 0.475694 0.058594 0.196759
0 0.778646 0.473380 0.057943 0.168981
0 0.829427 0.432870 0.091797 0.180556
0 0.478516 0.593750 0.061849 0.155093
0 0.422852 0.582176 0.057292 0.131944
0 0.361654 0.587384 0.082031 0.165509
0 0.297852 0.600116 0.076823 0.167824
0 0.247396 0.601273 0.054036 0.149306
0 0.201823 0.587963 0.060547 0.159722
0 0.158854 0.564815 0.054036 0.155093
0 0.527344 0.589699 0.076172 0.184028
0 0.580078 0.587384 0.050130 0.114583
0 0.637044 0.599537 0.082031 0.194444
0 0.690755 0.599537 0.089193 0.187500
0 0.740560 0.604745 0.066406 0.174769
0 0.782227 0.580440 0.076823 0.172454
0 0.828451 0.559606 0.078125 0.144676
