0 0.450316 0.165698 0.120559 0.143246
0 0.376421 0.191082 0.101335 0.139160
0 0.320549 0.247691 0.116430 0.147373
0 0.266856 0.319830 0.128893 0.127499
0 0.231907 0.406910 0.137555 0.136848
0 0.199010 0.527299 0.177065 0.212815
0 0.144142 0.660824 0.153384 0.187761
0 0.537144 0.186893 0.111187 0.146259
0 0.594806 0.229283 0.096572 0.148158
0 0.625647 0.294735 0.118582 0.165349
0 0.646231 0.382662 0.132793 0.145846
0 0.640435 0.478679 0.120636 0.135754
0 0.619773 0.601668 0.164755 0.217706
0 0.622983 0.728363 0.149484 0.169414
