0 0.520062 0.876157 0.130401 0.166667
0 0.461420 0.844907 0.088735 0.129630
0 0.418210 0.787616 0.116512 0.146991
0 0.373457 0.668981 0.141204 0.152778
0 0.351080 0.541088 0.131944 0.156250
0 0.326775 0.405671 0.149691 0.225694
0 0.297840 0.268519 0.155093 0.210648
0 0.618827 0.880208 0.116512 0.156250
0 0.695988 0.865162 0.102623 0.140046
0 0.750386 0.799190 0.121914 0.165509
0 0.792052 0.684606 0.131173 0.170139
0 0.815201 0.575810 0.125000 0.160880
0 0.852238 0.436921 0.143519 0.246528
0 0.873457 0.288194 0.119599 0.219907
