0 0.472030 0.308666 0.092672 0.200168
0 0.561108 0.327244 0.109449 0.170203
0 0.766425 0.413544 0.117438 0.131847
0 0.838326 0.426130 0.059918 0.104279
0 0.868685 0.418938 0.051929 0.097087
0 0.902638 0.406952 0.047934 0.106676
0 0.281493 0.311063 0.114243 0.135443
0 0.215184 0.297279 0.071102 0.124655
0 0.573491 0.611315 0.103857 0.194175
0 0.674951 0.635287 0.094270 0.167805
0 0.738064 0.647273 0.070303 0.160614
0 0.789594 0.672444 0.061515 0.134244
0 0.851508 0.683831 0.100661 0.149826
0 0.304261 0.553182 0.107053 0.166607
0 0.241947 0.557977 0.081488 0.133046
0 0.196809 0.581949 0.064711 0.130648
0 0.148476 0.591538 0.079890 0.125854
0 0.117718 0.537001 0.066309 0.110272
