0 0.502763 0.402249 0.194889 0.294847
0 0.405063 0.350776 0.157777 0.294016
0 0.317719 0.312391 0.145205 0.303706
0 0.266313 0.324900 0.074302 0.243071
0 0.215447 0.327562 0.085648 0.232073
0 0.605808 0.406818 0.168335 0.263990
0 0.706558 0.424601 0.120002 0.249947
0 0.769643 0.440085 0.112503 0.268918
0 0.813378 0.509680 0.082737 0.242762
0 0.850777 0.520014 0.071770 0.237706
0 0.884892 0.528891 0.067685 0.206628
0 0.518901 0.682456 0.115186 0.311547
0 0.595707 0.698742 0.127469 0.298805
0 0.672064 0.695856 0.115724 0.288984
0 0.721536 0.674674 0.102053 0.247592
0 0.457168 0.668209 0.146960 0.328914
0 0.394151 0.647780 0.159376 0.308728
0 0.320012 0.621236 0.122214 0.308515
0 0.255379 0.580093 0.100756 0.240793
0 0.182703 0.528990 0.178104 0.252625
0 0.767527 0.602817 0.059186 0.063577
