0 0.463349 0.272569 0.058642 0.130787
0 0.427083 0.269097 0.050926 0.121528
0 0.383873 0.278935 0.069444 0.127315
0 0.346451 0.307292 0.077932 0.112269
0 0.338735 0.354167 0.094907 0.136574
0 0.304784 0.449074 0.104167 0.148148
0 0.285108 0.551505 0.091049 0.156250
0 0.504244 0.281250 0.060185 0.129630
0 0.540123 0.296296 0.051698 0.115741
0 0.583719 0.304398 0.067901 0.138889
0 0.603781 0.359954 0.078704 0.129630
0 0.623071 0.424190 0.077160 0.103009
0 0.636574 0.504051 0.107253 0.149306
0 0.642361 0.617477 0.089506 0.135417
