0 0.464920 0.449606 0.095759 0.167829
0 0.396022 0.451657 0.078530 0.155373
0 0.338864 0.457831 0.065724 0.156407
0 0.296125 0.462280 0.067909 0.162411
0 0.253643 0.445199 0.055941 0.130874
0 0.229226 0.435434 0.037204 0.103547
0 0.549434 0.439931 0.100182 0.181320
0 0.608960 0.422699 0.064631 0.153405
0 0.647900 0.427772 0.058277 0.169484
0 0.679970 0.445232 0.047764 0.151335
0 0.698999 0.453324 0.038137 0.130252
0 0.719001 0.457637 0.036878 0.113044
0 0.529390 0.654713 0.057528 0.121455
0 0.567833 0.645253 0.056489 0.108845
0 0.617306 0.663635 0.068218 0.153261
0 0.652265 0.668007 0.059829 0.135905
0 0.676300 0.662655 0.025951 0.099696
0 0.692598 0.640796 0.089459 0.121091
0 0.690420 0.558583 0.077339 0.084638
0 0.481948 0.645382 0.054285 0.112308
0 0.434928 0.642041 0.055293 0.112328
0 0.386087 0.658161 0.075772 0.147126
0 0.352015 0.655485 0.065886 0.118626
0 0.316943 0.667258 0.057585 0.107222
0 0.280081 0.638119 0.110890 0.120197
0 0.257645 0.564547 0.103887 0.131808
