0 0.401077 0.086768 0.132378 0.171452
0 0.294556 0.120391 0.147670 0.187096
0 0.208240 0.188363 0.140559 0.164417
0 0.148493 0.306625 0.163227 0.180162
0 0.123165 0.443048 0.183655 0.192091
0 0.099713 0.605650 0.199427 0.246250
0 0.089362 0.802749 0.165970 0.233843
0 0.490626 0.082223 0.136422 0.164447
0 0.587281 0.099887 0.137740 0.199774
0 0.687186 0.146654 0.148193 0.202068
0 0.750293 0.260626 0.159889 0.175061
0 0.807948 0.384782 0.189059 0.196018
0 0.854870 0.549287 0.217697 0.231910
0 0.891809 0.748981 0.216382 0.232138
0 0.910808 0.902083 0.178385 0.173574
