0 0.541684 0.304915 0.199732 0.295649
0 0.432463 0.263397 0.164566 0.276231
0 0.355549 0.252277 0.160168 0.270519
0 0.306047 0.282283 0.133696 0.217120
0 0.257305 0.254192 0.102085 0.174098
0 0.270163 0.328188 0.154603 0.128656
0 0.208205 0.231159 0.099506 0.185369
0 0.652089 0.344298 0.189889 0.257700
0 0.745545 0.356182 0.148559 0.278773
0 0.797906 0.387454 0.111482 0.263254
0 0.821414 0.428175 0.084361 0.207494
0 0.844316 0.446724 0.084218 0.189410
0 0.878228 0.452792 0.084590 0.184629
0 0.500367 0.538173 0.137187 0.266634
0 0.420106 0.531374 0.144837 0.278676
0 0.357604 0.493006 0.136540 0.250526
0 0.303657 0.438215 0.114841 0.202863
0 0.234360 0.441347 0.118287 0.182070
0 0.181480 0.391673 0.121596 0.191106
0 0.566180 0.567364 0.149311 0.284488
0 0.632683 0.602402 0.142330 0.286476
0 0.701213 0.612408 0.141703 0.268289
0 0.746959 0.590208 0.103954 0.190828
0 0.782626 0.611851 0.120184 0.186640
0 0.816498 0.593952 0.112349 0.162008
