0 0.549108 0.461355 0.145099 0.209019
0 0.623886 0.457875 0.108687 0.163520
0 0.678424 0.458489 0.103949 0.196732
0 0.714231 0.478370 0.076932 0.147330
0 0.751943 0.467012 0.086817 0.149431
0 0.358432 0.436972 0.123264 0.191398
0 0.311910 0.429021 0.073339 0.148927
0 0.253405 0.384294 0.094373 0.136878
0 0.508632 0.619375 0.083665 0.134602
0 0.561988 0.625550 0.093705 0.148535
0 0.619797 0.639129 0.101955 0.176249
0 0.662731 0.629526 0.102133 0.158587
0 0.705452 0.596628 0.103576 0.124674
0 0.750495 0.562932 0.097703 0.134046
0 0.455777 0.622994 0.094421 0.159308
0 0.408248 0.609662 0.090637 0.152603
0 0.351345 0.620171 0.092631 0.173087
0 0.308477 0.607184 0.101225 0.139514
0 0.274683 0.567710 0.113354 0.137372
0 0.235666 0.526480 0.093095 0.127166
0 0.230678 0.460837 0.073683 0.087641
