0 0.460861 0.812897 0.135875 0.217013
0 0.371612 0.756693 0.124598 0.201575
0 0.303212 0.670988 0.127294 0.210513
0 0.277635 0.534562 0.154220 0.200822
0 0.250510 0.413994 0.134407 0.181426
0 0.233290 0.259921 0.179465 0.288898
0 0.218343 0.098517 0.184691 0.197035
0 0.571291 0.820543 0.130368 0.241048
0 0.659147 0.762347 0.120563 0.212936
0 0.717571 0.691565 0.106231 0.216496
0 0.754157 0.561306 0.160530 0.174261
0 0.788416 0.443081 0.131844 0.180111
0 0.803668 0.273054 0.166650 0.282324
0 0.824379 0.105824 0.136472 0.202735
