0 0.444943 0.208840 0.086806 0.153115
0 0.389082 0.233555 0.086002 0.154321
0 0.304688 0.276958 0.114937 0.180845
0 0.246415 0.368586 0.130208 0.149498
0 0.231948 0.493972 0.133423 0.171200
0 0.176489 0.639853 0.154321 0.267650
0 0.146750 0.826726 0.106096 0.258005
0 0.508038 0.207634 0.097254 0.177228
0 0.569927 0.234761 0.097254 0.171200
0 0.637442 0.259476 0.097254 0.206163
0 0.702948 0.339048 0.109311 0.189284
0 0.727865 0.475285 0.117348 0.206163
0 0.780109 0.617549 0.154321 0.261622
0 0.817081 0.813465 0.126993 0.248360
