0 0.309918 0.849526 0.147394 0.210381
0 0.248414 0.771481 0.130934 0.212531
0 0.210141 0.676028 0.173873 0.212524
0 0.201597 0.531384 0.172825 0.216128
0 0.203919 0.411505 0.178829 0.231079
0 0.218336 0.243357 0.231214 0.308516
0 0.218507 0.107105 0.232425 0.214211
0 0.430273 0.870748 0.172135 0.212218
0 0.518026 0.876141 0.128557 0.213374
0 0.601935 0.804248 0.148975 0.238445
0 0.666595 0.696704 0.168020 0.212755
0 0.732033 0.587282 0.154727 0.228093
0 0.797670 0.433542 0.234302 0.335583
0 0.878457 0.242154 0.205941 0.275012
0 0.891115 0.119554 0.163324 0.138373
