0 0.357681 0.295817 0.245892 0.397421
0 0.249659 0.321582 0.232720 0.392790
0 0.164939 0.332836 0.190939 0.372784
0 0.097311 0.338875 0.157404 0.329653
0 0.061389 0.339401 0.122779 0.278299
0 0.036923 0.329256 0.073846 0.219445
0 0.013814 0.321626 0.027627 0.108267
0 0.490193 0.276209 0.246602 0.414133
0 0.603178 0.224313 0.223763 0.399202
0 0.703180 0.208267 0.221287 0.416534
0 0.772617 0.201805 0.164325 0.341421
0 0.822716 0.196648 0.138313 0.295900
0 0.859512 0.170255 0.121332 0.258307
0 0.895621 0.176478 0.048357 0.105479
0 0.588933 0.728599 0.199808 0.389479
0 0.670108 0.728469 0.204584 0.388556
0 0.754895 0.691760 0.209157 0.398593
0 0.821339 0.654243 0.181048 0.319467
0 0.873001 0.614328 0.162911 0.289274
0 0.897025 0.534859 0.186041 0.270138
0 0.911556 0.434842 0.142210 0.195611
0 0.501229 0.725108 0.198237 0.356014
0 0.422658 0.758664 0.189255 0.373801
0 0.344659 0.776015 0.207832 0.409507
0 0.256378 0.756077 0.174636 0.358470
0 0.193353 0.709603 0.155023 0.290880
0 0.131213 0.675058 0.133998 0.270321
0 0.082592 0.566939 0.098370 0.189659
