0 0.514275 0.814236 0.115741 0.204861
0 0.446759 0.742477 0.090278 0.181713
0 0.372685 0.673611 0.114969 0.185185
0 0.340278 0.546296 0.135031 0.187500
0 0.312886 0.422454 0.131173 0.171296
0 0.304012 0.240162 0.155093 0.253472
0 0.265432 0.098380 0.139660 0.192130
0 0.610725 0.807870 0.118827 0.203704
0 0.674769 0.733218 0.109568 0.186343
0 0.732253 0.657407 0.110340 0.173611
0 0.771991 0.540509 0.123457 0.189815
0 0.799769 0.418981 0.123457 0.171296
0 0.826389 0.257523 0.164352 0.269676
0 0.837577 0.101273 0.135802 0.186343
