0 0.609178 0.433703 0.122871 0.200323
0 0.528396 0.420993 0.081755 0.184119
0 0.466769 0.429065 0.073505 0.169637
0 0.423400 0.421141 0.057246 0.163165
0 0.395303 0.418256 0.043657 0.154023
0 0.368531 0.426035 0.059599 0.136594
0 0.329350 0.419038 0.067776 0.149667
0 0.713658 0.443416 0.113977 0.191427
0 0.796677 0.458362 0.081386 0.177074
0 0.858346 0.476428 0.078495 0.175518
0 0.906464 0.501552 0.067132 0.155253
0 0.941529 0.506216 0.042475 0.131482
0 0.965807 0.501131 0.048532 0.121964
0 0.986486 0.488915 0.027029 0.130915
0 0.674311 0.583330 0.082673 0.165902
0 0.735358 0.577347 0.072819 0.138692
0 0.795830 0.600294 0.082895 0.170129
0 0.844152 0.603532 0.076100 0.165558
0 0.882763 0.603437 0.057500 0.132269
0 0.916605 0.604504 0.072303 0.128830
0 0.963802 0.588613 0.070285 0.117485
0 0.610109 0.568664 0.079614 0.143263
0 0.548070 0.557642 0.078306 0.136169
0 0.490827 0.553936 0.073041 0.142918
0 0.451636 0.556120 0.078285 0.117904
0 0.407956 0.536172 0.066299 0.121491
0 0.375100 0.525268 0.060497 0.100112
0 0.342171 0.515773 0.059041 0.090201
