0 0.413021 0.390103 0.159752 0.255155
0 0.353998 0.368392 0.108773 0.223794
0 0.299978 0.369361 0.109312 0.215183
0 0.260242 0.390439 0.076877 0.192531
0 0.233219 0.383877 0.068651 0.198947
0 0.193058 0.356705 0.085313 0.218901
0 0.500532 0.406390 0.122692 0.220403
0 0.565406 0.407006 0.090097 0.195134
0 0.612968 0.407043 0.103313 0.220793
0 0.654872 0.429436 0.071879 0.206568
0 0.677290 0.452262 0.054274 0.162245
0 0.700235 0.414974 0.071839 0.190788
0 0.727516 0.419082 0.060429 0.182308
0 0.475526 0.601018 0.095869 0.188460
0 0.519107 0.607459 0.083209 0.183489
0 0.563312 0.615827 0.090911 0.218276
0 0.606247 0.628404 0.072746 0.176321
0 0.648829 0.593180 0.126836 0.167445
0 0.422559 0.597312 0.100952 0.182926
0 0.371724 0.596931 0.096256 0.192141
0 0.324161 0.596895 0.107747 0.232180
0 0.274100 0.589152 0.080924 0.200237
0 0.240185 0.569459 0.078647 0.170874
0 0.202197 0.547953 0.087314 0.199595
