0 0.419982 0.250836 0.060728 0.076089
0 0.375329 0.257266 0.057156 0.071802
0 0.347465 0.296382 0.072874 0.094307
0 0.325674 0.338713 0.070730 0.101809
0 0.331747 0.384795 0.090021 0.097522
0 0.291381 0.447488 0.100737 0.169324
0 0.253515 0.545010 0.090735 0.154321
0 0.462491 0.256194 0.057156 0.093236
0 0.504644 0.249764 0.062872 0.078232
0 0.542867 0.274949 0.063586 0.096451
0 0.552512 0.319959 0.081447 0.096451
0 0.550726 0.375686 0.086448 0.102881
0 0.585734 0.433556 0.103595 0.156464
0 0.631816 0.519826 0.091449 0.153249
