0 0.592557 0.918057 0.162326 0.163886
0 0.527260 0.912935 0.117086 0.153945
0 0.471234 0.858887 0.149799 0.177260
0 0.403145 0.739379 0.177241 0.187651
0 0.357463 0.606153 0.167908 0.189799
0 0.308438 0.465194 0.198710 0.267214
0 0.254157 0.323161 0.201945 0.252010
0 0.699181 0.906679 0.145871 0.152459
0 0.781278 0.889863 0.132166 0.157542
0 0.829163 0.814908 0.158730 0.198017
0 0.854369 0.685073 0.169438 0.204549
0 0.860714 0.564580 0.161252 0.193581
0 0.876835 0.409490 0.195630 0.288487
0 0.874336 0.246544 0.165480 0.255906
