0 0.357689 0.869123 0.188208 0.243296
0 0.276996 0.840197 0.169464 0.216291
0 0.221606 0.748563 0.211364 0.259313
0 0.246740 0.582759 0.223334 0.232896
0 0.275149 0.436262 0.195439 0.226456
0 0.224256 0.157626 0.256371 0.315253
0 0.221645 0.049826 0.180097 0.099652
0 0.464382 0.883483 0.213674 0.233034
0 0.555773 0.865135 0.182226 0.223406
0 0.648410 0.808835 0.186236 0.234753
0 0.696978 0.655397 0.201369 0.234078
0 0.748397 0.513054 0.191938 0.217311
0 0.806593 0.351404 0.270149 0.333330
0 0.878228 0.195175 0.219156 0.256944
