0 0.429984 0.211720 0.052155 0.100737
0 0.377829 0.224580 0.065015 0.109311
0 0.337106 0.278699 0.076446 0.097522
0 0.322459 0.352645 0.082876 0.103952
0 0.289595 0.431413 0.091449 0.145748
0 0.254587 0.543939 0.097165 0.147891
0 0.226723 0.644676 0.060014 0.132888
0 0.474280 0.214935 0.047868 0.085734
0 0.516075 0.228331 0.055727 0.086806
0 0.553226 0.257266 0.064300 0.110382
0 0.584305 0.325317 0.065015 0.098594
0 0.601095 0.406764 0.071445 0.098594
0 0.629672 0.564836 0.082876 0.138246
0 0.648963 0.672004 0.081447 0.138246
