0 0.464727 0.367893 0.223260 0.315261
0 0.354703 0.326476 0.174315 0.242926
0 0.266243 0.330398 0.162214 0.247042
0 0.202081 0.343773 0.125405 0.203996
0 0.145142 0.335112 0.114831 0.198100
0 0.098916 0.341096 0.093869 0.177138
0 0.585404 0.398316 0.200613 0.287001
0 0.677215 0.415028 0.150987 0.258270
0 0.740921 0.440626 0.115210 0.239645
0 0.768210 0.481521 0.080146 0.180880
0 0.786718 0.487207 0.091012 0.195967
0 0.812754 0.497119 0.059775 0.168220
0 0.823219 0.495511 0.044298 0.143381
0 0.455996 0.507398 0.120365 0.142049
0 0.381883 0.475774 0.147100 0.185109
0 0.289186 0.478397 0.191799 0.280000
0 0.216569 0.470641 0.093149 0.161857
0 0.167370 0.458281 0.098069 0.146799
0 0.108435 0.459190 0.115446 0.180500
0 0.528437 0.519023 0.112067 0.137143
0 0.607805 0.536481 0.115148 0.175203
0 0.677003 0.566741 0.132710 0.242285
0 0.718121 0.589102 0.058071 0.112973
0 0.738598 0.594831 0.057208 0.095379
0 0.763948 0.608358 0.073211 0.109270
0 0.790127 0.615403 0.053081 0.089628
