0 0.463831 0.385465 0.099666 0.156732
0 0.389082 0.379437 0.065908 0.163966
0 0.336838 0.362558 0.077160 0.159144
0 0.289416 0.346885 0.065908 0.166377
0 0.258070 0.349296 0.067515 0.142265
0 0.216274 0.360147 0.077160 0.159144
0 0.557870 0.389082 0.107703 0.168789
0 0.639853 0.395110 0.081983 0.190490
0 0.704958 0.370997 0.093236 0.185667
0 0.766847 0.358941 0.062693 0.185667
0 0.804623 0.385465 0.045010 0.142265
0 0.839988 0.386671 0.054655 0.149498
0 0.872942 0.383054 0.059478 0.156732
0 0.530543 0.626591 0.059478 0.137442
0 0.584394 0.618152 0.073945 0.130208
0 0.640657 0.638648 0.080376 0.166377
0 0.686471 0.631414 0.072338 0.161555
0 0.733893 0.643470 0.067515 0.147087
0 0.762828 0.632620 0.090021 0.154321
0 0.790959 0.629003 0.091628 0.161555
0 0.473476 0.630208 0.064300 0.154321
0 0.418017 0.614535 0.069123 0.161555
0 0.360950 0.619358 0.070730 0.185667
0 0.316744 0.614535 0.078768 0.156732
0 0.282182 0.601273 0.057870 0.130208
0 0.261285 0.636236 0.077160 0.171200
0 0.244615 0.586516 0.104906 0.144097
0 0.238040 0.518519 0.113426 0.120370
