0 0.380185 0.215317 0.088202 0.124602
0 0.328513 0.241978 0.091871 0.122343
0 0.295432 0.299946 0.118830 0.159742
0 0.273192 0.382169 0.112637 0.143388
0 0.279193 0.473524 0.129269 0.159171
0 0.279762 0.603973 0.177353 0.238862
0 0.277159 0.768160 0.155652 0.211237
0 0.430626 0.199745 0.089229 0.134379
0 0.485189 0.207108 0.091394 0.131745
0 0.545144 0.232894 0.108686 0.144519
0 0.595239 0.312057 0.109347 0.141510
0 0.632826 0.400329 0.118085 0.151094
0 0.684406 0.507876 0.169459 0.232663
0 0.762386 0.636397 0.162042 0.217061
