0 0.489760 0.404254 0.070510 0.108531
0 0.446298 0.405701 0.071868 0.114921
0 0.398892 0.425238 0.096691 0.145616
0 0.372318 0.490433 0.100589 0.135260
0 0.378014 0.564350 0.107265 0.131595
0 0.359413 0.635641 0.132479 0.170509
0 0.358552 0.729316 0.106206 0.142555
0 0.518691 0.378071 0.075931 0.111717
0 0.557344 0.373194 0.093491 0.133752
0 0.601481 0.401098 0.081198 0.130122
0 0.636293 0.428758 0.098974 0.130850
0 0.664183 0.490167 0.095456 0.127052
0 0.712687 0.543855 0.123766 0.164590
0 0.743803 0.639637 0.117110 0.142839
