0 0.504823 0.778501 0.081983 0.108507
0 0.445345 0.747155 0.072338 0.108507
0 0.406764 0.702546 0.078768 0.115741
0 0.385063 0.629003 0.090021 0.098862
0 0.361754 0.540992 0.107703 0.149498
0 0.327193 0.466242 0.099666 0.130208
0 0.309510 0.366175 0.086806 0.103684
0 0.577160 0.762828 0.078768 0.096451
0 0.633423 0.718220 0.069123 0.113329
0 0.661555 0.655527 0.073945 0.122975
0 0.675219 0.571132 0.081983 0.108507
0 0.687275 0.480710 0.102881 0.149498
0 0.705761 0.390287 0.101273 0.113329
0 0.712191 0.317949 0.101273 0.079572
