0 0.503501 0.362691 0.143557 0.201735
0 0.405900 0.370381 0.091912 0.186652
0 0.330620 0.392534 0.128676 0.213989
0 0.298669 0.453808 0.147059 0.180053
0 0.217262 0.469363 0.098039 0.160256
0 0.611607 0.362368 0.142682 0.221531
0 0.686012 0.366610 0.140931 0.254525
0 0.756040 0.393477 0.118172 0.268665
0 0.809577 0.392056 0.113202 0.255266
0 0.877870 0.430487 0.150935 0.229510
0 0.595189 0.561427 0.100354 0.220121
0 0.665658 0.594803 0.114374 0.245550
0 0.743506 0.619040 0.106257 0.252702
0 0.813976 0.653210 0.109947 0.216147
0 0.868580 0.628973 0.146842 0.194692
0 0.871532 0.580499 0.197019 0.151780
0 0.516234 0.559043 0.123967 0.221710
0 0.429900 0.566592 0.126919 0.259059
0 0.357217 0.603942 0.137987 0.222505
0 0.259076 0.611888 0.099616 0.187540
0 0.176800 0.615067 0.131346 0.185950
0 0.103749 0.562222 0.097403 0.139065
0 0.933736 0.357655 0.084909 0.093326
