0 0.500000 0.428179 0.078538 0.176711
0 0.432140 0.419912 0.068204 0.149843
0 0.383226 0.415778 0.059937 0.153977
0 0.355669 0.436446 0.040647 0.122975
0 0.332245 0.443680 0.042025 0.114707
0 0.309510 0.438513 0.037891 0.112641
0 0.286086 0.424562 0.036513 0.121941
0 0.576472 0.427145 0.081294 0.180845
0 0.636409 0.433862 0.052359 0.150876
0 0.675333 0.435413 0.048914 0.174645
0 0.697379 0.447813 0.035136 0.125041
0 0.710125 0.435413 0.022046 0.133309
0 0.720459 0.421978 0.023424 0.120908
0 0.730793 0.416811 0.015157 0.098173
0 0.500344 0.622458 0.050292 0.145709
0 0.451775 0.621941 0.053737 0.144676
0 0.400449 0.645709 0.058559 0.190146
0 0.543058 0.624525 0.050292 0.149843
0 0.586806 0.632792 0.057870 0.151910
0 0.629864 0.660694 0.051670 0.195312
0 0.661210 0.658110 0.049603 0.161210
0 0.671200 0.642609 0.072338 0.165344
0 0.693590 0.613157 0.090939 0.170511
0 0.711847 0.514984 0.083361 0.108507
