0 0.430238 0.385961 0.136605 0.188545
0 0.354323 0.399775 0.111374 0.182805
0 0.315865 0.411209 0.089548 0.175598
0 0.279284 0.409926 0.064978 0.150491
0 0.250153 0.398130 0.058111 0.139295
0 0.221974 0.383560 0.063888 0.138035
0 0.194701 0.372497 0.059180 0.111134
0 0.521326 0.381578 0.118183 0.179869
0 0.597922 0.389222 0.097076 0.167427
0 0.650308 0.372983 0.076495 0.174456
0 0.691042 0.373902 0.064978 0.150491
0 0.714638 0.356596 0.051088 0.126319
0 0.736765 0.343004 0.069977 0.140333
0 0.766858 0.317957 0.054336 0.123071
0 0.517061 0.537563 0.094168 0.155729
0 0.569212 0.528481 0.083846 0.163727
0 0.624543 0.526223 0.075036 0.150241
0 0.673062 0.569102 0.080414 0.134182
0 0.690848 0.516548 0.073830 0.117077
0 0.733244 0.499283 0.088957 0.134930
0 0.760785 0.454913 0.080259 0.122726
0 0.468278 0.560551 0.099631 0.160022
0 0.418192 0.539112 0.086858 0.169076
0 0.378282 0.550350 0.061324 0.138870
0 0.337218 0.592675 0.077963 0.135240
0 0.300072 0.561711 0.057933 0.119501
0 0.266681 0.534292 0.072836 0.134791
0 0.238926 0.487659 0.069825 0.129442
