0 0.423038 0.051249 0.093143 0.102497
0 0.343275 0.085860 0.094513 0.142147
0 0.275157 0.151391 0.148967 0.205634
0 0.204075 0.248246 0.141414 0.224405
0 0.167645 0.391772 0.154784 0.222633
0 0.127460 0.546391 0.195544 0.342748
0 0.091102 0.773543 0.178840 0.291776
0 0.495544 0.053635 0.093363 0.107270
0 0.567274 0.076486 0.102323 0.152094
0 0.639565 0.127075 0.127655 0.193692
0 0.705408 0.223100 0.139528 0.213142
0 0.726213 0.366379 0.155375 0.218174
0 0.765616 0.501890 0.200543 0.314929
0 0.793217 0.729030 0.199208 0.298086
0 0.836663 0.896303 0.188851 0.207394
