0 0.489666 0.395627 0.139164 0.212880
0 0.388393 0.367725 0.112985 0.206680
0 0.311232 0.351190 0.085428 0.214947
0 0.260940 0.337756 0.067515 0.188079
0 0.234237 0.288773 0.047399 0.190972
0 0.215223 0.184606 0.049052 0.171131
0 0.609782 0.409176 0.141461 0.215406
0 0.706233 0.384259 0.096451 0.223444
0 0.774284 0.378633 0.088949 0.231481
0 0.827822 0.331763 0.057319 0.182705
0 0.881173 0.262153 0.092593 0.156250
0 0.591882 0.570054 0.093405 0.187317
0 0.669550 0.582998 0.096451 0.185794
0 0.739604 0.586044 0.096451 0.237573
0 0.800520 0.576907 0.096451 0.222344
0 0.850776 0.567769 0.091374 0.216252
0 0.910677 0.477156 0.109649 0.169042
0 0.518782 0.573099 0.103558 0.187317
0 0.447714 0.579191 0.091374 0.172088
0 0.367507 0.582237 0.097466 0.236050
0 0.307099 0.549494 0.094420 0.204069
0 0.261381 0.547743 0.070087 0.214120
0 0.234158 0.443486 0.116344 0.160048
