0 0.438411 0.108093 0.136905 0.209270
0 0.385324 0.143760 0.154304 0.200824
0 0.343199 0.225050 0.165295 0.209231
0 0.313676 0.343955 0.165588 0.194017
0 0.328679 0.486246 0.178632 0.212805
0 0.356372 0.674327 0.229887 0.300816
0 0.365232 0.864302 0.186823 0.237938
0 0.506970 0.093584 0.140359 0.187168
0 0.573613 0.102114 0.151196 0.204227
0 0.648547 0.147016 0.162803 0.221671
0 0.724545 0.237647 0.155096 0.206498
0 0.783163 0.363837 0.177855 0.218058
0 0.867269 0.541217 0.213566 0.294258
0 0.922429 0.740180 0.155142 0.276604
