0 0.587877 0.915273 0.066444 0.110382
0 0.638246 0.883123 0.077160 0.112526
0 0.679327 0.829004 0.080733 0.126457
0 0.703975 0.735768 0.098594 0.147891
0 0.726838 0.640925 0.108596 0.140389
0 0.762560 0.526256 0.115741 0.185400
0 0.780421 0.426590 0.117170 0.091092
0 0.531436 0.912594 0.065015 0.124314
0 0.475709 0.902949 0.066444 0.135031
0 0.428912 0.868120 0.075732 0.142533
0 0.392475 0.789888 0.094307 0.148963
0 0.357467 0.694509 0.104310 0.133959
0 0.327103 0.578768 0.117884 0.181113
0 0.290666 0.441058 0.112168 0.184328
