0 0.495548 0.685541 0.115741 0.178063
0 0.399840 0.645477 0.099418 0.160256
0 0.339002 0.556446 0.105354 0.169160
0 0.308583 0.421786 0.136515 0.171385
0 0.293002 0.273771 0.158773 0.240385
0 0.228454 0.134660 0.148386 0.220353
0 0.221777 0.040064 0.140966 0.080128
0 0.593483 0.684428 0.109805 0.149127
0 0.662482 0.628784 0.102386 0.140224
0 0.712191 0.531962 0.106838 0.178063
0 0.739643 0.412883 0.129095 0.153579
0 0.743352 0.258191 0.154321 0.227030
0 0.781933 0.107950 0.145418 0.202546
0 0.775997 0.027822 0.154321 0.055645
