0 0.459117 0.393316 0.109678 0.201720
0 0.394345 0.406167 0.074405 0.151290
0 0.343364 0.405341 0.059524 0.164517
0 0.312261 0.419808 0.036376 0.140542
0 0.534314 0.392016 0.095338 0.178619
0 0.601376 0.400363 0.079015 0.169716
0 0.644036 0.391460 0.051564 0.161926
0 0.673880 0.405371 0.040435 0.139668
0 0.695312 0.428742 0.024113 0.107394
0 0.710522 0.436254 0.022629 0.112402
0 0.464202 0.493011 0.047112 0.073451
0 0.435452 0.486612 0.039322 0.055088
0 0.394646 0.491342 0.065290 0.079015
0 0.350650 0.486055 0.049709 0.068443
0 0.510779 0.491116 0.045687 0.064470
0 0.551897 0.489847 0.048056 0.068023
0 0.592677 0.490863 0.054486 0.079191
0 0.631647 0.482994 0.045010 0.081729
0 0.654659 0.488578 0.036211 0.081729
0 0.277798 0.482580 0.069968 0.090239
0 0.272769 0.399698 0.061140 0.106913
0 0.322219 0.499555 0.034871 0.057203
