0 0.447796 0.358966 0.146092 0.230587
0 0.357658 0.353513 0.111710 0.225892
0 0.297852 0.363116 0.082664 0.203371
0 0.257790 0.371197 0.068854 0.174880
0 0.228627 0.363757 0.063793 0.147309
0 0.201654 0.345583 0.053356 0.144049
0 0.177712 0.328197 0.040540 0.131886
0 0.157381 0.285551 0.034021 0.104162
0 0.554131 0.336180 0.146858 0.244728
0 0.644690 0.342142 0.109720 0.193236
0 0.705227 0.321958 0.103614 0.217470
0 0.749507 0.339971 0.062407 0.175284
0 0.773856 0.329672 0.042958 0.134303
0 0.791417 0.296866 0.049671 0.150151
0 0.807329 0.255387 0.037585 0.138065
0 0.563417 0.582335 0.084546 0.193834
0 0.621628 0.585615 0.093601 0.204520
0 0.678671 0.581279 0.095555 0.223112
0 0.720331 0.539305 0.087699 0.155229
0 0.751589 0.521092 0.074000 0.148382
0 0.759614 0.488736 0.118511 0.167120
0 0.790591 0.425770 0.078529 0.143450
0 0.805779 0.352854 0.062611 0.101759
0 0.503573 0.588072 0.097785 0.196307
0 0.443078 0.591113 0.101351 0.209661
0 0.379359 0.595046 0.099010 0.214823
0 0.330573 0.558709 0.103585 0.162307
0 0.285774 0.546278 0.077071 0.143297
0 0.245523 0.535029 0.087968 0.150931
0 0.214449 0.481349 0.090119 0.137097
