0 0.338364 0.205764 0.124800 0.190269
0 0.288505 0.228444 0.106219 0.166840
0 0.253324 0.261173 0.115710 0.205130
0 0.244968 0.345968 0.131892 0.167953
0 0.233536 0.420934 0.149319 0.195685
0 0.232148 0.511851 0.189454 0.236421
0 0.247238 0.664264 0.200053 0.235802
0 0.385572 0.183128 0.115517 0.184322
0 0.445496 0.193036 0.120643 0.177623
0 0.506980 0.190543 0.138596 0.227407
0 0.563999 0.269139 0.133394 0.176427
0 0.606819 0.322911 0.159253 0.192581
0 0.663184 0.409005 0.193929 0.238774
0 0.723233 0.528733 0.180496 0.225949
