0 0.545011 0.278606 0.067035 0.102981
0 0.498706 0.289049 0.071966 0.113135
0 0.453772 0.307887 0.073396 0.113336
0 0.412236 0.372586 0.085778 0.126640
0 0.375328 0.440670 0.091911 0.125399
0 0.339975 0.541781 0.121421 0.175801
0 0.316024 0.639572 0.109143 0.118360
0 0.587397 0.296046 0.060071 0.088336
0 0.628559 0.324796 0.076557 0.115883
0 0.663757 0.346694 0.090670 0.131532
0 0.668161 0.442456 0.086114 0.114072
0 0.679022 0.515613 0.092286 0.118093
0 0.687095 0.608610 0.126688 0.173387
0 0.683370 0.710337 0.122499 0.108673
