0 0.449482 0.430745 0.097375 0.137535
0 0.391402 0.414088 0.074766 0.131635
0 0.346355 0.402093 0.069746 0.128208
0 0.316680 0.405002 0.059318 0.118576
0 0.292001 0.395870 0.049715 0.095451
0 0.266154 0.381619 0.056291 0.084126
0 0.237942 0.374114 0.046738 0.067813
0 0.522302 0.446643 0.089333 0.125517
0 0.582578 0.440956 0.079976 0.110592
0 0.628773 0.434705 0.063312 0.108250
0 0.661686 0.445702 0.050301 0.099616
0 0.683272 0.446612 0.036654 0.080006
0 0.705176 0.441904 0.043230 0.068681
0 0.489882 0.549690 0.060679 0.102436
0 0.534248 0.553093 0.068331 0.111677
0 0.577933 0.547906 0.061360 0.094366
0 0.614016 0.543066 0.061506 0.088942
0 0.626661 0.537056 0.070323 0.080654
0 0.652715 0.525457 0.074662 0.074459
0 0.677639 0.498383 0.083383 0.089635
0 0.453488 0.544457 0.053796 0.090542
0 0.413398 0.529924 0.062434 0.095178
0 0.371025 0.516849 0.057562 0.080805
0 0.333753 0.499151 0.049044 0.060788
0 0.310997 0.496398 0.049840 0.058333
0 0.297890 0.479872 0.090150 0.085385
0 0.285855 0.445169 0.070943 0.066432
