0 0.479828 0.450472 0.115249 0.194589
0 0.422184 0.446646 0.079508 0.160312
0 0.373965 0.450943 0.072306 0.169266
0 0.347595 0.427954 0.058113 0.189590
0 0.329418 0.447095 0.038739 0.123069
0 0.315422 0.453762 0.040442 0.124772
0 0.292781 0.435999 0.048878 0.114630
0 0.552167 0.453168 0.101065 0.178259
0 0.617668 0.452980 0.084129 0.168228
0 0.667023 0.450985 0.084260 0.199326
0 0.703788 0.454596 0.066007 0.186071
0 0.726164 0.481411 0.046905 0.157200
0 0.745538 0.476399 0.038928 0.137074
0 0.486028 0.622963 0.083496 0.172836
0 0.443384 0.620416 0.088622 0.166290
0 0.385881 0.643399 0.082948 0.166571
0 0.350859 0.604824 0.051935 0.143652
0 0.339818 0.583735 0.058326 0.127891
0 0.311926 0.580901 0.050461 0.103112
0 0.300298 0.557095 0.039928 0.091269
0 0.535168 0.621724 0.077423 0.149518
0 0.583982 0.643722 0.081631 0.166317
0 0.636631 0.645721 0.082808 0.179770
0 0.669656 0.637661 0.075673 0.184280
0 0.694979 0.625799 0.052685 0.132771
0 0.716202 0.624736 0.049826 0.125127
0 0.730406 0.602204 0.054024 0.123029
0 0.752056 0.564472 0.056137 0.084602
