0 0.454132 0.806437 0.130216 0.186859
0 0.369692 0.752979 0.141549 0.242399
0 0.295162 0.684664 0.118077 0.243681
0 0.256544 0.583267 0.173030 0.243635
0 0.241153 0.436267 0.181903 0.187546
0 0.237612 0.211634 0.123756 0.162088
0 0.258885 0.113809 0.087935 0.101419
0 0.547848 0.815366 0.122372 0.169368
0 0.629533 0.802019 0.134570 0.166300
0 0.707494 0.722372 0.159763 0.245284
0 0.770895 0.647648 0.161811 0.236859
0 0.831807 0.521275 0.186408 0.232006
0 0.898563 0.332746 0.178654 0.167033
0 0.913239 0.212027 0.173521 0.147207
