0 0.444885 0.400794 0.101962 0.186012
0 0.369103 0.378059 0.088183 0.173611
0 0.320188 0.386326 0.078538 0.173611
0 0.280919 0.368758 0.046847 0.171544
0 0.529624 0.400794 0.114363 0.186012
0 0.595762 0.394593 0.075783 0.157077
0 0.648121 0.392526 0.059248 0.173611
0 0.685323 0.402860 0.045470 0.157077
0 0.706335 0.397693 0.031002 0.132275
0 0.725281 0.378059 0.037202 0.119874
0 0.748705 0.386326 0.033069 0.099206
0 0.452498 0.638744 0.067033 0.146123
0 0.405720 0.657190 0.073785 0.152633
0 0.360147 0.637297 0.064622 0.151910
0 0.324219 0.614511 0.047743 0.143953
0 0.302758 0.583767 0.048225 0.138889
0 0.275752 0.468388 0.103202 0.181568
0 0.497348 0.632957 0.063175 0.137442
0 0.545091 0.641276 0.065104 0.154080
0 0.593798 0.637297 0.067998 0.150463
0 0.631173 0.627170 0.057870 0.144676
0 0.648534 0.600043 0.075231 0.119358
0 0.676264 0.572917 0.085359 0.144676
