0 0.463090 0.894535 0.153699 0.192230
0 0.386562 0.855552 0.128351 0.185782
0 0.349397 0.740296 0.135516 0.200299
0 0.339359 0.615266 0.151409 0.167536
0 0.332351 0.492635 0.164948 0.191578
0 0.340163 0.327579 0.206230 0.283276
0 0.328893 0.191481 0.171602 0.192632
0 0.561013 0.895334 0.165458 0.205041
0 0.640090 0.850935 0.127997 0.178426
0 0.710446 0.780851 0.134182 0.161157
0 0.753577 0.656567 0.157149 0.178177
0 0.799821 0.544929 0.171206 0.190136
0 0.842511 0.404585 0.206271 0.278416
0 0.894648 0.263819 0.180430 0.207412
