0 0.520407 0.791782 0.123721 0.173581
0 0.449612 0.791981 0.099176 0.149748
0 0.391376 0.708777 0.123176 0.175885
0 0.338133 0.577368 0.143243 0.172091
0 0.304365 0.470468 0.145549 0.164068
0 0.283649 0.342279 0.167742 0.225436
0 0.253154 0.197615 0.161091 0.162159
0 0.597909 0.767341 0.137378 0.176197
0 0.670045 0.764587 0.109226 0.177961
0 0.706463 0.670831 0.121878 0.171026
0 0.724601 0.540973 0.144710 0.171064
0 0.741918 0.437757 0.135746 0.160676
0 0.745039 0.302838 0.167157 0.212387
0 0.749689 0.167155 0.152630 0.156547
