0 0.454308 0.166347 0.122010 0.168747
0 0.383605 0.181996 0.121907 0.178926
0 0.328736 0.207927 0.139569 0.183814
0 0.278638 0.287435 0.138308 0.177879
0 0.223900 0.370410 0.154537 0.193796
0 0.229984 0.552741 0.194346 0.256663
0 0.209299 0.725874 0.196354 0.241222
0 0.212372 0.887889 0.161280 0.224221
0 0.515215 0.170771 0.127343 0.190283
0 0.573754 0.189345 0.147414 0.192282
0 0.632012 0.266913 0.130474 0.194349
0 0.691411 0.363470 0.142769 0.181094
0 0.744858 0.463152 0.133318 0.200621
0 0.810771 0.609813 0.187981 0.258711
0 0.854555 0.786613 0.178909 0.240914
