0 0.498616 0.868057 0.173163 0.221439
0 0.400109 0.846729 0.146348 0.193984
0 0.321887 0.764385 0.145818 0.199572
0 0.270168 0.647135 0.167463 0.197707
0 0.218139 0.528126 0.173998 0.187496
0 0.181049 0.404669 0.214533 0.279869
0 0.123775 0.290213 0.209893 0.244961
0 0.623406 0.862378 0.169505 0.226476
0 0.696079 0.780635 0.161414 0.197777
0 0.754805 0.683817 0.163275 0.208332
0 0.745571 0.544565 0.177791 0.196119
0 0.744110 0.419663 0.187014 0.201155
0 0.740396 0.284274 0.207126 0.280836
0 0.726061 0.128077 0.196249 0.256155
