0 0.433072 0.843841 0.105411 0.155607
0 0.367818 0.798665 0.085333 0.130509
0 0.303400 0.728391 0.113777 0.160626
0 0.272446 0.620470 0.112104 0.135529
0 0.241492 0.525098 0.110431 0.140548
0 0.223923 0.404628 0.128836 0.180705
0 0.209701 0.275374 0.123816 0.138038
0 0.526771 0.836312 0.112104 0.155607
0 0.596209 0.801175 0.090352 0.145568
0 0.648078 0.734665 0.113777 0.163136
0 0.679032 0.626744 0.115450 0.143058
0 0.700783 0.521333 0.118797 0.133019
0 0.714169 0.407138 0.145568 0.190744
0 0.729227 0.277884 0.128836 0.153097
