0 0.485549 0.862857 0.182356 0.227719
0 0.392553 0.834586 0.138364 0.200585
0 0.313546 0.759641 0.175762 0.202429
0 0.266019 0.644686 0.193173 0.192866
0 0.210503 0.496946 0.206087 0.271680
0 0.145574 0.337527 0.212618 0.290165
0 0.112926 0.170656 0.155371 0.146789
0 0.582514 0.871953 0.169541 0.217970
0 0.665481 0.845873 0.157493 0.205002
0 0.729101 0.781444 0.170462 0.231764
0 0.752679 0.654481 0.196243 0.238848
0 0.769541 0.503883 0.208357 0.288049
0 0.769632 0.337009 0.205321 0.274898
0 0.769784 0.161306 0.193883 0.241699
