0 0.522131 0.282046 0.168877 0.225377
0 0.410049 0.302623 0.162534 0.219035
0 0.339959 0.335018 0.163152 0.240611
0 0.276144 0.421543 0.180943 0.216485
0 0.214008 0.486921 0.177574 0.196603
0 0.178329 0.583157 0.221117 0.250303
0 0.131865 0.679399 0.165330 0.160229
0 0.628746 0.308628 0.174380 0.221989
0 0.704398 0.367733 0.159597 0.225444
0 0.760505 0.433132 0.186508 0.251534
0 0.774840 0.519310 0.182623 0.233225
0 0.787353 0.591170 0.151910 0.200065
0 0.763999 0.704920 0.148580 0.167613
0 0.750818 0.782504 0.151102 0.188643
0 0.510946 0.827443 0.103623 0.142803
0 0.569514 0.845897 0.117498 0.180265
0 0.628217 0.884409 0.114975 0.159235
0 0.672465 0.904684 0.062571 0.072724
0 0.446214 0.808993 0.109543 0.148360
0 0.370689 0.825592 0.131499 0.210957
0 0.294117 0.813432 0.141556 0.182183
0 0.233678 0.798363 0.108231 0.124911
