0 0.409863 0.732304 0.114847 0.148342
0 0.354231 0.688321 0.093583 0.136708
0 0.325860 0.626174 0.108308 0.145571
0 0.330488 0.541318 0.123120 0.139449
0 0.322147 0.467694 0.110865 0.117564
0 0.324524 0.388872 0.124635 0.147245
0 0.323524 0.319102 0.117535 0.115860
0 0.485589 0.747833 0.104065 0.123743
0 0.550617 0.743484 0.086092 0.118749
0 0.598470 0.702626 0.098304 0.130125
0 0.628197 0.621839 0.114632 0.131798
0 0.658920 0.552573 0.107747 0.116958
0 0.692242 0.483811 0.134812 0.168726
0 0.717724 0.405435 0.128275 0.129949
