0 0.437102 0.297318 0.190616 0.245777
0 0.330048 0.321047 0.130989 0.221024
0 0.250003 0.357313 0.176019 0.257028
0 0.224103 0.430149 0.191125 0.222312
0 0.136235 0.460063 0.133677 0.192749
0 0.556951 0.280109 0.192727 0.267563
0 0.640134 0.273209 0.195920 0.303828
0 0.721983 0.292045 0.172878 0.315939
0 0.781140 0.282127 0.165280 0.300325
0 0.862865 0.314040 0.203122 0.277686
0 0.569722 0.503106 0.145561 0.259404
0 0.653074 0.529081 0.165069 0.289749
0 0.743188 0.543787 0.157179 0.296404
0 0.826664 0.570643 0.155582 0.256499
0 0.883453 0.535291 0.193163 0.238490
0 0.879057 0.481151 0.241885 0.198791
0 0.481782 0.512773 0.171997 0.264844
0 0.387204 0.534590 0.181084 0.306664
0 0.312404 0.587279 0.187671 0.267910
0 0.204793 0.611377 0.139672 0.223208
0 0.114036 0.627722 0.174616 0.226394
0 0.044813 0.578059 0.089626 0.164125
0 0.913491 0.224678 0.108697 0.116584
