0 0.447314 0.415674 0.157393 0.249801
0 0.373879 0.437871 0.122304 0.204433
0 0.315065 0.442815 0.117806 0.225054
0 0.275699 0.462998 0.096953 0.187813
0 0.257424 0.477275 0.071838 0.143789
0 0.229672 0.484194 0.091858 0.164801
0 0.199531 0.471061 0.074683 0.144387
0 0.174345 0.451671 0.055589 0.113851
0 0.542498 0.391192 0.163701 0.250381
0 0.615443 0.374254 0.116007 0.213121
0 0.669068 0.364944 0.114281 0.219860
0 0.712598 0.378450 0.075145 0.156056
0 0.734193 0.365883 0.068727 0.143978
0 0.756980 0.360201 0.072692 0.135040
0 0.778542 0.334838 0.060547 0.129806
0 0.493609 0.545400 0.106403 0.156984
0 0.441407 0.547183 0.088792 0.146490
0 0.384758 0.569083 0.108688 0.157553
0 0.327508 0.565213 0.082298 0.134190
0 0.299008 0.568837 0.050781 0.084976
0 0.267570 0.570794 0.068615 0.103654
0 0.228832 0.560481 0.069636 0.111217
0 0.194535 0.511895 0.059635 0.087568
0 0.546124 0.527699 0.103684 0.175865
0 0.605494 0.528362 0.094577 0.160132
0 0.659557 0.519021 0.119517 0.209047
0 0.702301 0.492245 0.104579 0.176858
0 0.736184 0.488807 0.076948 0.138812
0 0.766923 0.471777 0.096553 0.139469
0 0.792152 0.434120 0.085781 0.128321
0 0.793955 0.384442 0.049097 0.066092
