0 0.467647 0.413532 0.144105 0.203100
0 0.382864 0.399081 0.101993 0.173961
0 0.319486 0.398114 0.085928 0.180145
0 0.256325 0.387740 0.068877 0.167542
0 0.218337 0.386338 0.071040 0.164142
0 0.182099 0.381495 0.060982 0.106239
0 0.152869 0.355238 0.058343 0.115468
0 0.561456 0.405497 0.112800 0.201459
0 0.631273 0.398560 0.089946 0.167475
0 0.680059 0.381101 0.068525 0.175720
0 0.722558 0.386271 0.054878 0.138705
0 0.752575 0.382546 0.045637 0.111289
0 0.447201 0.579062 0.098125 0.159707
0 0.382801 0.587461 0.092558 0.187518
0 0.321967 0.557781 0.095213 0.193512
0 0.269909 0.540335 0.072052 0.153657
0 0.219095 0.514125 0.088610 0.156866
0 0.171429 0.476999 0.074749 0.137525
0 0.511147 0.599847 0.086033 0.152378
0 0.561258 0.584360 0.074365 0.139757
0 0.611201 0.581694 0.069585 0.144010
0 0.660121 0.579352 0.067854 0.149173
0 0.692113 0.564047 0.058785 0.147947
0 0.725849 0.540603 0.076507 0.141674
