0 0.406456 0.126757 0.126693 0.168303
0 0.319900 0.134935 0.113003 0.155410
0 0.255638 0.217320 0.117706 0.195303
0 0.212487 0.336533 0.145789 0.193800
0 0.174524 0.449705 0.150065 0.174085
0 0.146421 0.589356 0.172815 0.256819
0 0.100879 0.753290 0.195406 0.240227
0 0.508889 0.139046 0.126606 0.165817
0 0.595977 0.186890 0.104891 0.160093
0 0.649412 0.295787 0.119978 0.165586
0 0.672937 0.429774 0.143611 0.178826
0 0.691053 0.552371 0.148408 0.174028
0 0.700150 0.719457 0.170029 0.224443
0 0.714214 0.863070 0.169863 0.172294
