0 0.497203 0.348022 0.179373 0.277150
0 0.396232 0.348518 0.141750 0.256659
0 0.323521 0.324742 0.112747 0.204801
0 0.276147 0.313566 0.102409 0.203348
0 0.240899 0.301833 0.091448 0.197464
0 0.201222 0.307084 0.104914 0.182976
0 0.160370 0.264015 0.081624 0.145586
0 0.597988 0.397725 0.146276 0.265258
0 0.684798 0.430119 0.121434 0.255885
0 0.732306 0.460661 0.075822 0.182417
0 0.762576 0.471647 0.080453 0.181892
0 0.786953 0.478132 0.059737 0.168392
0 0.833632 0.444917 0.084617 0.161301
0 0.549965 0.612698 0.115180 0.216968
0 0.609209 0.659372 0.118387 0.247221
0 0.667149 0.634062 0.096933 0.198717
0 0.700547 0.651811 0.091767 0.191717
0 0.733139 0.632730 0.077445 0.156763
0 0.809501 0.569215 0.138183 0.157457
0 0.489089 0.585377 0.123437 0.238520
0 0.413081 0.568983 0.130396 0.228517
0 0.352764 0.553163 0.118104 0.237770
0 0.307553 0.514989 0.096933 0.198717
0 0.262448 0.507018 0.101482 0.208768
0 0.201658 0.467470 0.153578 0.222364
0 0.166844 0.378539 0.088162 0.136309
