0 0.464278 0.291559 0.096451 0.212191
0 0.391761 0.291559 0.077160 0.175754
0 0.345679 0.291559 0.072159 0.160751
0 0.298525 0.297990 0.069302 0.141461
0 0.258873 0.293703 0.075732 0.160751
0 0.216364 0.234761 0.063586 0.120027
0 0.555013 0.286201 0.113597 0.233625
0 0.677183 0.282450 0.097880 0.189686
0 0.730767 0.334426 0.069302 0.160751
0 0.764346 0.331211 0.056441 0.158608
0 0.803998 0.279771 0.050011 0.096451
0 0.528221 0.543403 0.067158 0.177898
0 0.579661 0.567515 0.075732 0.228266
0 0.638960 0.580376 0.082876 0.245413
0 0.690043 0.551440 0.066444 0.187543
0 0.729695 0.540188 0.080018 0.182184
0 0.766132 0.494106 0.118599 0.188615
0 0.805070 0.393368 0.087877 0.158608
0 0.475709 0.561621 0.065015 0.218621
0 0.418910 0.562693 0.082876 0.227195
0 0.366755 0.569659 0.082876 0.288280
0 0.314243 0.508038 0.070730 0.156464
0 0.257087 0.556263 0.086448 0.120027
0 0.242441 0.498928 0.104310 0.099666
0 0.232082 0.428198 0.136460 0.131816
0 0.197431 0.333355 0.122885 0.162894
