0 0.453003 0.367632 0.150534 0.252706
0 0.369107 0.379867 0.128084 0.208251
0 0.289494 0.394987 0.116342 0.208691
0 0.226202 0.412788 0.108253 0.189205
0 0.177057 0.414314 0.086997 0.173844
0 0.140631 0.415587 0.072944 0.165293
0 0.114524 0.418686 0.065120 0.149609
0 0.558640 0.364066 0.148135 0.242448
0 0.647638 0.349564 0.113004 0.221071
0 0.704391 0.335405 0.107756 0.218181
0 0.764696 0.347747 0.084284 0.171131
0 0.800320 0.347166 0.061870 0.163257
0 0.827763 0.338879 0.052002 0.142385
0 0.848834 0.329082 0.040035 0.151639
0 0.449092 0.557783 0.101164 0.202409
0 0.394345 0.571783 0.111883 0.197027
0 0.324988 0.587690 0.099055 0.239051
0 0.267854 0.571783 0.096350 0.183678
0 0.209729 0.567002 0.071646 0.164431
0 0.181022 0.565471 0.062540 0.142772
0 0.151301 0.541013 0.079747 0.129960
0 0.516410 0.546441 0.104406 0.207015
0 0.585175 0.547382 0.106597 0.213300
0 0.658065 0.544054 0.113262 0.241796
0 0.718347 0.507995 0.095456 0.179235
0 0.766391 0.499328 0.086038 0.169817
0 0.804982 0.498841 0.083477 0.158251
0 0.827337 0.460127 0.096424 0.134630
