0 0.421610 0.293568 0.102751 0.123181
0 0.381958 0.338973 0.079735 0.113785
0 0.361471 0.404956 0.091312 0.111741
0 0.364616 0.489335 0.093955 0.110051
0 0.365823 0.556869 0.103891 0.114415
0 0.380806 0.662150 0.141651 0.171986
0 0.390787 0.770960 0.135498 0.157166
0 0.487718 0.272121 0.094320 0.125893
0 0.541225 0.284166 0.090674 0.122866
0 0.587416 0.323651 0.086526 0.117480
0 0.620003 0.391911 0.104757 0.132615
0 0.656304 0.454451 0.099105 0.120154
0 0.692651 0.540400 0.128000 0.171336
0 0.737930 0.621986 0.125995 0.161902
0 0.769663 0.697823 0.115900 0.121472
