0 0.472826 0.415310 0.136738 0.204815
0 0.395758 0.422205 0.108069 0.184892
0 0.334657 0.429936 0.099577 0.179964
0 0.299773 0.439130 0.073918 0.146847
0 0.278967 0.468358 0.074659 0.142403
0 0.257758 0.486094 0.072370 0.129418
0 0.569806 0.399427 0.133083 0.192734
0 0.647246 0.369342 0.103303 0.179477
0 0.704124 0.362964 0.110892 0.192252
0 0.734551 0.372204 0.070401 0.148514
0 0.757413 0.373041 0.069476 0.134626
0 0.786546 0.370338 0.069522 0.139209
0 0.806609 0.366801 0.053558 0.113520
0 0.556110 0.597795 0.092496 0.178715
0 0.612536 0.595757 0.112186 0.203917
0 0.671289 0.579312 0.097100 0.187533
0 0.713186 0.561579 0.085324 0.168301
0 0.737646 0.543878 0.082502 0.160941
0 0.775121 0.537878 0.080999 0.148095
0 0.789217 0.507400 0.077669 0.129209
0 0.510049 0.612611 0.091456 0.172813
0 0.457533 0.611526 0.103141 0.182879
0 0.402716 0.606586 0.087776 0.177883
0 0.363956 0.612204 0.089907 0.155384
0 0.328737 0.617197 0.084958 0.131638
0 0.297233 0.608755 0.087572 0.137817
