0 0.451389 0.848380 0.118056 0.182870
0 0.369213 0.841435 0.104938 0.138889
0 0.302855 0.744792 0.118827 0.179398
0 0.261574 0.620370 0.156636 0.189815
0 0.240741 0.506944 0.159722 0.159722
0 0.207562 0.353009 0.182870 0.256944
0 0.193673 0.168403 0.162809 0.228009
0 0.181327 0.053241 0.130401 0.104167
0 0.562886 0.847801 0.135802 0.186343
0 0.645448 0.805556 0.115741 0.150463
0 0.701389 0.718750 0.135031 0.185185
0 0.741127 0.588542 0.135802 0.163194
0 0.770062 0.468750 0.147377 0.171296
0 0.793981 0.335648 0.156636 0.247685
0 0.819830 0.154514 0.163580 0.214120
0 0.819059 0.045718 0.138889 0.079861
