0 0.401125 0.872884 0.191797 0.215538
0 0.326458 0.804487 0.150892 0.193772
0 0.269341 0.697235 0.166096 0.211443
0 0.265187 0.557993 0.206701 0.222724
0 0.242335 0.432429 0.215661 0.202981
0 0.258626 0.281255 0.219394 0.295289
0 0.264183 0.139849 0.185497 0.252137
0 0.516936 0.904000 0.182651 0.191999
0 0.613364 0.864231 0.153974 0.196854
0 0.695940 0.774778 0.155619 0.197264
0 0.751405 0.645161 0.203404 0.231155
0 0.821477 0.532285 0.165295 0.183483
0 0.872219 0.409350 0.214288 0.250062
0 0.911672 0.253320 0.176656 0.238136
