0 0.419024 0.413998 0.109311 0.160751
0 0.349901 0.420428 0.086806 0.157536
0 0.314536 0.427662 0.067515 0.152713
0 0.281850 0.423643 0.047154 0.131816
0 0.256666 0.410783 0.041795 0.122171
0 0.232553 0.395512 0.047154 0.120563
0 0.208976 0.383456 0.045010 0.096451
0 0.501007 0.417213 0.093236 0.154321
0 0.569059 0.430073 0.075017 0.144676
0 0.617284 0.419624 0.055727 0.152713
0 0.653721 0.423643 0.047154 0.131816
0 0.676226 0.409979 0.036437 0.110918
0 0.697124 0.399531 0.052512 0.122171
0 0.726059 0.379437 0.039652 0.107703
0 0.484954 0.556713 0.073302 0.134259
0 0.532407 0.552662 0.063272 0.142361
0 0.582176 0.554977 0.056327 0.130787
0 0.622299 0.597222 0.062500 0.115741
0 0.642361 0.551505 0.057870 0.100694
0 0.681713 0.539352 0.070216 0.115741
0 0.709877 0.501736 0.063272 0.105324
0 0.439429 0.573495 0.077932 0.137731
0 0.396219 0.550347 0.065586 0.146991
0 0.359568 0.557292 0.044753 0.121528
0 0.319444 0.592014 0.060185 0.116898
0 0.288580 0.561343 0.043210 0.104167
0 0.260802 0.534144 0.055556 0.116898
0 0.239583 0.490162 0.053241 0.112269
