0 0.462249 0.535846 0.120968 0.168961
0 0.400509 0.571617 0.102604 0.161298
0 0.356149 0.577437 0.095923 0.172999
0 0.529951 0.531775 0.123517 0.181935
0 0.506040 0.627399 0.080603 0.128053
0 0.543866 0.624955 0.065824 0.093523
0 0.585543 0.600590 0.096291 0.168978
0 0.630180 0.591208 0.096927 0.174277
0 0.665799 0.607945 0.069180 0.126233
0 0.692720 0.586677 0.076948 0.127141
0 0.464747 0.623721 0.087900 0.146323
0 0.435405 0.646175 0.066720 0.116366
0 0.411078 0.682516 0.091384 0.132797
0 0.359004 0.679198 0.084239 0.153635
0 0.320097 0.658622 0.118775 0.168415
0 0.290987 0.608822 0.111865 0.121453
