0 0.422065 0.441048 0.164283 0.255137
0 0.332238 0.446811 0.125984 0.195817
0 0.286237 0.446935 0.093425 0.209237
0 0.266527 0.465032 0.082508 0.171592
0 0.238965 0.447260 0.066096 0.156608
0 0.214447 0.432261 0.069409 0.141033
0 0.191925 0.418899 0.046474 0.095292
0 0.526690 0.449219 0.165511 0.210747
0 0.593974 0.432702 0.123316 0.210256
0 0.659527 0.407995 0.094431 0.215589
0 0.693182 0.417640 0.073836 0.168980
0 0.720109 0.409469 0.061214 0.157073
0 0.736731 0.413510 0.026568 0.078129
0 0.461996 0.620014 0.098995 0.169945
0 0.402339 0.632889 0.098642 0.167716
0 0.350750 0.640203 0.089368 0.175482
0 0.300968 0.619245 0.088090 0.139972
0 0.260376 0.574557 0.102826 0.146108
0 0.226729 0.525628 0.080572 0.138238
0 0.525339 0.615978 0.095479 0.156895
0 0.582159 0.621257 0.097848 0.162702
0 0.641533 0.631843 0.102771 0.196073
0 0.677949 0.608085 0.097193 0.163141
0 0.701817 0.576033 0.100225 0.145696
0 0.727746 0.541370 0.095419 0.131355
0 0.737408 0.499292 0.059085 0.094801
