0 0.430341 0.384795 0.089306 0.146819
0 0.367470 0.379973 0.065015 0.147891
0 0.318530 0.371935 0.060014 0.144676
0 0.289952 0.375686 0.041438 0.135031
0 0.270305 0.386938 0.029292 0.114669
0 0.248871 0.385331 0.045010 0.115741
0 0.233153 0.368184 0.029292 0.096451
0 0.510002 0.392297 0.092878 0.142533
0 0.573588 0.394976 0.057156 0.132888
0 0.621456 0.395512 0.058585 0.138246
0 0.655393 0.394440 0.047868 0.129672
0 0.681113 0.392833 0.032150 0.094307
0 0.705404 0.397119 0.053584 0.130744
0 0.725766 0.384795 0.030007 0.110382
0 0.486783 0.626993 0.062157 0.138246
0 0.535365 0.629137 0.065015 0.138246
0 0.579661 0.625922 0.067873 0.133959
0 0.619670 0.624850 0.052155 0.131816
0 0.645748 0.611990 0.047154 0.106096
0 0.678969 0.604488 0.059299 0.121099
0 0.676112 0.565908 0.095022 0.118956
0 0.441058 0.628065 0.069302 0.146819
0 0.390689 0.617348 0.061443 0.140389
0 0.345322 0.612526 0.063586 0.128601
0 0.312457 0.595915 0.062157 0.129672
0 0.290309 0.583055 0.047868 0.101809
0 0.265661 0.577160 0.064300 0.122171
0 0.248157 0.538580 0.057870 0.107167
