0 0.401953 0.962671 0.081683 0.066201
0 0.346115 0.945407 0.071972 0.082939
0 0.311779 0.902702 0.102924 0.143769
0 0.298936 0.828260 0.104216 0.128434
0 0.287019 0.747221 0.109394 0.116231
0 0.285148 0.639347 0.126341 0.175507
0 0.293551 0.522155 0.117360 0.148384
0 0.307545 0.435342 0.093847 0.103702
0 0.474541 0.972241 0.089732 0.055517
0 0.530256 0.963251 0.080651 0.073499
0 0.568686 0.930738 0.095426 0.127198
0 0.605253 0.861894 0.107086 0.136595
0 0.633078 0.785095 0.115876 0.137831
0 0.664239 0.684554 0.131890 0.165942
0 0.704376 0.583928 0.131245 0.173610
0 0.734102 0.487220 0.117909 0.127772
