0 0.457396 0.483027 0.106371 0.160554
0 0.391622 0.488288 0.088140 0.148482
0 0.346200 0.503436 0.076174 0.145920
0 0.318610 0.507949 0.069753 0.123281
0 0.300350 0.524266 0.048331 0.091152
0 0.280222 0.528427 0.048662 0.087915
0 0.263003 0.522659 0.048273 0.096608
0 0.526653 0.469456 0.097557 0.154009
0 0.585724 0.455447 0.083315 0.156630
0 0.630290 0.451664 0.076991 0.152576
0 0.662063 0.456771 0.065745 0.138085
0 0.689983 0.470232 0.043214 0.085061
0 0.709780 0.469491 0.053390 0.102699
0 0.730638 0.459048 0.042144 0.088208
0 0.747896 0.425401 0.028446 0.053750
0 0.537053 0.606112 0.076913 0.146011
0 0.584060 0.594711 0.078431 0.128717
0 0.631973 0.602903 0.073002 0.137883
0 0.663289 0.595117 0.057807 0.132740
0 0.686608 0.589438 0.056736 0.135886
0 0.715530 0.577442 0.073878 0.139083
0 0.732613 0.539313 0.068196 0.116535
0 0.485628 0.609049 0.077302 0.137319
0 0.439010 0.611395 0.070103 0.132065
0 0.396779 0.625025 0.063585 0.132357
0 0.362379 0.638257 0.055647 0.127012
0 0.341735 0.635161 0.046736 0.101882
0 0.318299 0.630720 0.064188 0.131338
0 0.295272 0.608213 0.057164 0.109718
0 0.265046 0.560692 0.042786 0.069713
