0 0.376677 0.385287 0.166075 0.337971
0 0.262398 0.375419 0.108524 0.323170
0 0.181005 0.395155 0.113457 0.328103
0 0.126386 0.428566 0.090079 0.278014
0 0.081689 0.358792 0.063141 0.134991
0 0.567651 0.384843 0.177021 0.397530
0 0.675894 0.359469 0.125155 0.343398
0 0.763840 0.381460 0.118390 0.353548
0 0.851787 0.353548 0.077799 0.115030
0 0.932405 0.348473 0.105987 0.155629
0 0.515785 0.762920 0.109370 0.301108
0 0.603168 0.752770 0.119517 0.301108
0 0.693370 0.736700 0.128538 0.323099
0 0.758203 0.691026 0.122900 0.275734
0 0.816270 0.680876 0.119517 0.245285
0 0.882230 0.665652 0.109370 0.245285
0 0.425583 0.752770 0.113880 0.301108
0 0.338200 0.754462 0.117262 0.304491
0 0.249126 0.734162 0.108242 0.307874
0 0.187112 0.713863 0.119517 0.253743
0 0.144267 0.700330 0.090202 0.182695
0 0.121152 0.665652 0.152216 0.218219
0 0.090709 0.554005 0.125155 0.224985
