0 0.482747 0.467014 0.096354 0.234954
0 0.419596 0.473380 0.066406 0.208333
0 0.369141 0.496528 0.081380 0.203704
0 0.331380 0.519097 0.056641 0.160880
0 0.299479 0.504630 0.050130 0.187500
0 0.272786 0.504051 0.067057 0.195602
0 0.246094 0.508681 0.065755 0.149306
0 0.561198 0.480324 0.094401 0.219907
0 0.629557 0.509259 0.072266 0.215278
0 0.667643 0.554977 0.071615 0.202546
0 0.695964 0.581019 0.067057 0.194444
0 0.734049 0.533565 0.040365 0.141204
0 0.779622 0.470486 0.057292 0.160880
0 0.486979 0.579861 0.073568 0.085648
0 0.429688 0.585069 0.070964 0.098380
