0 0.462162 0.883948 0.133547 0.202546
0 0.386485 0.861690 0.118708 0.198095
0 0.324163 0.796029 0.109805 0.173611
0 0.278164 0.674724 0.154321 0.180288
0 0.252196 0.547854 0.132063 0.180288
0 0.231422 0.413194 0.161740 0.240385
0 0.200261 0.242922 0.155805 0.220353
0 0.184681 0.112714 0.077160 0.089031
0 0.561580 0.895077 0.118708 0.180288
0 0.635773 0.849448 0.106838 0.155805
0 0.700321 0.769320 0.120192 0.191417
0 0.739643 0.689192 0.103870 0.151353
0 0.767094 0.593483 0.126128 0.164708
0 0.797513 0.442130 0.157289 0.231481
0 0.831642 0.279647 0.133547 0.235933
0 0.839803 0.143875 0.087547 0.115741
