0 0.470350 0.387474 0.090021 0.200403
0 0.419267 0.402478 0.065015 0.151106
0 0.376758 0.391761 0.062872 0.228266
0 0.334248 0.421768 0.065015 0.166109
0 0.287809 0.406229 0.056441 0.111454
0 0.540724 0.390153 0.090735 0.162894
0 0.590021 0.388546 0.057870 0.157536
0 0.619313 0.410515 0.062157 0.207905
0 0.649320 0.433556 0.039295 0.133959
0 0.664323 0.442130 0.023577 0.110382
0 0.685400 0.427126 0.034294 0.133959
0 0.700760 0.437843 0.017861 0.103952
0 0.530364 0.671468 0.068587 0.213263
0 0.589663 0.662359 0.078589 0.210048
0 0.618599 0.632352 0.060728 0.132888
0 0.647534 0.615205 0.052869 0.128601
0 0.654321 0.562157 0.090735 0.123242
0 0.467850 0.678434 0.067873 0.199331
0 0.417124 0.666645 0.062157 0.227195
0 0.367470 0.639318 0.077160 0.193973
0 0.339963 0.622171 0.059299 0.151106
0 0.318887 0.596451 0.054298 0.114669
0 0.287451 0.565908 0.091449 0.122171
0 0.266732 0.501608 0.104310 0.096451
