0 0.439629 0.341928 0.067158 0.125386
0 0.393904 0.374614 0.074303 0.135031
0 0.349966 0.442130 0.087877 0.150034
0 0.301383 0.523577 0.093593 0.139318
0 0.276735 0.625922 0.104310 0.144676
0 0.231010 0.775956 0.157179 0.228266
0 0.193144 0.906700 0.137174 0.125386
0 0.493927 0.356396 0.067158 0.135031
0 0.548583 0.385331 0.079304 0.132888
0 0.607882 0.409444 0.075017 0.140389
0 0.653964 0.489283 0.105738 0.137174
0 0.675754 0.596986 0.100737 0.146819
0 0.710405 0.742734 0.150034 0.230410
0 0.753940 0.906855 0.154228 0.185710
