0 0.459032 0.351942 0.128435 0.250421
0 0.365184 0.345130 0.115828 0.219179
0 0.299596 0.349159 0.098953 0.239566
0 0.253671 0.362585 0.055095 0.194852
0 0.227478 0.381528 0.072647 0.213255
0 0.196339 0.387452 0.072421 0.200325
0 0.165359 0.384324 0.043850 0.142952
0 0.571114 0.351312 0.128616 0.260765
0 0.668409 0.358183 0.092058 0.239446
0 0.735789 0.350306 0.082213 0.267711
0 0.786117 0.380932 0.059399 0.244046
0 0.816326 0.378873 0.053235 0.187064
0 0.850347 0.405334 0.070291 0.177021
0 0.560179 0.582637 0.082853 0.205677
0 0.628173 0.588998 0.099088 0.247324
0 0.697709 0.605732 0.097545 0.257638
0 0.752617 0.620918 0.073279 0.249459
0 0.789721 0.618979 0.078089 0.228861
0 0.820836 0.614348 0.070472 0.187365
0 0.820674 0.574251 0.109258 0.138923
0 0.821870 0.505722 0.122280 0.095202
0 0.486018 0.583930 0.090470 0.247173
0 0.410836 0.594258 0.091878 0.229102
0 0.341913 0.591761 0.092194 0.247204
0 0.284104 0.594633 0.083169 0.223779
0 0.249924 0.577222 0.075778 0.195213
0 0.216724 0.602510 0.065166 0.179517
0 0.188532 0.587791 0.090794 0.167038
0 0.174125 0.524163 0.086670 0.128188
