0 0.506382 0.479464 0.107738 0.142262
0 0.441071 0.479167 0.077381 0.134524
0 0.387500 0.466071 0.073810 0.135714
0 0.347917 0.477679 0.061310 0.116071
0 0.314832 0.474278 0.049639 0.109206
0 0.285650 0.465704 0.062274 0.121540
0 0.590972 0.484028 0.093981 0.123611
0 0.654861 0.481944 0.070833 0.126852
0 0.712731 0.476157 0.070833 0.132870
0 0.747917 0.470833 0.051389 0.099074
0 0.776157 0.465509 0.042130 0.114352
0 0.809954 0.465741 0.046759 0.126852
0 0.835185 0.453009 0.033333 0.106944
0 0.518750 0.559954 0.062500 0.075463
0 0.467361 0.560417 0.065278 0.091204
0 0.420139 0.566435 0.064352 0.093981
0 0.371528 0.560417 0.055093 0.094907
0 0.330324 0.559491 0.048611 0.093981
0 0.293981 0.557176 0.051852 0.091204
0 0.263657 0.503704 0.049537 0.104630
0 0.565046 0.548148 0.058796 0.087037
0 0.611111 0.551389 0.050000 0.072222
0 0.658102 0.560880 0.062500 0.087500
0 0.707407 0.563194 0.064815 0.099537
0 0.744676 0.550926 0.043056 0.101852
0 0.780556 0.546065 0.056481 0.094907
0 0.813426 0.519444 0.033333 0.051852
