0 0.455042 0.077371 0.110940 0.154742
0 0.390226 0.071036 0.119843 0.142071
0 0.323226 0.093065 0.141329 0.186130
0 0.263832 0.193247 0.152237 0.204485
0 0.223590 0.329983 0.167052 0.200982
0 0.170670 0.484785 0.187106 0.271400
0 0.087014 0.663726 0.174027 0.241801
0 0.528008 0.073506 0.110351 0.147013
0 0.580363 0.110770 0.124808 0.200338
0 0.654104 0.159904 0.124586 0.190194
0 0.673250 0.285423 0.145144 0.201210
0 0.674600 0.428470 0.149590 0.195352
0 0.690839 0.614466 0.197425 0.305375
0 0.719535 0.805004 0.155371 0.250355
