0 0.511837 0.431853 0.144345 0.279724
0 0.406827 0.404950 0.111474 0.244578
0 0.323085 0.379332 0.125780 0.305012
0 0.266794 0.396685 0.083104 0.173858
0 0.215224 0.381984 0.088786 0.206385
0 0.168082 0.375453 0.076004 0.190197
0 0.137326 0.368663 0.051873 0.124474
0 0.631055 0.432207 0.142436 0.273655
0 0.723358 0.430370 0.101022 0.227319
0 0.787196 0.412021 0.098682 0.273750
0 0.834544 0.437746 0.050780 0.133966
0 0.862096 0.406296 0.059124 0.186925
0 0.888258 0.394122 0.041994 0.178865
0 0.598789 0.663746 0.092291 0.212537
0 0.666728 0.662586 0.090104 0.231521
0 0.734125 0.643451 0.104294 0.244202
0 0.793844 0.645722 0.091566 0.168333
0 0.829759 0.628837 0.090660 0.181416
0 0.872939 0.605570 0.079097 0.158130
0 0.858687 0.539702 0.085803 0.119090
0 0.523935 0.655067 0.099705 0.202182
0 0.453454 0.661161 0.104823 0.223937
0 0.365763 0.644152 0.126238 0.222672
0 0.302571 0.636662 0.118646 0.184076
0 0.242395 0.610409 0.134459 0.167000
0 0.182524 0.582340 0.111870 0.161041
0 0.161899 0.524609 0.101257 0.110350
