0 0.489728 0.374812 0.162989 0.209546
0 0.424863 0.373181 0.117613 0.163088
0 0.380684 0.342965 0.094876 0.185825
0 0.354462 0.354140 0.059677 0.119949
0 0.332589 0.280874 0.062406 0.075133
0 0.564243 0.404103 0.124757 0.178469
0 0.620550 0.412364 0.101258 0.164527
0 0.660147 0.434367 0.097337 0.172139
0 0.693978 0.426608 0.078519 0.171445
0 0.712219 0.435558 0.061808 0.151769
0 0.727758 0.442530 0.065533 0.153845
0 0.523585 0.632989 0.088171 0.135953
0 0.570730 0.641842 0.083524 0.126362
0 0.601711 0.632749 0.081943 0.140599
0 0.633680 0.625237 0.087875 0.134667
0 0.672537 0.632854 0.075678 0.109949
0 0.693101 0.605002 0.107236 0.143064
0 0.712867 0.538798 0.109371 0.132108
0 0.476795 0.619459 0.088699 0.141753
0 0.434922 0.612675 0.090244 0.151438
0 0.390354 0.607576 0.092125 0.144617
0 0.353353 0.586348 0.083476 0.128108
0 0.336762 0.573291 0.090886 0.115308
0 0.323670 0.520102 0.129323 0.150095
0 0.318975 0.438867 0.129970 0.167866
