0 0.404175 0.410913 0.089816 0.168306
0 0.345633 0.376570 0.087553 0.200825
0 0.306226 0.376565 0.038330 0.093905
0 0.289928 0.367175 0.037890 0.126552
0 0.277664 0.365630 0.041882 0.092792
0 0.630324 0.433601 0.084963 0.189752
0 0.692313 0.431749 0.090576 0.205121
0 0.740990 0.456464 0.048068 0.116371
0 0.767431 0.432189 0.050556 0.151945
0 0.795030 0.430682 0.044516 0.117484
0 0.538995 0.578305 0.073273 0.183138
0 0.595797 0.602155 0.098036 0.219103
0 0.656256 0.594283 0.081391 0.176859
0 0.693526 0.567937 0.092046 0.157920
0 0.755583 0.553695 0.081186 0.149458
0 0.484671 0.568457 0.062686 0.170416
0 0.434751 0.553299 0.069172 0.173437
0 0.379854 0.543410 0.082782 0.164119
0 0.330025 0.535173 0.082028 0.161498
0 0.303873 0.493156 0.052259 0.119192
0 0.276307 0.471351 0.060192 0.126594
