0 0.475161 0.458527 0.103639 0.168110
0 0.419627 0.458290 0.082676 0.159150
0 0.373816 0.459246 0.072669 0.164307
0 0.343348 0.469216 0.052976 0.131025
0 0.325370 0.469750 0.045186 0.131133
0 0.312103 0.473606 0.038552 0.117547
0 0.544702 0.463775 0.097081 0.160919
0 0.600786 0.468468 0.084041 0.152932
0 0.646275 0.464181 0.076914 0.158443
0 0.674449 0.475867 0.051535 0.130848
0 0.691489 0.468087 0.041300 0.116820
0 0.706310 0.454551 0.066471 0.136939
0 0.528421 0.635080 0.070470 0.181066
0 0.565466 0.628111 0.072612 0.169622
0 0.607476 0.628334 0.083548 0.172029
0 0.647146 0.617849 0.080819 0.144022
0 0.667872 0.597908 0.075000 0.108187
0 0.689963 0.584716 0.055193 0.085533
0 0.705950 0.537868 0.069503 0.109640
0 0.489746 0.637461 0.075000 0.189072
0 0.453175 0.634616 0.073616 0.183581
0 0.408283 0.634040 0.084022 0.181665
0 0.367836 0.618105 0.077957 0.155378
0 0.337093 0.615427 0.065447 0.151714
0 0.307810 0.600863 0.064954 0.130367
