0 0.482777 0.759383 0.108851 0.134342
0 0.411128 0.728381 0.081294 0.121941
0 0.366347 0.668444 0.090939 0.134342
0 0.334656 0.584739 0.110229 0.148810
0 0.300209 0.505167 0.101962 0.146743
0 0.276097 0.401827 0.136409 0.171544
0 0.245784 0.310888 0.100584 0.146743
0 0.555804 0.744916 0.106096 0.121941
0 0.613674 0.701513 0.086806 0.105407
0 0.651565 0.626075 0.107474 0.140542
0 0.670166 0.524802 0.108851 0.132275
0 0.674989 0.431796 0.115741 0.144676
0 0.694968 0.338790 0.119874 0.169478
0 0.703235 0.218915 0.122630 0.161210
