0 0.403549 0.834821 0.124008 0.202546
0 0.327078 0.771784 0.108851 0.212880
0 0.304343 0.644676 0.132275 0.202546
0 0.253362 0.528935 0.154321 0.177745
0 0.234761 0.416295 0.158455 0.150876
0 0.224427 0.270585 0.159832 0.235615
0 0.222360 0.099041 0.163966 0.186012
0 0.506200 0.855489 0.144676 0.181878
0 0.582672 0.794519 0.099206 0.167411
0 0.634342 0.686012 0.117119 0.190146
0 0.664655 0.570271 0.122630 0.157077
0 0.706680 0.449363 0.146054 0.188079
0 0.748705 0.310888 0.161210 0.254216
0 0.774884 0.146577 0.161210 0.243882
0 0.799686 0.051505 0.111607 0.095073
