0 0.334193 0.247213 0.070029 0.105799
0 0.295987 0.193063 0.079983 0.099001
0 0.267326 0.258254 0.090566 0.128235
0 0.243410 0.340386 0.091994 0.121288
0 0.206113 0.411821 0.094319 0.121328
0 0.186828 0.517287 0.117648 0.170538
0 0.163272 0.645351 0.119871 0.164767
0 0.142633 0.761839 0.088931 0.167713
0 0.382550 0.230617 0.062320 0.107988
0 0.433885 0.221049 0.071661 0.110475
0 0.478019 0.202054 0.075982 0.136114
0 0.491284 0.285998 0.083651 0.131600
0 0.511760 0.378788 0.095094 0.121342
0 0.541873 0.474652 0.120626 0.163618
0 0.575638 0.583370 0.106473 0.151752
0 0.601543 0.720436 0.095273 0.175957
