0 0.453513 0.359827 0.186052 0.249978
0 0.374503 0.317748 0.151051 0.237659
0 0.313274 0.300447 0.142436 0.231918
0 0.263592 0.294842 0.108825 0.209167
0 0.235615 0.294648 0.101613 0.173836
0 0.203989 0.298730 0.081446 0.142256
0 0.178111 0.298793 0.075461 0.148983
0 0.552493 0.390140 0.179501 0.229368
0 0.644995 0.395675 0.145705 0.238629
0 0.712850 0.401325 0.129404 0.232354
0 0.750178 0.425656 0.092699 0.185616
0 0.785239 0.435649 0.095842 0.186400
0 0.821035 0.442696 0.086324 0.171867
0 0.467431 0.597425 0.138736 0.231364
0 0.537013 0.617904 0.144338 0.227234
0 0.604970 0.629839 0.135498 0.227240
0 0.647441 0.633542 0.117151 0.195029
0 0.690329 0.619821 0.114116 0.179902
0 0.732620 0.626610 0.130627 0.166331
0 0.769925 0.610870 0.129236 0.190304
0 0.406098 0.566572 0.124638 0.203529
0 0.335156 0.560510 0.132474 0.215748
0 0.271962 0.548242 0.114981 0.186750
0 0.220431 0.524931 0.108053 0.180917
0 0.184951 0.505621 0.094922 0.177643
0 0.160284 0.481055 0.095455 0.159490
0 0.137722 0.459988 0.091699 0.157498
0 0.139867 0.413978 0.073485 0.126231
