0 0.443942 0.447270 0.093107 0.164562
0 0.377685 0.443716 0.085287 0.174010
0 0.315613 0.452222 0.081376 0.178734
0 0.278660 0.463565 0.055271 0.147128
0 0.514222 0.426319 0.095524 0.165802
0 0.582736 0.392150 0.076458 0.171459
0 0.632017 0.384020 0.060081 0.193937
0 0.671820 0.392506 0.052959 0.151880
0 0.475164 0.649811 0.065212 0.167669
0 0.430401 0.650828 0.076374 0.166666
0 0.374719 0.659446 0.077466 0.183458
0 0.324186 0.670552 0.066241 0.180866
0 0.290857 0.657383 0.054201 0.131535
0 0.257403 0.651405 0.058931 0.128023
0 0.518056 0.641569 0.064560 0.176044
0 0.580697 0.646259 0.086504 0.197992
0 0.650260 0.597723 0.084007 0.146432
0 0.686339 0.567784 0.105427 0.138419
