0 0.436293 0.451355 0.120989 0.182049
0 0.371708 0.461662 0.090373 0.152674
0 0.327147 0.457197 0.085730 0.178344
0 0.306769 0.479764 0.057292 0.121697
0 0.285885 0.478372 0.048734 0.119354
0 0.266192 0.448722 0.043357 0.117378
0 0.519970 0.449443 0.115887 0.181412
0 0.583651 0.456447 0.087975 0.157325
0 0.632452 0.449876 0.078817 0.177516
0 0.667855 0.466700 0.049135 0.118691
0 0.700418 0.401642 0.081424 0.139713
0 0.736119 0.410031 0.032443 0.092976
0 0.443190 0.623014 0.091945 0.185440
0 0.403523 0.624228 0.089238 0.181686
0 0.371975 0.623364 0.055856 0.173283
0 0.343392 0.626025 0.072865 0.147505
0 0.321418 0.602215 0.051187 0.133124
0 0.294709 0.581308 0.067596 0.131487
0 0.272018 0.530571 0.055862 0.113884
0 0.488432 0.631966 0.095959 0.185356
0 0.535686 0.633465 0.087594 0.191704
0 0.593517 0.621383 0.100636 0.201206
0 0.627842 0.605306 0.091795 0.168656
0 0.663865 0.593669 0.081863 0.148639
0 0.707050 0.555968 0.104883 0.154024
