0 0.435836 0.380642 0.131414 0.189887
0 0.343605 0.399631 0.096451 0.159144
0 0.274281 0.394206 0.092834 0.169994
0 0.226056 0.409578 0.068721 0.146484
0 0.203149 0.414099 0.047020 0.112124
0 0.180242 0.401440 0.047020 0.122975
0 0.154924 0.389685 0.044608 0.117549
0 0.552180 0.386068 0.115741 0.186270
0 0.642602 0.405056 0.091628 0.169994
0 0.712529 0.402344 0.079572 0.179036
0 0.754726 0.430375 0.050637 0.144676
0 0.780044 0.425854 0.033758 0.113932
0 0.803554 0.415003 0.044608 0.110315
0 0.834298 0.415003 0.043403 0.099465
0 0.501543 0.613932 0.067515 0.157335
0 0.569059 0.613028 0.081983 0.173611
0 0.638383 0.624783 0.085600 0.186270
0 0.693842 0.608507 0.078366 0.164569
0 0.712529 0.579572 0.089217 0.139251
0 0.751109 0.572338 0.091628 0.124783
0 0.788484 0.537073 0.096451 0.115741
0 0.438247 0.603986 0.066310 0.159144
0 0.373143 0.606698 0.075955 0.160952
0 0.308039 0.603082 0.083189 0.189887
0 0.265842 0.590422 0.088011 0.146484
0 0.248360 0.573242 0.098862 0.126591
0 0.215205 0.545211 0.100068 0.124783
0 0.188682 0.510851 0.092834 0.099465
