0 0.434686 0.243743 0.068529 0.082770
0 0.388703 0.246308 0.064514 0.078093
0 0.356886 0.283601 0.082501 0.102375
0 0.330959 0.324704 0.080989 0.109812
0 0.333036 0.372100 0.100225 0.107169
0 0.286407 0.432254 0.117511 0.181130
0 0.239222 0.528045 0.106005 0.164985
0 0.477442 0.252973 0.066421 0.099886
0 0.520882 0.250186 0.070899 0.085140
0 0.557514 0.279194 0.073246 0.103728
0 0.563319 0.325818 0.091411 0.105317
0 0.556545 0.382322 0.097069 0.112300
0 0.587000 0.444278 0.119274 0.168309
0 0.626191 0.536097 0.106636 0.163959
