0 0.343269 0.036268 0.085336 0.053082
0 0.290107 0.060088 0.095330 0.089801
0 0.234108 0.083030 0.110508 0.124763
0 0.189163 0.162648 0.119399 0.165576
0 0.185718 0.286519 0.144703 0.172838
0 0.168986 0.429432 0.167835 0.239701
0 0.164391 0.605768 0.170206 0.211186
0 0.170345 0.789231 0.156776 0.229334
0 0.407775 0.027136 0.076317 0.047532
0 0.476401 0.033162 0.086394 0.066324
0 0.539591 0.055323 0.103909 0.110646
0 0.604176 0.105501 0.119193 0.178211
0 0.641279 0.230992 0.140375 0.182738
0 0.690645 0.357547 0.161754 0.240213
0 0.756881 0.536438 0.181140 0.242250
0 0.797812 0.713283 0.164611 0.238212
