0 0.422574 0.300166 0.056665 0.097656
0 0.383994 0.322772 0.061487 0.103082
0 0.343003 0.349899 0.068721 0.124783
0 0.314067 0.404152 0.071132 0.106698
0 0.286941 0.479203 0.086806 0.115741
0 0.264636 0.563296 0.109713 0.171803
0 0.247155 0.682653 0.101273 0.139251
0 0.458140 0.303783 0.057870 0.104890
0 0.503352 0.303783 0.066310 0.112124
0 0.546754 0.335431 0.078366 0.139251
0 0.575690 0.406865 0.085600 0.144676
0 0.600405 0.464735 0.096451 0.122975
0 0.639588 0.550637 0.116946 0.179036
0 0.661290 0.674515 0.095245 0.151910
