0 0.460793 0.432385 0.130741 0.201567
0 0.389415 0.414153 0.113156 0.180372
0 0.332287 0.400244 0.095851 0.168928
0 0.299145 0.401835 0.068098 0.142524
0 0.272872 0.398035 0.066163 0.118714
0 0.252815 0.390651 0.054175 0.118000
0 0.239042 0.361393 0.052893 0.097550
0 0.226623 0.350008 0.024129 0.059163
0 0.541246 0.454334 0.117710 0.184879
0 0.610699 0.471921 0.100620 0.174926
0 0.663172 0.483143 0.083886 0.171673
0 0.700277 0.489334 0.068765 0.150734
0 0.723772 0.497221 0.040945 0.093695
0 0.735749 0.499549 0.054124 0.098152
0 0.441748 0.634237 0.094824 0.166220
0 0.397239 0.619710 0.085623 0.161116
0 0.335108 0.607378 0.118121 0.148012
0 0.307275 0.593865 0.088458 0.152800
0 0.292567 0.568711 0.092022 0.133939
0 0.493469 0.651954 0.095890 0.174954
0 0.544588 0.661379 0.089492 0.156657
0 0.592624 0.673527 0.088302 0.163531
0 0.632169 0.667164 0.087441 0.147733
0 0.647160 0.653985 0.113322 0.165553
0 0.690166 0.597408 0.114280 0.125002
