0 0.452160 0.445602 0.124228 0.203704
0 0.371142 0.462963 0.097994 0.212963
0 0.302469 0.479167 0.099537 0.201389
0 0.251929 0.504051 0.057099 0.146991
0 0.226995 0.525544 0.062805 0.144003
0 0.187294 0.555488 0.071329 0.154097
0 0.157910 0.577021 0.048450 0.140638
0 0.562105 0.433691 0.115741 0.198509
0 0.643752 0.449841 0.086133 0.189088
0 0.716216 0.432030 0.091965 0.230136
0 0.774745 0.445131 0.069983 0.207930
0 0.804802 0.494926 0.043964 0.179667
0 0.828802 0.528572 0.030057 0.159480
0 0.849438 0.544385 0.033646 0.152078
0 0.471487 0.540684 0.072674 0.086806
0 0.413616 0.563563 0.075366 0.111030
0 0.352381 0.589470 0.086581 0.121124
0 0.292941 0.610667 0.070880 0.119105
0 0.247631 0.619415 0.050244 0.123143
0 0.211294 0.641284 0.053833 0.118432
0 0.176527 0.664163 0.039029 0.100937
0 0.528908 0.532609 0.061011 0.097572
0 0.584984 0.541357 0.056525 0.088151
0 0.653845 0.566591 0.092862 0.144003
0 0.722931 0.597545 0.077609 0.184378
0 0.783776 0.610089 0.073242 0.144224
0 0.825973 0.632243 0.045513 0.110768
