0 0.384270 0.455092 0.174598 0.257598
0 0.281620 0.421171 0.128859 0.263081
0 0.214562 0.450574 0.115991 0.238575
0 0.162525 0.456043 0.090802 0.194767
0 0.088534 0.461190 0.120289 0.197866
0 0.515276 0.433433 0.177332 0.283611
0 0.612419 0.373252 0.135703 0.279235
0 0.688466 0.362630 0.109232 0.255873
0 0.740131 0.395335 0.134071 0.214750
0 0.753725 0.441246 0.185185 0.276718
0 0.589922 0.851650 0.134157 0.248202
0 0.675646 0.841325 0.130320 0.260662
0 0.744165 0.809138 0.121468 0.241723
0 0.789216 0.812293 0.096543 0.249394
0 0.777558 0.659663 0.196609 0.205888
0 0.402633 0.888430 0.122024 0.198048
0 0.331000 0.877904 0.115862 0.244193
0 0.261135 0.877002 0.120007 0.244142
0 0.207642 0.860269 0.141001 0.264357
0 0.130387 0.734258 0.190209 0.259238
