0 0.501772 0.787212 0.083694 0.110750
0 0.441053 0.755218 0.073848 0.110750
0 0.401667 0.709687 0.080412 0.118133
0 0.379513 0.634623 0.091900 0.100906
0 0.355717 0.544792 0.109951 0.152589
0 0.320435 0.468498 0.101746 0.132900
0 0.302383 0.366361 0.088618 0.105828
0 0.575620 0.771215 0.080412 0.098445
0 0.633058 0.725684 0.070566 0.115672
0 0.661776 0.661695 0.075489 0.125517
0 0.675725 0.575556 0.083694 0.110750
0 0.688033 0.483264 0.105028 0.152589
0 0.706906 0.390973 0.103387 0.115672
0 0.713470 0.317139 0.103387 0.081217
