0 0.494387 0.250675 0.084859 0.119487
0 0.443059 0.264388 0.086266 0.119812
0 0.393367 0.279035 0.094790 0.130770
0 0.349677 0.349528 0.114189 0.128256
0 0.312006 0.430857 0.106018 0.130366
0 0.264769 0.532763 0.168227 0.203666
0 0.201050 0.667541 0.144065 0.197089
0 0.537554 0.272311 0.079853 0.109340
0 0.586661 0.285871 0.087646 0.117133
0 0.622927 0.332589 0.095682 0.125981
0 0.643226 0.406740 0.105126 0.135154
0 0.643232 0.491766 0.103259 0.135722
0 0.640853 0.609586 0.160056 0.205775
0 0.636483 0.755287 0.148365 0.181099
