0 0.456398 0.149462 0.129006 0.192865
0 0.402750 0.190075 0.127818 0.187275
0 0.343720 0.260312 0.128275 0.172696
0 0.314202 0.389267 0.142161 0.183653
0 0.316003 0.514486 0.149353 0.179844
0 0.305043 0.680390 0.193661 0.258642
0 0.318882 0.877017 0.189720 0.245967
0 0.318642 0.972907 0.143753 0.054186
0 0.539400 0.150806 0.116131 0.174117
0 0.614003 0.156126 0.124728 0.185284
0 0.676041 0.214503 0.142755 0.186447
0 0.744237 0.311004 0.149530 0.193224
0 0.805347 0.454287 0.157396 0.184222
0 0.865000 0.604452 0.199625 0.253238
0 0.914261 0.797830 0.171478 0.265011
