0 0.477622 0.253182 0.138993 0.146982
0 0.412706 0.300621 0.134019 0.142775
0 0.373470 0.381550 0.152127 0.178059
0 0.335547 0.465335 0.162020 0.154895
0 0.320818 0.561673 0.157828 0.162491
0 0.307459 0.645047 0.166211 0.166008
0 0.306981 0.755196 0.192310 0.208261
0 0.309773 0.869142 0.174314 0.198716
0 0.579508 0.244944 0.155536 0.177369
0 0.659932 0.278647 0.105683 0.146978
0 0.720514 0.343115 0.152071 0.183897
0 0.771845 0.461795 0.152686 0.175799
0 0.810099 0.555552 0.153189 0.160670
0 0.841310 0.677060 0.171016 0.206437
