0 0.348894 0.434293 0.188882 0.292969
0 0.259275 0.396316 0.091628 0.139853
0 0.215069 0.435499 0.107703 0.184462
0 0.136301 0.500603 0.093236 0.213397
0 0.507234 0.424648 0.201743 0.290557
0 0.635433 0.414400 0.151106 0.279707
0 0.724650 0.404755 0.117348 0.279707
0 0.780912 0.369189 0.049833 0.129003
0 0.498794 0.706163 0.117348 0.279707
0 0.588011 0.671803 0.114133 0.264034
0 0.664770 0.651910 0.100469 0.311053
0 0.723444 0.609713 0.103684 0.233893
0 0.405961 0.698929 0.143872 0.253183
0 0.315136 0.712794 0.142265 0.278501
0 0.245210 0.721836 0.121367 0.298997
0 0.163628 0.716411 0.120563 0.290557
