0 0.439006 0.434297 0.153729 0.231921
0 0.360731 0.448332 0.098394 0.172685
0 0.305590 0.435932 0.086214 0.162449
0 0.261812 0.422675 0.077925 0.148320
0 0.217665 0.387978 0.083957 0.179652
0 0.552517 0.457243 0.158282 0.221554
0 0.654656 0.465843 0.110048 0.190504
0 0.722959 0.465784 0.097966 0.198853
0 0.772457 0.475240 0.093685 0.169921
0 0.807693 0.469433 0.059908 0.143923
0 0.835857 0.472328 0.062457 0.140959
0 0.870938 0.458619 0.055764 0.116101
0 0.515169 0.651393 0.093043 0.188416
0 0.577898 0.647836 0.103122 0.187468
0 0.638778 0.665445 0.100437 0.189323
0 0.694687 0.680754 0.097732 0.179159
0 0.733368 0.665236 0.087770 0.169195
0 0.797215 0.655623 0.142347 0.216320
0 0.454162 0.650096 0.105242 0.210672
0 0.388038 0.632406 0.101993 0.196070
0 0.336701 0.616532 0.089599 0.178160
0 0.286921 0.615486 0.100826 0.180631
0 0.258290 0.588888 0.089716 0.167249
0 0.231313 0.557989 0.128182 0.183990
0 0.191388 0.488906 0.101837 0.141424
