0 0.414266 0.794710 0.126457 0.180041
0 0.330318 0.760417 0.105738 0.158608
0 0.273877 0.675219 0.104310 0.163966
0 0.246371 0.563229 0.125029 0.158608
0 0.218864 0.449631 0.132888 0.147891
0 0.205290 0.334426 0.155750 0.228266
0 0.172425 0.224044 0.157179 0.196116
0 0.525720 0.809178 0.122171 0.185400
0 0.602881 0.748092 0.119313 0.159679
0 0.670039 0.671468 0.119313 0.169324
0 0.683613 0.546618 0.135031 0.155393
0 0.701832 0.435700 0.142890 0.158608
0 0.719693 0.315136 0.148605 0.230410
0 0.732196 0.169925 0.140746 0.218621
