0 0.491512 0.138310 0.085648 0.140046
0 0.430556 0.155671 0.090278 0.133102
0 0.368056 0.211806 0.118056 0.143519
0 0.310957 0.310185 0.107253 0.171296
0 0.284722 0.439236 0.135031 0.153935
0 0.245756 0.589120 0.163580 0.236111
0 0.199846 0.764468 0.158179 0.202546
0 0.548225 0.143519 0.083333 0.143519
0 0.616512 0.167824 0.081019 0.166667
0 0.680556 0.198495 0.101080 0.195602
0 0.729552 0.291667 0.103395 0.185185
0 0.767361 0.424190 0.109568 0.170139
0 0.795139 0.574074 0.158951 0.252315
0 0.837963 0.752894 0.161265 0.216435
