0 0.463959 0.412896 0.168725 0.248701
0 0.358372 0.422186 0.134645 0.217727
0 0.276620 0.424092 0.130066 0.221933
0 0.218146 0.469638 0.101430 0.179117
0 0.182582 0.479680 0.081086 0.135527
0 0.156500 0.505372 0.085497 0.150047
0 0.124317 0.537882 0.086096 0.120331
0 0.571350 0.398527 0.169400 0.254565
0 0.661201 0.378450 0.123497 0.214694
0 0.739623 0.373223 0.119939 0.215785
0 0.794703 0.382451 0.083972 0.174923
0 0.821540 0.394821 0.060649 0.148569
0 0.854695 0.408651 0.074226 0.165336
0 0.890332 0.412536 0.048750 0.109944
0 0.483469 0.546841 0.116651 0.153945
0 0.416315 0.541418 0.102757 0.154509
0 0.345855 0.561355 0.102823 0.178841
0 0.283211 0.569116 0.094052 0.162619
0 0.230826 0.575786 0.071824 0.136886
0 0.192353 0.583038 0.076057 0.131274
0 0.151730 0.618725 0.063852 0.101186
0 0.546987 0.526648 0.073868 0.128306
0 0.611723 0.531109 0.090659 0.141838
0 0.684259 0.509939 0.099743 0.150563
0 0.748435 0.495108 0.080019 0.127930
0 0.793095 0.497548 0.066784 0.127931
0 0.830604 0.498088 0.070383 0.135885
0 0.866261 0.514722 0.052888 0.103559
0 0.876627 0.487675 0.026281 0.050621
