0 0.454186 0.428868 0.118956 0.214603
0 0.357735 0.424045 0.102881 0.185667
0 0.291024 0.404755 0.075553 0.219425
0 0.241995 0.437307 0.067515 0.168789
0 0.205022 0.448158 0.061085 0.166377
0 0.174233 0.470430 0.049781 0.151210
0 0.144054 0.471830 0.042936 0.073738
0 0.558480 0.421894 0.111385 0.218414
0 0.649019 0.427961 0.084628 0.191346
0 0.719646 0.458296 0.082761 0.207213
0 0.773161 0.495165 0.041692 0.152143
0 0.800229 0.489565 0.034847 0.133475
0 0.814541 0.490031 0.024890 0.125075
0 0.553519 0.670332 0.067515 0.199331
0 0.605496 0.660687 0.077160 0.208976
0 0.668724 0.677566 0.087877 0.210584
0 0.721236 0.688014 0.064300 0.144676
0 0.750171 0.680781 0.053584 0.152713
0 0.775892 0.688014 0.053584 0.151106
0 0.788752 0.655060 0.072874 0.123778
0 0.494041 0.664706 0.066444 0.200939
0 0.428669 0.663098 0.072874 0.210584
0 0.355796 0.663098 0.090021 0.223444
0 0.295246 0.655864 0.080376 0.186471
0 0.252379 0.679173 0.054655 0.101273
