0 0.478516 0.907407 0.072266 0.162037
0 0.438802 0.875000 0.069661 0.182870
0 0.387695 0.828704 0.083333 0.187500
0 0.345703 0.743634 0.091797 0.174769
0 0.333333 0.618056 0.102214 0.145833
0 0.307617 0.470486 0.125000 0.228009
0 0.278646 0.308449 0.133464 0.202546
0 0.261719 0.150463 0.132161 0.199074
0 0.525391 0.910301 0.069661 0.158565
0 0.575846 0.879051 0.079427 0.163194
0 0.624349 0.835069 0.097005 0.142361
0 0.659505 0.758102 0.099609 0.148148
0 0.679688 0.633102 0.111328 0.150463
0 0.713542 0.483796 0.125651 0.222222
0 0.736979 0.313079 0.137370 0.211806
0 0.745117 0.140046 0.122396 0.208333
