0 0.419367 0.868634 0.112654 0.167824
0 0.367670 0.818866 0.084877 0.137731
0 0.308642 0.795139 0.084105 0.138889
0 0.288194 0.682870 0.128086 0.150463
0 0.262731 0.579861 0.111111 0.150463
0 0.239969 0.456597 0.133488 0.216435
0 0.231096 0.313657 0.121914 0.162037
0 0.498071 0.861690 0.101852 0.160880
0 0.557870 0.808449 0.074846 0.140046
0 0.616127 0.798032 0.083333 0.126157
0 0.634259 0.699074 0.113426 0.127315
0 0.647762 0.587963 0.121914 0.122685
0 0.670910 0.442130 0.128086 0.203704
0 0.677469 0.319444 0.114969 0.136574
