0 0.506073 0.398191 0.050011 0.098594
0 0.463920 0.390689 0.050011 0.105024
0 0.414266 0.399799 0.069302 0.131816
0 0.375329 0.457133 0.075732 0.120027
0 0.365684 0.529471 0.083591 0.114669
0 0.333176 0.594307 0.101452 0.150034
0 0.313172 0.684328 0.080018 0.126457
0 0.539295 0.378901 0.055013 0.100737
0 0.577518 0.382116 0.068587 0.120027
0 0.614312 0.418017 0.056441 0.118956
0 0.642175 0.451775 0.075017 0.115741
0 0.656464 0.516611 0.072159 0.112526
0 0.692187 0.578232 0.093593 0.145748
0 0.702546 0.676826 0.091449 0.124314
