0 0.365832 0.306915 0.061567 0.094255
0 0.324603 0.314024 0.062178 0.084310
0 0.274742 0.320942 0.066768 0.111372
0 0.239663 0.386680 0.082085 0.117156
0 0.212609 0.463836 0.090942 0.116820
0 0.178997 0.547187 0.115854 0.164544
0 0.139597 0.653718 0.110103 0.149600
0 0.410591 0.315343 0.054655 0.091428
0 0.441186 0.352423 0.066180 0.104656
0 0.477826 0.371985 0.063880 0.112231
0 0.487995 0.440554 0.080457 0.107016
0 0.484235 0.526516 0.087113 0.115374
0 0.491582 0.623038 0.115695 0.171196
0 0.511077 0.726826 0.114935 0.145579
