0 0.437477 0.421886 0.128619 0.132511
0 0.358630 0.409185 0.112829 0.131177
0 0.303798 0.406755 0.094110 0.131917
0 0.263391 0.423258 0.069025 0.109057
0 0.234682 0.429782 0.063983 0.094525
0 0.213330 0.433231 0.045915 0.082994
0 0.196115 0.419332 0.059655 0.084918
0 0.526182 0.445198 0.131238 0.139910
0 0.607428 0.471476 0.117819 0.143459
0 0.671798 0.495919 0.109709 0.144021
0 0.723822 0.528997 0.091046 0.133653
0 0.762596 0.550251 0.063271 0.091173
0 0.798891 0.561970 0.070861 0.094615
0 0.502175 0.545194 0.114539 0.140933
0 0.565749 0.563962 0.098503 0.134324
0 0.618086 0.579091 0.099928 0.141027
0 0.673058 0.606540 0.099288 0.135862
0 0.725221 0.620130 0.080097 0.114409
0 0.794946 0.626443 0.131020 0.108774
0 0.448894 0.528960 0.098938 0.132783
0 0.397316 0.517997 0.093252 0.141677
0 0.343297 0.507626 0.095028 0.126270
0 0.292644 0.506460 0.072296 0.102497
0 0.261536 0.496738 0.049871 0.092048
