0 0.426055 0.420428 0.124582 0.204958
0 0.346483 0.400535 0.092432 0.201341
0 0.288211 0.398727 0.085198 0.197724
0 0.242798 0.404755 0.057067 0.183256
0 0.217882 0.410783 0.058674 0.149498
0 0.190669 0.421420 0.046296 0.122768
0 0.167676 0.427211 0.038580 0.131043
0 0.520774 0.425436 0.123160 0.185853
0 0.604241 0.409856 0.086806 0.203659
0 0.665821 0.399840 0.071967 0.201433
0 0.704401 0.413194 0.046741 0.163595
0 0.737788 0.414307 0.049709 0.163595
0 0.771175 0.412638 0.043774 0.151353
0 0.491097 0.628539 0.081612 0.198095
0 0.557499 0.631321 0.088289 0.192530
0 0.620563 0.626870 0.079386 0.194756
0 0.659144 0.620749 0.068999 0.166934
0 0.694232 0.599047 0.069741 0.152466
0 0.733336 0.595709 0.089773 0.134660
0 0.763013 0.573451 0.082354 0.159144
0 0.429729 0.614707 0.074405 0.173611
0 0.365314 0.625041 0.079227 0.183945
0 0.306410 0.628142 0.068893 0.159144
0 0.255429 0.618841 0.063382 0.155010
0 0.219604 0.609540 0.050981 0.155010
0 0.192228 0.593171 0.056076 0.136601
0 0.167499 0.579445 0.052794 0.135538
0 0.159208 0.538073 0.042303 0.108634
