0 0.459891 0.213069 0.056306 0.092558
0 0.405899 0.232159 0.064019 0.075204
0 0.361163 0.251828 0.077903 0.149250
0 0.327610 0.327610 0.072504 0.120326
0 0.334166 0.403392 0.105671 0.112227
0 0.317197 0.482645 0.114927 0.143465
0 0.301000 0.591401 0.116469 0.155035
0 0.290587 0.675282 0.104899 0.098343
0 0.506942 0.212491 0.068647 0.070576
0 0.552450 0.228688 0.074818 0.107599
0 0.612613 0.246622 0.073275 0.124954
0 0.649250 0.287116 0.067876 0.157349
0 0.661977 0.371575 0.062477 0.120326
0 0.680103 0.467605 0.111070 0.157349
0 0.737566 0.632474 0.076361 0.128425
