0 0.427613 0.427966 0.105226 0.110169
0 0.349576 0.431850 0.088983 0.112288
0 0.296610 0.440678 0.069209 0.117232
0 0.261299 0.464689 0.048023 0.098870
0 0.235153 0.476772 0.045977 0.084770
0 0.215422 0.484415 0.029617 0.076715
0 0.196121 0.474617 0.043582 0.075670
0 0.517241 0.432232 0.106322 0.117337
0 0.600335 0.440852 0.091475 0.124042
0 0.666906 0.451149 0.082854 0.126437
0 0.723420 0.472222 0.065613 0.119732
0 0.764847 0.484674 0.045977 0.081418
0 0.801964 0.488506 0.053161 0.083333
0 0.514607 0.532807 0.088602 0.122126
0 0.579262 0.537835 0.073276 0.118774
0 0.632423 0.541667 0.073276 0.125479
0 0.690613 0.556753 0.073755 0.120211
0 0.743295 0.559148 0.058429 0.102011
0 0.811303 0.551006 0.113027 0.084770
0 0.460317 0.528108 0.074074 0.117063
0 0.408730 0.528108 0.066138 0.127646
0 0.354926 0.529172 0.071429 0.111111
0 0.306217 0.538360 0.052910 0.091270
0 0.274471 0.535384 0.031746 0.085317
