0 0.440987 0.388139 0.150932 0.238226
0 0.347864 0.382505 0.115411 0.233375
0 0.286076 0.392426 0.085403 0.210108
0 0.244686 0.400775 0.071135 0.180674
0 0.214558 0.393089 0.065906 0.152189
0 0.186691 0.374313 0.055123 0.148821
0 0.161956 0.356350 0.041884 0.136255
0 0.140951 0.312292 0.035148 0.107612
0 0.550845 0.364598 0.151723 0.252836
0 0.644405 0.370757 0.113354 0.199637
0 0.706947 0.349904 0.107047 0.224674
0 0.752694 0.368515 0.064474 0.181091
0 0.777850 0.357874 0.044381 0.138753
0 0.795992 0.323981 0.051316 0.155125
0 0.812432 0.281128 0.038830 0.142639
0 0.560439 0.618908 0.087347 0.200256
0 0.620579 0.622297 0.096701 0.211296
0 0.679511 0.617816 0.098720 0.230504
0 0.722551 0.574452 0.090604 0.160372
0 0.754845 0.555636 0.076452 0.153297
0 0.763136 0.522207 0.122438 0.172657
0 0.795139 0.457156 0.081131 0.148202
0 0.810830 0.381825 0.064685 0.105130
0 0.498613 0.624835 0.101024 0.202811
0 0.436113 0.627977 0.104709 0.216607
0 0.370283 0.632040 0.102290 0.221940
0 0.319881 0.594499 0.107016 0.167684
0 0.273598 0.581656 0.079624 0.148044
0 0.232013 0.570034 0.090882 0.155932
0 0.199910 0.514577 0.093105 0.141639
