0 0.583411 0.824040 0.107153 0.137761
0 0.517905 0.819369 0.094284 0.124325
0 0.463423 0.778387 0.111179 0.149156
0 0.426171 0.707812 0.120476 0.147116
0 0.386000 0.641403 0.108060 0.129599
0 0.343446 0.554587 0.143835 0.181811
0 0.298710 0.471767 0.135330 0.163104
0 0.267663 0.377636 0.115882 0.127219
0 0.648885 0.794952 0.108742 0.150686
0 0.699279 0.757702 0.081868 0.106808
0 0.721892 0.694264 0.113502 0.135041
0 0.717038 0.612715 0.114919 0.129089
0 0.716634 0.533633 0.109476 0.123647
0 0.712940 0.443666 0.123538 0.160381
0 0.704880 0.331421 0.129887 0.157661
0 0.698127 0.258462 0.098476 0.100177
