0 0.467448 0.187138 0.088413 0.191696
0 0.406764 0.214868 0.098862 0.148293
0 0.346483 0.232952 0.098862 0.162760
0 0.304286 0.343268 0.118956 0.151910
0 0.304286 0.480710 0.118956 0.171200
0 0.246013 0.611521 0.140657 0.225453
0 0.229938 0.808642 0.151910 0.217014
0 0.533758 0.185933 0.076357 0.160349
0 0.591226 0.199797 0.090021 0.166377
0 0.655928 0.222704 0.084394 0.159144
0 0.706163 0.323978 0.101273 0.168789
0 0.734295 0.449966 0.125386 0.155527
0 0.768454 0.604287 0.142265 0.235098
0 0.757202 0.797188 0.159947 0.220631
0 0.780912 0.926191 0.141461 0.114535
