0 0.462413 0.421355 0.213354 0.282290
0 0.374418 0.433050 0.162679 0.215109
0 0.285769 0.430854 0.178487 0.249353
0 0.226202 0.460619 0.133834 0.193371
0 0.181949 0.439975 0.105628 0.183914
0 0.153526 0.443522 0.083859 0.139670
0 0.131234 0.441605 0.072423 0.146401
0 0.571698 0.421302 0.209241 0.297830
0 0.660954 0.475894 0.132630 0.206539
0 0.730759 0.478044 0.164660 0.263011
0 0.779780 0.534198 0.124115 0.201184
0 0.814768 0.561836 0.098762 0.183010
0 0.844686 0.591871 0.101537 0.182625
0 0.875570 0.639230 0.077913 0.154108
0 0.475072 0.543036 0.091152 0.103536
0 0.399088 0.526532 0.102824 0.112911
0 0.326896 0.532328 0.115714 0.164610
0 0.229118 0.566706 0.138141 0.146283
0 0.160175 0.555557 0.070750 0.097156
0 0.122509 0.549095 0.084184 0.104385
0 0.539949 0.547009 0.101411 0.106094
0 0.608223 0.567692 0.100596 0.125285
0 0.667843 0.606353 0.126920 0.184213
0 0.728028 0.651744 0.115498 0.172961
0 0.766021 0.678423 0.088124 0.140923
0 0.805508 0.709867 0.111727 0.142283
0 0.851221 0.735909 0.077522 0.105309
