0 0.528317 0.550658 0.145863 0.204126
0 0.456576 0.564517 0.082991 0.122586
0 0.401649 0.575411 0.102437 0.194196
0 0.359415 0.603416 0.078893 0.142318
0 0.327878 0.623488 0.068546 0.122312
0 0.298965 0.631005 0.064959 0.114861
0 0.273297 0.629484 0.055116 0.106308
0 0.251988 0.622963 0.040652 0.084439
0 0.622139 0.531696 0.136524 0.207024
0 0.691476 0.522493 0.087379 0.151769
0 0.738996 0.515323 0.101035 0.190540
0 0.779578 0.530539 0.073374 0.136799
0 0.807867 0.540062 0.059116 0.116104
0 0.828281 0.534649 0.055090 0.123348
0 0.845117 0.534099 0.043366 0.082645
0 0.855943 0.508609 0.026007 0.044358
0 0.633650 0.736452 0.092504 0.176536
0 0.684999 0.730421 0.096756 0.192058
0 0.739351 0.720837 0.102644 0.195369
0 0.775293 0.700593 0.087262 0.159703
0 0.805747 0.690386 0.066982 0.122036
0 0.830656 0.684417 0.078339 0.113861
0 0.845861 0.663281 0.075100 0.110622
0 0.832159 0.617786 0.088643 0.101671
0 0.582032 0.739967 0.089765 0.168567
0 0.528252 0.747676 0.086863 0.164721
0 0.475240 0.763766 0.097378 0.173912
0 0.424937 0.768377 0.087257 0.146782
0 0.383039 0.768312 0.081442 0.126414
0 0.349773 0.775597 0.088438 0.115642
0 0.316936 0.761158 0.080054 0.113496
0 0.289335 0.722728 0.069121 0.096895
