0 0.433700 0.913571 0.087997 0.134936
0 0.363303 0.895170 0.090511 0.140193
0 0.304219 0.840845 0.105597 0.178747
0 0.257706 0.745339 0.113139 0.176994
0 0.233821 0.627050 0.143310 0.154213
0 0.208679 0.505257 0.163423 0.229567
0 0.184794 0.336149 0.165938 0.182252
0 0.502841 0.923209 0.090511 0.094631
0 0.580781 0.909190 0.087997 0.101640
0 0.641751 0.863627 0.094283 0.143698
0 0.712149 0.757605 0.126967 0.198023
0 0.740433 0.660346 0.138281 0.206785
0 0.780661 0.526286 0.158395 0.240081
0 0.810203 0.349292 0.147081 0.208538
