0 0.490741 0.274884 0.079475 0.197917
0 0.443287 0.303819 0.094136 0.184028
0 0.399691 0.356481 0.108796 0.173611
0 0.351852 0.426505 0.108796 0.156250
0 0.320988 0.535880 0.116512 0.159722
0 0.293981 0.668981 0.142747 0.217593
0 0.266204 0.799190 0.133488 0.153935
0 0.541281 0.261574 0.077160 0.178241
0 0.591821 0.292824 0.085648 0.175926
0 0.652778 0.313079 0.091821 0.193287
0 0.715278 0.371528 0.105710 0.162037
0 0.706019 0.497106 0.107253 0.156250
0 0.753472 0.619213 0.138889 0.224537
0 0.783951 0.773727 0.127315 0.186343
