0 0.470703 0.086806 0.090495 0.171296
0 0.391276 0.127315 0.081380 0.152778
0 0.349609 0.210648 0.093099 0.152778
0 0.331055 0.335648 0.115885 0.155093
0 0.304036 0.451968 0.115234 0.174769
0 0.274740 0.574074 0.128255 0.224537
0 0.246419 0.739005 0.127604 0.228009
0 0.546224 0.087963 0.083984 0.171296
0 0.612956 0.122685 0.093750 0.206019
0 0.648438 0.206019 0.091797 0.168981
0 0.674154 0.326389 0.113281 0.157407
0 0.694987 0.432870 0.113281 0.171296
0 0.734049 0.549769 0.117188 0.222222
0 0.756836 0.723380 0.126302 0.212963
