0 0.369117 0.189978 0.075452 0.126554
0 0.320866 0.218992 0.066442 0.128718
0 0.266062 0.261899 0.107790 0.130162
0 0.228746 0.355126 0.121368 0.140550
0 0.215260 0.454975 0.122022 0.135616
0 0.180050 0.584775 0.161666 0.182850
0 0.171649 0.723576 0.126716 0.175434
0 0.191300 0.859534 0.080847 0.139135
0 0.416995 0.185822 0.075452 0.126554
0 0.471201 0.208773 0.074625 0.126526
0 0.525275 0.239804 0.072140 0.149983
0 0.562083 0.321747 0.100344 0.153447
0 0.593777 0.411323 0.099863 0.163344
0 0.616694 0.534123 0.137987 0.190698
0 0.657388 0.679905 0.125846 0.174164
