0 0.418017 0.338445 0.120563 0.231481
0 0.336034 0.355324 0.091628 0.217014
0 0.277360 0.340856 0.080376 0.212191
0 0.244406 0.349296 0.062693 0.147087
0 0.212256 0.352913 0.081983 0.149498
0 0.170460 0.349296 0.062693 0.122975
0 0.524113 0.326389 0.117348 0.231481
0 0.594039 0.357735 0.073945 0.183256
0 0.646283 0.356530 0.088413 0.229070
0 0.686471 0.356530 0.069123 0.176022
0 0.728266 0.354118 0.046618 0.142265
0 0.766847 0.316744 0.059478 0.135031
0 0.484729 0.682051 0.083591 0.204958
0 0.540992 0.671200 0.067515 0.178434
0 0.582787 0.666377 0.064300 0.202546
0 0.610114 0.669994 0.048225 0.151910
0 0.660751 0.631414 0.133423 0.180845
0 0.705761 0.572338 0.136638 0.144676
0 0.417213 0.700135 0.093236 0.207369
0 0.357735 0.690490 0.077160 0.188079
0 0.302276 0.680845 0.069123 0.178434
0 0.263696 0.678434 0.072338 0.130208
0 0.210648 0.573544 0.136638 0.147087
