0 0.493927 0.396584 0.090735 0.178969
0 0.423197 0.392833 0.073588 0.160751
0 0.362826 0.396048 0.068587 0.154321
0 0.322102 0.403549 0.042867 0.150034
0 0.294596 0.400334 0.046439 0.143604
0 0.576089 0.398727 0.092164 0.161823
0 0.635031 0.397655 0.055727 0.136103
0 0.676469 0.404621 0.051440 0.150034
0 0.246728 0.379973 0.065015 0.135031
0 0.532865 0.527328 0.064300 0.200403
0 0.590735 0.530007 0.068587 0.173611
0 0.637889 0.536973 0.071445 0.200403
0 0.680041 0.522505 0.048583 0.130744
0 0.710048 0.550369 0.044296 0.156464
0 0.484997 0.534294 0.062872 0.162894
0 0.438200 0.532686 0.067873 0.161823
0 0.386045 0.517147 0.057870 0.177898
0 0.339606 0.527328 0.057870 0.118956
0 0.296025 0.527864 0.052155 0.147891
0 0.267090 0.544474 0.068587 0.185400
