0 0.428868 0.431279 0.128601 0.212191
0 0.340455 0.409578 0.094843 0.200135
0 0.276556 0.411386 0.098862 0.194107
0 0.227125 0.396918 0.070730 0.169994
0 0.194171 0.416209 0.049833 0.153115
0 0.155885 0.403810 0.060477 0.179085
0 0.122258 0.401464 0.040144 0.124343
0 0.097493 0.357279 0.030239 0.064127
0 0.538559 0.421797 0.131381 0.218187
0 0.626929 0.385823 0.096451 0.202546
0 0.690534 0.372138 0.081853 0.222097
0 0.741366 0.381131 0.044837 0.152496
0 0.764567 0.372138 0.038059 0.117305
0 0.795865 0.381982 0.049102 0.161210
0 0.821669 0.377848 0.014530 0.110104
0 0.513810 0.640730 0.085052 0.176899
0 0.449144 0.637771 0.087244 0.202546
0 0.381848 0.643361 0.088559 0.229509
0 0.313237 0.626920 0.085490 0.162432
0 0.261723 0.628893 0.054363 0.165062
0 0.212402 0.630537 0.077599 0.145991
0 0.164176 0.592066 0.056555 0.129551
0 0.130200 0.520057 0.056994 0.103904
0 0.575626 0.630537 0.085929 0.180187
0 0.638538 0.617056 0.078476 0.199258
0 0.691586 0.608836 0.077599 0.217014
0 0.745291 0.584175 0.077160 0.153225
0 0.782118 0.582531 0.042088 0.130208
0 0.810615 0.572338 0.055240 0.141388
0 0.827494 0.535183 0.061816 0.136785
0 0.853360 0.500000 0.065323 0.091409
