0 0.470045 0.479418 0.134723 0.166979
0 0.400165 0.476939 0.102409 0.156260
0 0.357833 0.497191 0.093324 0.164903
0 0.331289 0.519985 0.052950 0.129521
0 0.309616 0.509779 0.026576 0.058994
0 0.306108 0.528064 0.042824 0.102000
0 0.278451 0.519394 0.045664 0.094026
0 0.546602 0.461337 0.131739 0.167129
0 0.615358 0.449629 0.093468 0.157955
0 0.657805 0.455995 0.087433 0.178783
0 0.690868 0.465850 0.058175 0.137664
0 0.718149 0.471430 0.050905 0.108022
0 0.507709 0.562380 0.059891 0.097753
0 0.464965 0.585437 0.083325 0.134989
0 0.417510 0.586260 0.071944 0.123851
0 0.377502 0.606875 0.073170 0.133381
0 0.352461 0.614780 0.028095 0.052151
0 0.332975 0.604062 0.051539 0.078620
0 0.300568 0.588258 0.050114 0.078832
0 0.551603 0.570815 0.084948 0.131175
0 0.597681 0.558686 0.077143 0.124250
0 0.640885 0.578761 0.095820 0.174034
0 0.672057 0.557719 0.070774 0.124554
0 0.702122 0.567452 0.037607 0.069849
0 0.714713 0.553034 0.051723 0.083463
0 0.729541 0.539182 0.037554 0.058463
