0 0.470746 0.179381 0.145904 0.180470
0 0.384345 0.158377 0.137573 0.201408
0 0.327365 0.240796 0.154521 0.198587
0 0.299889 0.363039 0.161646 0.206091
0 0.243472 0.475144 0.167700 0.212144
0 0.244292 0.654292 0.232527 0.303188
0 0.219716 0.861362 0.211239 0.244274
0 0.516860 0.102637 0.123315 0.205273
0 0.593668 0.155341 0.141159 0.208414
0 0.669712 0.202153 0.143488 0.212643
0 0.740809 0.326101 0.162812 0.220561
0 0.780543 0.422663 0.138497 0.158620
0 0.841425 0.579841 0.222327 0.286148
0 0.896763 0.774788 0.206474 0.263594
