0 0.381058 0.214892 0.068329 0.109363
0 0.330782 0.236082 0.082592 0.120009
0 0.298530 0.296854 0.092186 0.109997
0 0.295588 0.373375 0.099659 0.117470
0 0.275137 0.457630 0.114901 0.160768
0 0.257900 0.576097 0.120975 0.163827
0 0.245957 0.681601 0.081322 0.142870
0 0.426005 0.211080 0.061644 0.093628
0 0.470062 0.217880 0.069699 0.095952
0 0.511929 0.241010 0.082046 0.120970
0 0.553921 0.304352 0.080889 0.109256
0 0.583707 0.383406 0.087340 0.110277
0 0.637496 0.537469 0.105108 0.151879
0 0.673878 0.641932 0.103675 0.151652
