0 0.432422 0.276867 0.076661 0.138395
0 0.395842 0.278483 0.067686 0.128098
0 0.354214 0.294320 0.086927 0.136449
0 0.320935 0.327783 0.093269 0.122659
0 0.319814 0.375524 0.113564 0.149228
0 0.299302 0.474748 0.124399 0.162045
0 0.294049 0.579465 0.112477 0.168275
0 0.474337 0.279788 0.078035 0.137459
0 0.512152 0.289747 0.067645 0.122446
0 0.556674 0.291714 0.087010 0.147755
0 0.584413 0.344211 0.096466 0.140049
0 0.612599 0.405457 0.091206 0.113334
0 0.637210 0.483066 0.127633 0.163629
0 0.658839 0.595167 0.108027 0.147321
