0 0.424184 0.355205 0.180492 0.274153
0 0.322041 0.380325 0.151920 0.226261
0 0.242383 0.410406 0.146976 0.222541
0 0.178910 0.400522 0.120257 0.216862
0 0.143964 0.424020 0.080446 0.171919
0 0.118596 0.417725 0.071964 0.148762
0 0.086178 0.402701 0.078251 0.122515
0 0.589288 0.328390 0.163797 0.262597
0 0.681808 0.326743 0.149928 0.258759
0 0.742530 0.343542 0.111243 0.205158
0 0.796215 0.350150 0.097150 0.203052
0 0.830551 0.358922 0.083499 0.177907
0 0.487644 0.555990 0.120358 0.186631
0 0.417767 0.567921 0.119286 0.189962
0 0.352568 0.588110 0.117503 0.181575
0 0.302067 0.594949 0.123950 0.200741
0 0.250619 0.603450 0.093010 0.161243
0 0.182959 0.576924 0.124878 0.191151
0 0.141691 0.501934 0.088698 0.115838
0 0.540286 0.530191 0.130075 0.190476
0 0.615039 0.527451 0.124743 0.204469
0 0.670710 0.520487 0.111756 0.215945
0 0.710306 0.508175 0.087173 0.184026
0 0.735517 0.509147 0.090245 0.167773
0 0.798032 0.488554 0.150653 0.167267
