0 0.418399 0.461259 0.117942 0.201968
0 0.340331 0.469937 0.097769 0.174730
0 0.289955 0.485429 0.083875 0.163811
0 0.256412 0.505607 0.063595 0.135352
0 0.229756 0.515329 0.055059 0.139457
0 0.212042 0.519343 0.044130 0.106963
0 0.189315 0.506130 0.040638 0.094047
0 0.496032 0.433528 0.115497 0.201754
0 0.574235 0.445162 0.097061 0.175881
0 0.624343 0.426614 0.075420 0.187331
0 0.668667 0.426431 0.060244 0.161744
0 0.691706 0.441043 0.039521 0.100495
0 0.709259 0.435196 0.037998 0.101575
0 0.517553 0.660738 0.076302 0.178917
0 0.568709 0.649488 0.080830 0.165971
0 0.616607 0.638524 0.092813 0.182788
0 0.655594 0.628954 0.086172 0.153095
0 0.669185 0.601284 0.107639 0.148909
0 0.698063 0.537174 0.119099 0.113522
0 0.466161 0.664619 0.080015 0.165899
0 0.413922 0.672884 0.075299 0.158209
0 0.365663 0.670332 0.072187 0.168853
0 0.326977 0.678643 0.054045 0.164840
0 0.292551 0.669954 0.050089 0.119614
0 0.177279 0.504495 0.018260 0.047325
