0 0.473810 0.831820 0.106645 0.142926
0 0.410747 0.820948 0.107703 0.159432
0 0.355079 0.732828 0.109836 0.143432
0 0.328362 0.636441 0.127310 0.155535
0 0.287940 0.510322 0.158071 0.202419
0 0.243039 0.371415 0.155417 0.185661
0 0.223203 0.261667 0.146838 0.160962
0 0.549338 0.828447 0.103911 0.135492
0 0.607669 0.783624 0.095633 0.122510
0 0.640366 0.706049 0.105349 0.154391
0 0.644268 0.617083 0.124656 0.138777
0 0.654411 0.495226 0.147122 0.221691
0 0.675424 0.359376 0.145606 0.212115
0 0.675614 0.236641 0.127847 0.139283
