0 0.351914 0.360230 0.180407 0.259276
0 0.275786 0.365644 0.118620 0.221162
0 0.209898 0.380302 0.138882 0.222859
0 0.172107 0.416115 0.111244 0.203560
0 0.131258 0.421123 0.111463 0.227460
0 0.086852 0.391573 0.097032 0.176429
0 0.055106 0.353018 0.067233 0.098995
0 0.450807 0.338504 0.167329 0.254269
0 0.541841 0.313065 0.152097 0.242803
0 0.611913 0.295782 0.145964 0.259274
0 0.654969 0.289159 0.121258 0.229721
0 0.696565 0.233119 0.109735 0.191287
0 0.730144 0.196621 0.074206 0.123460
0 0.467624 0.620425 0.118967 0.208324
0 0.527403 0.601649 0.121203 0.223746
0 0.579874 0.575161 0.133042 0.220517
0 0.623571 0.533010 0.123509 0.170617
0 0.636753 0.502326 0.132870 0.150916
0 0.697927 0.454482 0.187584 0.204291
0 0.711183 0.376239 0.118365 0.142599
0 0.409325 0.634437 0.117595 0.210988
0 0.360093 0.643039 0.118053 0.210100
0 0.306097 0.640579 0.132933 0.208567
0 0.251376 0.649343 0.111428 0.172797
0 0.204807 0.640746 0.095304 0.140256
0 0.203511 0.611193 0.165594 0.166421
0 0.126079 0.529564 0.111674 0.199684
