0 0.672354 0.891447 0.091912 0.125701
0 0.715293 0.847676 0.103121 0.130317
0 0.743875 0.784083 0.109909 0.145071
0 0.746997 0.685174 0.132715 0.170624
0 0.747963 0.585070 0.140984 0.165432
0 0.757211 0.462174 0.158516 0.212084
0 0.752063 0.358403 0.138176 0.118123
0 0.615304 0.901797 0.093699 0.139300
0 0.557360 0.905017 0.097601 0.150345
0 0.502532 0.880995 0.108619 0.159989
0 0.448043 0.811187 0.128676 0.170706
0 0.391025 0.723905 0.135213 0.158014
0 0.333950 0.615193 0.159670 0.208293
0 0.265732 0.485918 0.154697 0.210188
