0 0.487321 0.413673 0.177820 0.267994
0 0.404528 0.392008 0.139617 0.222497
0 0.335227 0.381747 0.158198 0.280657
0 0.277615 0.376736 0.117115 0.231056
0 0.238151 0.367624 0.103992 0.218857
0 0.199762 0.349197 0.103275 0.212961
0 0.167096 0.330816 0.088729 0.169487
0 0.580175 0.427458 0.174613 0.276423
0 0.660204 0.444022 0.144005 0.249872
0 0.723434 0.479023 0.151320 0.267607
0 0.774873 0.503014 0.108755 0.219957
0 0.815917 0.509939 0.101367 0.190743
0 0.878773 0.479817 0.139544 0.211018
0 0.473171 0.563434 0.102095 0.177157
0 0.417790 0.537896 0.091742 0.151843
0 0.352572 0.528577 0.125704 0.192923
0 0.282816 0.526500 0.120819 0.194088
0 0.229803 0.515537 0.092532 0.169218
0 0.185388 0.490617 0.101852 0.181686
0 0.146070 0.456036 0.093930 0.175272
0 0.525182 0.570978 0.124052 0.210880
0 0.580855 0.581281 0.080064 0.131955
0 0.637458 0.607738 0.132692 0.223191
0 0.693593 0.620698 0.138499 0.217654
0 0.744388 0.638163 0.111610 0.198839
0 0.793805 0.622792 0.121938 0.198931
0 0.847146 0.612153 0.116590 0.170188
