0 0.393260 0.443427 0.196035 0.263491
0 0.254471 0.387851 0.174367 0.242961
0 0.178968 0.359425 0.120404 0.192698
0 0.137393 0.294147 0.113692 0.179155
0 0.530118 0.474979 0.194712 0.235698
0 0.729109 0.464162 0.198123 0.305710
0 0.834097 0.482370 0.160794 0.253581
0 0.888020 0.514300 0.086755 0.152503
0 0.941059 0.437619 0.117882 0.222152
0 0.344077 0.654954 0.125263 0.172226
0 0.262215 0.638492 0.133771 0.181019
0 0.207071 0.622273 0.133181 0.209459
0 0.175450 0.596328 0.140189 0.196544
0 0.169602 0.539644 0.142281 0.165335
0 0.133580 0.515593 0.197480 0.221958
0 0.130601 0.434719 0.128416 0.128986
0 0.428662 0.672495 0.120080 0.187536
0 0.523933 0.669015 0.125733 0.188635
0 0.617246 0.675605 0.149432 0.212618
0 0.684429 0.646866 0.155793 0.189379
0 0.757119 0.644496 0.110631 0.170401
0 0.862896 0.573763 0.206195 0.231811
