0 0.392443 0.438344 0.194413 0.343044
0 0.277383 0.447260 0.110758 0.276080
0 0.195551 0.397808 0.093495 0.260009
0 0.544302 0.459673 0.208024 0.292289
0 0.675308 0.423187 0.147808 0.274390
0 0.757453 0.417315 0.121494 0.268315
0 0.807968 0.377738 0.091381 0.216123
0 0.402320 0.631395 0.126114 0.189773
0 0.316311 0.622588 0.112847 0.201896
0 0.225910 0.610895 0.130071 0.244878
0 0.497316 0.619004 0.094835 0.156655
0 0.568001 0.625817 0.116792 0.170516
0 0.653300 0.632404 0.121416 0.263821
0 0.726021 0.608386 0.097510 0.224092
0 0.148191 0.376453 0.050262 0.210522
0 0.126782 0.318029 0.030665 0.195676
0 0.096429 0.305955 0.056012 0.212600
