0 0.322877 0.844983 0.187064 0.204172
0 0.235099 0.782679 0.146990 0.191078
0 0.185757 0.674553 0.151693 0.226868
0 0.182363 0.516797 0.163966 0.191660
0 0.200533 0.384654 0.179017 0.185875
0 0.205811 0.243181 0.201351 0.266968
0 0.221563 0.092419 0.171575 0.184838
0 0.433200 0.861870 0.163892 0.204908
0 0.519674 0.820028 0.137525 0.196642
0 0.603265 0.731493 0.147060 0.218818
0 0.658278 0.601356 0.172725 0.177533
0 0.692122 0.491861 0.158043 0.158066
0 0.744987 0.347233 0.197402 0.244572
0 0.808852 0.203261 0.179894 0.190852
