0 0.479112 0.282593 0.064614 0.090945
0 0.445067 0.312879 0.065350 0.091061
0 0.414159 0.341536 0.078448 0.110354
0 0.409970 0.405565 0.093512 0.114892
0 0.403312 0.468288 0.099573 0.116928
0 0.397488 0.552943 0.125032 0.155397
0 0.400613 0.644101 0.110886 0.129481
0 0.400708 0.735174 0.101110 0.131162
0 0.517742 0.264594 0.059326 0.084726
0 0.558200 0.281948 0.068431 0.096930
0 0.599504 0.285590 0.068708 0.107735
0 0.629425 0.334032 0.081143 0.118314
0 0.654491 0.392296 0.095785 0.129242
0 0.693183 0.458020 0.114484 0.161260
0 0.736319 0.542275 0.107761 0.150509
0 0.777123 0.630861 0.105204 0.147952
