0 0.452932 0.377315 0.125772 0.212963
0 0.371914 0.383102 0.105710 0.180556
0 0.289500 0.370949 0.104167 0.193287
0 0.227742 0.383102 0.085648 0.185185
0 0.183642 0.401042 0.068673 0.149306
0 0.135862 0.394809 0.073302 0.143519
0 0.551312 0.368634 0.123457 0.214120
0 0.645448 0.350694 0.111111 0.212963
0 0.719522 0.324074 0.098765 0.240741
0 0.779618 0.351318 0.058642 0.172454
0 0.812114 0.350027 0.052469 0.172454
0 0.838223 0.364718 0.034543 0.139966
0 0.859981 0.360344 0.034094 0.143330
0 0.488129 0.478299 0.078644 0.104612
0 0.416533 0.474403 0.066032 0.094596
0 0.353469 0.476629 0.085322 0.107950
0 0.288180 0.497218 0.083838 0.144676
0 0.236987 0.509460 0.068999 0.162482
0 0.191729 0.527266 0.063064 0.137999
0 0.548967 0.476073 0.062322 0.102386
0 0.611289 0.471065 0.072709 0.123531
0 0.689192 0.478299 0.106838 0.155805
0 0.740385 0.479968 0.081612 0.174724
0 0.778594 0.486645 0.060096 0.154692
0 0.810497 0.488871 0.061580 0.161369
0 0.845367 0.474960 0.060096 0.113515
