0 0.552536 0.318907 0.105494 0.150834
0 0.483448 0.301050 0.096818 0.162101
0 0.427349 0.288889 0.089482 0.160808
0 0.387238 0.276142 0.083311 0.166118
0 0.629251 0.336405 0.115007 0.168508
0 0.694002 0.346688 0.102190 0.168381
0 0.730101 0.375750 0.096752 0.173820
0 0.764258 0.396525 0.066462 0.147151
0 0.786689 0.423745 0.071143 0.157574
0 0.825220 0.389685 0.062169 0.138929
0 0.540074 0.608361 0.074597 0.136855
0 0.584187 0.615572 0.082818 0.135106
0 0.625755 0.639357 0.083311 0.166118
0 0.664259 0.656927 0.069827 0.154143
0 0.703784 0.634391 0.106421 0.152064
0 0.495034 0.602122 0.086009 0.161262
0 0.446995 0.602163 0.083528 0.151227
0 0.403689 0.577504 0.091252 0.154722
0 0.368250 0.566148 0.078890 0.145077
0 0.344503 0.542102 0.095914 0.144880
0 0.326863 0.425508 0.134833 0.192265
