0 0.458562 0.361754 0.120742 0.213263
0 0.371756 0.347287 0.087163 0.212191
0 0.312814 0.350502 0.060728 0.192901
0 0.273162 0.354252 0.050011 0.166109
0 0.245656 0.344072 0.047868 0.139318
0 0.221365 0.323710 0.037866 0.137174
0 0.199931 0.304420 0.026435 0.126457
0 0.184571 0.261017 0.022862 0.099666
0 0.563943 0.350502 0.120027 0.227195
0 0.651106 0.365505 0.088592 0.180041
0 0.711834 0.352109 0.080018 0.204690
0 0.752915 0.374078 0.043581 0.167181
0 0.777563 0.366577 0.028578 0.128601
0 0.797925 0.336570 0.033579 0.143604
0 0.817573 0.297990 0.022862 0.132888
0 0.547868 0.590021 0.063586 0.183256
0 0.603952 0.599130 0.071445 0.192901
0 0.659679 0.600737 0.071445 0.211120
0 0.704332 0.564300 0.070730 0.144676
0 0.736483 0.549833 0.057870 0.139318
0 0.747557 0.519290 0.100023 0.153249
0 0.783993 0.461420 0.062872 0.133959
0 0.806141 0.392297 0.051440 0.094307
0 0.489283 0.589485 0.076446 0.184328
0 0.430341 0.586270 0.078589 0.197188
0 0.368184 0.583591 0.075732 0.202546
0 0.324603 0.543403 0.085734 0.150034
0 0.282450 0.526792 0.061443 0.133959
0 0.244584 0.511788 0.071445 0.140389
0 0.219936 0.456597 0.075017 0.126457
