0 0.377659 0.876820 0.190939 0.223576
0 0.298474 0.803778 0.149249 0.217958
0 0.253822 0.713986 0.184086 0.230945
0 0.220362 0.562017 0.197254 0.234748
0 0.184876 0.441159 0.198187 0.222499
0 0.195259 0.252128 0.181574 0.277694
0 0.208018 0.096564 0.152924 0.193128
0 0.493276 0.886557 0.181718 0.223027
0 0.590433 0.846452 0.144262 0.200829
0 0.666385 0.766026 0.174758 0.234104
0 0.736595 0.641581 0.193343 0.240203
0 0.795558 0.529028 0.192015 0.246160
0 0.856924 0.367336 0.221182 0.315227
0 0.908127 0.193983 0.183745 0.265799
