0 0.484880 0.359562 0.159517 0.250037
0 0.388913 0.357044 0.115489 0.204285
0 0.310232 0.365095 0.137594 0.211682
0 0.225421 0.376009 0.131032 0.206273
0 0.164282 0.380651 0.115846 0.216753
0 0.130707 0.379934 0.109672 0.206254
0 0.098383 0.399032 0.073969 0.146623
0 0.614140 0.342236 0.174494 0.238484
0 0.704738 0.332426 0.119127 0.219457
0 0.773068 0.320816 0.140873 0.239181
0 0.836504 0.314613 0.149256 0.239777
0 0.904249 0.338217 0.071641 0.152369
0 0.606008 0.673093 0.114860 0.225860
0 0.665866 0.654215 0.130464 0.217528
0 0.737491 0.648093 0.129391 0.204921
0 0.795006 0.645827 0.123959 0.226595
0 0.855504 0.647439 0.120620 0.209415
0 0.898059 0.640839 0.110805 0.208541
0 0.931997 0.587998 0.122107 0.248965
0 0.951644 0.512838 0.096712 0.256640
0 0.532786 0.690112 0.126942 0.231307
0 0.449871 0.674471 0.128406 0.214028
0 0.374039 0.691440 0.134368 0.248248
0 0.301605 0.727806 0.160381 0.261570
