0 0.418912 0.387108 0.131049 0.209530
0 0.343591 0.396300 0.115292 0.187494
0 0.284112 0.387351 0.126448 0.233468
0 0.251751 0.418662 0.087842 0.172317
0 0.233273 0.435090 0.073534 0.150589
0 0.194420 0.425166 0.081045 0.150109
0 0.178563 0.445014 0.057210 0.112860
0 0.499848 0.370473 0.134967 0.205172
0 0.575032 0.349946 0.109734 0.210190
0 0.626201 0.344752 0.115071 0.209248
0 0.663042 0.350558 0.091792 0.164851
0 0.691285 0.360464 0.065288 0.128073
0 0.707295 0.350243 0.049804 0.126858
0 0.726571 0.351827 0.061128 0.108502
0 0.499395 0.589324 0.081665 0.136745
0 0.547403 0.587074 0.101709 0.165921
0 0.602943 0.591746 0.108810 0.205841
0 0.641569 0.573877 0.106394 0.181451
0 0.676703 0.555613 0.079470 0.162232
0 0.711165 0.544879 0.094103 0.175724
0 0.726061 0.511598 0.065256 0.131181
0 0.451639 0.603452 0.087569 0.151496
0 0.399792 0.603677 0.094324 0.153970
0 0.349951 0.634726 0.118327 0.198521
0 0.310804 0.630546 0.113905 0.180971
0 0.288586 0.607996 0.080016 0.132242
0 0.260186 0.615169 0.113369 0.162170
0 0.231361 0.590045 0.095007 0.134390
