0 0.374038 0.768417 0.102038 0.136422
0 0.325533 0.737342 0.094153 0.127330
0 0.293883 0.676939 0.100663 0.136254
0 0.272253 0.603114 0.113685 0.154101
0 0.269251 0.525296 0.125404 0.139291
0 0.266032 0.426519 0.147251 0.206967
0 0.264224 0.304890 0.119979 0.183308
0 0.446578 0.774184 0.103376 0.114245
0 0.497290 0.753198 0.099542 0.138147
0 0.540731 0.706202 0.109525 0.131249
0 0.572471 0.629510 0.109272 0.129186
0 0.599581 0.556436 0.121534 0.140847
0 0.626239 0.452955 0.150109 0.197163
0 0.653657 0.343287 0.138824 0.171405
