0 0.471885 0.439186 0.093696 0.163460
0 0.412558 0.437737 0.064674 0.127806
0 0.363951 0.442940 0.077564 0.163715
0 0.325367 0.447007 0.057332 0.141735
0 0.305373 0.455369 0.049924 0.098406
0 0.279517 0.441836 0.051396 0.098484
0 0.251086 0.428168 0.046591 0.104838
0 0.546086 0.452485 0.095615 0.158055
0 0.603954 0.467696 0.066072 0.112465
0 0.646975 0.470504 0.080492 0.149555
0 0.681596 0.492800 0.056580 0.127382
0 0.695115 0.502365 0.030485 0.077569
0 0.719647 0.484830 0.032304 0.084271
0 0.737722 0.470832 0.026516 0.071856
0 0.510956 0.629994 0.063665 0.136562
0 0.560774 0.629837 0.062987 0.137627
0 0.602200 0.641972 0.052916 0.141504
0 0.637907 0.629451 0.057720 0.135149
0 0.672254 0.593610 0.063691 0.109037
0 0.700879 0.561344 0.052247 0.100730
0 0.459609 0.631178 0.069338 0.146768
0 0.414517 0.632690 0.062036 0.147487
0 0.370826 0.621543 0.060796 0.151826
0 0.341464 0.604505 0.061342 0.134238
0 0.320341 0.585131 0.049361 0.101680
0 0.287300 0.567900 0.067255 0.107022
0 0.258467 0.533729 0.069867 0.114866
