0 0.483614 0.267822 0.094956 0.143611
0 0.415340 0.267233 0.080830 0.149496
0 0.363154 0.280770 0.091032 0.181279
0 0.327840 0.314319 0.058072 0.147142
0 0.301943 0.326090 0.036099 0.133016
0 0.284286 0.330799 0.038453 0.135371
0 0.265844 0.342570 0.031390 0.128308
0 0.560913 0.258993 0.095740 0.154205
0 0.629187 0.243691 0.073767 0.175393
0 0.682943 0.248399 0.068274 0.196582
0 0.728458 0.261348 0.051009 0.165976
0 0.756317 0.280182 0.050224 0.142433
0 0.787315 0.298427 0.033745 0.122422
0 0.560128 0.691591 0.075337 0.127131
0 0.617415 0.685116 0.080045 0.158913
0 0.664893 0.673345 0.098095 0.161268
0 0.696283 0.633911 0.082399 0.103588
0 0.737876 0.603305 0.087108 0.103588
0 0.506372 0.693356 0.074552 0.128308
0 0.460856 0.696299 0.066704 0.138902
0 0.411809 0.702773 0.069059 0.175393
0 0.371786 0.686882 0.058072 0.148319
0 0.347851 0.677465 0.060426 0.141256
0 0.323524 0.648037 0.055718 0.115359
0 0.316853 0.622728 0.083184 0.116536
