0 0.367919 0.817871 0.152901 0.214113
0 0.297801 0.777055 0.117120 0.166671
0 0.250106 0.687667 0.141665 0.220358
0 0.251030 0.570739 0.142212 0.169039
0 0.247294 0.459556 0.150910 0.156177
0 0.259184 0.363165 0.145918 0.151183
0 0.267807 0.256349 0.153613 0.179276
0 0.302828 0.111998 0.179490 0.223996
0 0.461295 0.834336 0.134682 0.157428
0 0.532514 0.852365 0.126567 0.158054
0 0.608014 0.829566 0.122195 0.179906
0 0.654942 0.737164 0.139757 0.170663
0 0.712210 0.656435 0.159436 0.196756
0 0.772103 0.542974 0.142998 0.212367
0 0.832510 0.390210 0.171346 0.246158
