0 0.418560 0.378181 0.107547 0.155915
0 0.362199 0.400722 0.082676 0.129628
0 0.320190 0.442952 0.088971 0.120044
0 0.298071 0.513398 0.089802 0.126521
0 0.286904 0.593892 0.074513 0.114405
0 0.287547 0.692503 0.084470 0.150126
0 0.279061 0.803130 0.051643 0.120469
0 0.488728 0.364561 0.091389 0.135166
0 0.547789 0.373231 0.069768 0.130480
0 0.593147 0.399385 0.094942 0.133074
0 0.632084 0.469304 0.092656 0.125494
0 0.657688 0.536761 0.084038 0.125343
0 0.673320 0.629722 0.095732 0.178330
0 0.697058 0.734397 0.047639 0.096701
