0 0.487944 0.351707 0.139050 0.229070
0 0.397521 0.366175 0.091628 0.192901
0 0.334025 0.361352 0.078768 0.183256
0 0.313931 0.395110 0.067515 0.149498
0 0.291827 0.400535 0.060282 0.133825
0 0.252443 0.374614 0.058674 0.120563
0 0.222704 0.359544 0.036169 0.100068
0 0.593236 0.364366 0.132620 0.206163
0 0.688882 0.360749 0.095647 0.191696
0 0.757202 0.361955 0.074749 0.198929
0 0.796184 0.380642 0.049833 0.149498
0 0.821502 0.378231 0.045814 0.135031
0 0.853235 0.367649 0.041874 0.078337
0 0.465209 0.561487 0.073716 0.182912
0 0.398727 0.572338 0.082672 0.179812
0 0.351535 0.555804 0.057181 0.169478
0 0.298487 0.573371 0.075094 0.132275
0 0.525491 0.552703 0.092317 0.169478
0 0.607129 0.553220 0.105407 0.182912
0 0.679812 0.538752 0.093695 0.168444
0 0.733893 0.516534 0.087494 0.177745
0 0.766962 0.492250 0.065449 0.125041
0 0.808986 0.473648 0.098517 0.120908
0 0.839644 0.421978 0.060626 0.083705
0 0.280977 0.509042 0.090021 0.141059
0 0.250032 0.444541 0.057067 0.098862
