0 0.448560 0.439718 0.114133 0.207369
0 0.384259 0.419223 0.062693 0.151910
0 0.349698 0.409578 0.057870 0.127797
0 0.319959 0.415606 0.049833 0.110918
0 0.295042 0.419223 0.041795 0.103684
0 0.533275 0.447049 0.086806 0.199653
0 0.586323 0.431134 0.069444 0.193866
0 0.626833 0.451389 0.044367 0.156250
0 0.649981 0.450666 0.025077 0.175058
0 0.668306 0.446325 0.036651 0.111400
0 0.515845 0.609024 0.053737 0.147776
0 0.565449 0.626591 0.064760 0.149843
0 0.593006 0.634342 0.031691 0.097140
0 0.621597 0.637959 0.054426 0.122975
0 0.644331 0.596106 0.076472 0.119874
0 0.647432 0.526868 0.056493 0.051670
0 0.479332 0.605923 0.062004 0.143643
0 0.432829 0.599723 0.057181 0.127108
0 0.375303 0.598690 0.062004 0.129175
0 0.334656 0.607474 0.053737 0.113674
0 0.306754 0.600240 0.048914 0.101273
0 0.290909 0.529969 0.073716 0.113674
