0 0.393766 0.355715 0.127595 0.209364
0 0.318062 0.368543 0.087656 0.145550
0 0.266225 0.382940 0.076599 0.145048
0 0.229310 0.372445 0.063538 0.127786
0 0.199867 0.370565 0.062034 0.137041
0 0.177575 0.357284 0.050735 0.116520
0 0.487750 0.351644 0.126538 0.194490
0 0.569453 0.355480 0.098730 0.136330
0 0.629987 0.350198 0.085304 0.143744
0 0.671513 0.328236 0.063941 0.131441
0 0.705800 0.312130 0.066939 0.138062
0 0.735731 0.291798 0.053565 0.123782
0 0.497890 0.576779 0.075486 0.154764
0 0.552737 0.573102 0.081424 0.160249
0 0.603033 0.567645 0.080370 0.160101
0 0.642785 0.548352 0.082307 0.137122
0 0.680568 0.534173 0.100285 0.147399
0 0.702227 0.493235 0.120093 0.148633
0 0.735093 0.440240 0.097841 0.130005
0 0.449093 0.585249 0.083868 0.177643
0 0.398796 0.590705 0.083475 0.152787
0 0.351802 0.600535 0.083589 0.168304
0 0.307939 0.590574 0.077315 0.145721
0 0.267349 0.580960 0.077589 0.125609
0 0.253029 0.555559 0.123643 0.144482
0 0.220423 0.510960 0.081304 0.115280
