0 0.595293 0.218750 0.074074 0.145833
0 0.546682 0.215856 0.089506 0.146991
0 0.516975 0.293981 0.102623 0.159722
0 0.467593 0.364005 0.107253 0.133102
0 0.451003 0.472222 0.112654 0.148148
0 0.424769 0.608796 0.125000 0.215278
0 0.381944 0.769097 0.138117 0.186343
0 0.655093 0.210069 0.070216 0.142361
0 0.702160 0.233796 0.093364 0.148148
0 0.751543 0.286458 0.087191 0.146991
0 0.793596 0.349537 0.092593 0.155093
0 0.808642 0.470486 0.110340 0.163194
0 0.837577 0.598958 0.140432 0.223380
0 0.870756 0.750000 0.123457 0.155093
