0 0.473769 0.227137 0.122589 0.178444
0 0.404189 0.271057 0.098903 0.170149
0 0.349358 0.332243 0.081014 0.141189
0 0.301621 0.436953 0.117990 0.137958
0 0.277452 0.545396 0.115007 0.142030
0 0.238313 0.658036 0.140529 0.215362
0 0.212812 0.766865 0.114992 0.153386
0 0.188571 0.843645 0.096734 0.122097
0 0.549291 0.248056 0.119288 0.188144
0 0.605381 0.299340 0.106227 0.166765
0 0.639854 0.368698 0.081649 0.129931
0 0.656311 0.461480 0.116801 0.145722
0 0.670370 0.569408 0.119969 0.142816
0 0.669249 0.686875 0.154307 0.210729
0 0.667207 0.788073 0.140826 0.179060
0 0.666573 0.898452 0.101629 0.126280
