0 0.465234 0.432179 0.097962 0.182677
0 0.409252 0.429046 0.062962 0.151905
0 0.361964 0.421754 0.063037 0.156215
0 0.340351 0.438363 0.039213 0.127362
0 0.317077 0.434939 0.039150 0.123741
0 0.303958 0.433447 0.034253 0.114229
0 0.286297 0.426822 0.028396 0.100098
0 0.277857 0.387722 0.026564 0.075516
0 0.529649 0.434022 0.087111 0.153332
0 0.591511 0.424036 0.069577 0.146994
0 0.636881 0.417786 0.055325 0.136691
0 0.672302 0.424440 0.038921 0.118308
0 0.693902 0.416266 0.033541 0.117209
0 0.716401 0.414144 0.040651 0.102252
0 0.741344 0.406531 0.037865 0.096171
0 0.531199 0.614121 0.065590 0.148935
0 0.575254 0.606339 0.063211 0.127781
0 0.619760 0.611139 0.075203 0.162173
0 0.649649 0.589026 0.058642 0.134738
0 0.674379 0.574368 0.055114 0.124623
0 0.700000 0.566265 0.056157 0.107550
0 0.715239 0.538363 0.081313 0.089892
0 0.728024 0.497341 0.059020 0.041245
0 0.484912 0.615325 0.070707 0.134949
0 0.441694 0.613564 0.074410 0.155121
0 0.404351 0.620960 0.069542 0.144982
0 0.364809 0.600653 0.044372 0.123430
0 0.343138 0.593736 0.034405 0.128283
0 0.321147 0.594195 0.041167 0.117288
0 0.319214 0.564797 0.073923 0.095035
0 0.306796 0.529407 0.067380 0.061499
