0 0.529321 0.178241 0.070216 0.148148
0 0.478781 0.206019 0.087963 0.145833
0 0.413580 0.281250 0.101080 0.134259
0 0.381173 0.382523 0.107253 0.135417
0 0.360725 0.504630 0.129630 0.159722
0 0.332562 0.671296 0.139660 0.236111
0 0.314043 0.846644 0.147377 0.223380
0 0.571759 0.144676 0.071759 0.155093
0 0.631559 0.202546 0.087963 0.148148
0 0.693287 0.242477 0.097222 0.193287
0 0.745756 0.333912 0.103395 0.172454
0 0.792824 0.429398 0.101852 0.152778
0 0.828704 0.584491 0.153549 0.261574
0 0.858796 0.775463 0.147377 0.245370
