0 0.471451 0.167824 0.068673 0.127315
0 0.421296 0.197917 0.077932 0.127315
0 0.369985 0.229167 0.103395 0.152778
0 0.333719 0.320602 0.108025 0.145833
0 0.294367 0.406250 0.104938 0.150463
0 0.260031 0.540509 0.138117 0.219907
0 0.240741 0.714699 0.136574 0.214120
0 0.521219 0.173032 0.069444 0.140046
0 0.572145 0.207755 0.091049 0.133102
0 0.628472 0.233218 0.078704 0.149306
0 0.656636 0.333912 0.101080 0.163194
0 0.682870 0.439236 0.099537 0.160880
0 0.702160 0.581597 0.148920 0.195602
0 0.723765 0.746528 0.127315 0.215278
