0 0.460268 0.176840 0.070460 0.117412
0 0.418696 0.197715 0.073563 0.112068
0 0.386917 0.245475 0.100138 0.136611
0 0.363172 0.327583 0.096411 0.121059
0 0.338682 0.404384 0.099309 0.130715
0 0.319390 0.503905 0.143727 0.188978
0 0.309997 0.656753 0.147744 0.201103
0 0.501200 0.165675 0.066987 0.136576
0 0.544495 0.177028 0.074847 0.115717
0 0.589178 0.195402 0.090285 0.121355
0 0.622178 0.276149 0.092190 0.123934
0 0.661757 0.352364 0.091858 0.121576
0 0.693996 0.459074 0.133462 0.181755
0 0.741822 0.599672 0.144390 0.193695
