0 0.363588 0.417836 0.202216 0.258958
0 0.273507 0.437957 0.175438 0.239893
0 0.201402 0.458273 0.152682 0.242478
0 0.143853 0.450991 0.103262 0.196088
0 0.122696 0.475558 0.113083 0.191310
0 0.091927 0.470953 0.117558 0.220300
0 0.475091 0.375583 0.176971 0.261501
0 0.555226 0.360841 0.138988 0.208093
0 0.629762 0.348151 0.131879 0.235227
0 0.667370 0.330916 0.098801 0.220042
0 0.687211 0.306504 0.069780 0.165544
0 0.712677 0.308339 0.080256 0.185018
0 0.471160 0.634606 0.155781 0.271469
0 0.409268 0.653156 0.149910 0.270006
0 0.324636 0.661785 0.201500 0.318657
0 0.242164 0.639476 0.136362 0.226709
0 0.195880 0.633087 0.098367 0.155293
0 0.140182 0.624369 0.122464 0.159925
0 0.526632 0.615319 0.135368 0.248485
0 0.610103 0.606200 0.180705 0.316226
0 0.662472 0.561963 0.145272 0.255084
0 0.686480 0.499854 0.108884 0.160669
0 0.713274 0.482261 0.089823 0.128386
