0 0.449019 0.337756 0.063382 0.126075
0 0.414572 0.355324 0.066138 0.099206
0 0.384259 0.399760 0.085428 0.105407
0 0.360147 0.476232 0.092317 0.121941
0 0.342923 0.538236 0.074405 0.105407
0 0.338790 0.617808 0.096451 0.144676
0 0.320877 0.723214 0.110229 0.165344
0 0.497933 0.326389 0.075783 0.103340
0 0.538580 0.325355 0.079916 0.134342
0 0.581983 0.349124 0.073027 0.119874
0 0.609540 0.416295 0.084050 0.117808
0 0.642609 0.483466 0.095073 0.124008
0 0.671544 0.542369 0.106096 0.146743
0 0.707369 0.640542 0.075783 0.124008
