0 0.396373 0.147461 0.120405 0.171048
0 0.333552 0.161965 0.120668 0.168681
0 0.283970 0.224062 0.148314 0.176278
0 0.253525 0.322262 0.144600 0.174206
0 0.238158 0.448722 0.159989 0.209323
0 0.246204 0.627857 0.227392 0.305007
0 0.244522 0.821393 0.199511 0.271862
0 0.241684 0.942705 0.135858 0.114590
0 0.449659 0.118951 0.107976 0.148755
0 0.518382 0.110514 0.130566 0.194032
0 0.592126 0.156971 0.154632 0.214156
0 0.670230 0.230110 0.142895 0.205376
0 0.727398 0.343201 0.157721 0.210013
0 0.800434 0.493824 0.223878 0.324833
0 0.894364 0.668663 0.178932 0.259827
0 0.943127 0.815703 0.113746 0.198010
