0 0.407312 0.190471 0.109940 0.152887
0 0.366883 0.225075 0.128586 0.165309
0 0.343263 0.280011 0.130570 0.152479
0 0.315270 0.381311 0.135698 0.158199
0 0.322448 0.490820 0.167766 0.173967
0 0.341146 0.636443 0.187558 0.235533
0 0.353668 0.794295 0.174336 0.230015
0 0.464441 0.192576 0.107173 0.156639
0 0.512848 0.179878 0.108450 0.164730
0 0.576224 0.208722 0.114265 0.176173
0 0.640754 0.282552 0.149298 0.186019
0 0.698707 0.378773 0.148715 0.174769
0 0.760690 0.497883 0.190915 0.234149
0 0.828178 0.645804 0.159150 0.210683
