0 0.693973 0.422304 0.094307 0.156464
0 0.618241 0.438915 0.081447 0.133959
0 0.563229 0.453382 0.072874 0.137174
0 0.521791 0.462491 0.051440 0.133959
0 0.486783 0.457133 0.057156 0.129672
0 0.439629 0.441594 0.067158 0.128601
0 0.768633 0.421768 0.086448 0.146819
0 0.827575 0.433020 0.045725 0.141461
0 0.859011 0.437307 0.047154 0.139318
0 0.713620 0.543939 0.062157 0.127529
0 0.663609 0.537509 0.066444 0.138246
0 0.610025 0.542867 0.069302 0.153249
0 0.565372 0.536973 0.061443 0.117884
0 0.519290 0.535365 0.053584 0.099666
0 0.469279 0.521433 0.076446 0.106096
0 0.419982 0.503215 0.039295 0.093236
0 0.772562 0.536437 0.072874 0.123242
0 0.816858 0.530007 0.052869 0.121099
0 0.841149 0.530007 0.047154 0.101809
