0 0.467708 0.095991 0.096558 0.144343
0 0.400865 0.107261 0.107379 0.127055
0 0.347733 0.166753 0.121792 0.214903
0 0.313245 0.279938 0.132132 0.212243
0 0.260636 0.364522 0.145056 0.214274
0 0.211190 0.534175 0.208951 0.257087
0 0.169545 0.733414 0.169387 0.239660
0 0.542091 0.101762 0.097308 0.165824
0 0.618899 0.105424 0.099020 0.158049
0 0.683648 0.145827 0.101952 0.199982
0 0.721468 0.240151 0.132935 0.180721
0 0.754451 0.311360 0.138414 0.216066
0 0.766705 0.494437 0.179204 0.261774
0 0.792658 0.682459 0.202072 0.255479
