0 0.492685 0.492107 0.128242 0.177909
0 0.423538 0.505015 0.108035 0.163357
0 0.377069 0.526132 0.095387 0.159338
0 0.348321 0.533991 0.086160 0.135237
0 0.330778 0.553319 0.060357 0.099620
0 0.309902 0.559972 0.060327 0.096317
0 0.291004 0.555779 0.060923 0.105243
0 0.564599 0.470004 0.118391 0.170142
0 0.625665 0.448572 0.103988 0.171211
0 0.672492 0.439595 0.096994 0.166300
0 0.706746 0.441464 0.083721 0.150054
0 0.737846 0.452618 0.054375 0.092746
0 0.758752 0.449625 0.066905 0.112117
0 0.779702 0.436232 0.053631 0.095870
0 0.794253 0.398651 0.035536 0.058736
0 0.590839 0.613669 0.096161 0.159517
0 0.639406 0.596345 0.095743 0.141844
0 0.691115 0.599685 0.091190 0.150680
0 0.723448 0.587942 0.074912 0.143626
0 0.747539 0.579325 0.074168 0.146750
0 0.776866 0.563388 0.092232 0.152019
0 0.790732 0.521075 0.083779 0.128096
0 0.536646 0.622513 0.095565 0.150591
0 0.487483 0.630197 0.087530 0.144342
0 0.444228 0.649350 0.080834 0.143894
0 0.409231 0.667207 0.072025 0.137467
0 0.387000 0.666229 0.059941 0.110509
0 0.361659 0.664135 0.081340 0.142913
0 0.334740 0.642849 0.071607 0.119794
0 0.297404 0.595858 0.052172 0.076858
