0 0.441185 0.279800 0.071157 0.106756
0 0.398972 0.297167 0.076803 0.112925
0 0.353678 0.318761 0.087198 0.135887
0 0.316720 0.369486 0.087067 0.117951
0 0.278636 0.441489 0.104196 0.129317
0 0.244142 0.523316 0.135317 0.189236
0 0.209514 0.641472 0.122162 0.155135
0 0.476627 0.288509 0.073403 0.114239
0 0.522332 0.294933 0.082962 0.122749
0 0.561714 0.333087 0.099004 0.151880
0 0.580819 0.409399 0.107088 0.158392
0 0.597584 0.471402 0.114974 0.137999
0 0.624994 0.563793 0.143658 0.197575
0 0.629335 0.692086 0.117866 0.167074
