0 0.491962 0.399932 0.088413 0.161555
0 0.439718 0.389082 0.067515 0.168789
0 0.391493 0.395110 0.064300 0.147087
0 0.359343 0.395110 0.041795 0.142265
0 0.337641 0.407166 0.036973 0.084394
0 0.561085 0.396316 0.072338 0.163966
0 0.610918 0.378231 0.065908 0.166377
0 0.651910 0.373409 0.061085 0.161555
0 0.692097 0.375820 0.048225 0.132620
0 0.716210 0.383054 0.035365 0.113329
0 0.735500 0.381848 0.038580 0.096451
0 0.540562 0.536616 0.055240 0.126263
0 0.583088 0.529382 0.056117 0.135469
0 0.624299 0.519518 0.050856 0.139415
0 0.655864 0.507023 0.043841 0.138100
0 0.676470 0.487295 0.037703 0.101273
0 0.691376 0.476773 0.035950 0.093382
0 0.496721 0.539904 0.055240 0.127578
0 0.459017 0.537274 0.067515 0.143361
0 0.414738 0.537931 0.056117 0.147306
0 0.372650 0.516888 0.049102 0.113110
0 0.350730 0.504393 0.045595 0.103904
0 0.331001 0.483349 0.039457 0.103904
