0 0.459699 0.201406 0.076620 0.131233
0 0.393613 0.222998 0.085168 0.124887
0 0.340409 0.271893 0.105263 0.159876
0 0.294582 0.394569 0.117573 0.162256
0 0.264636 0.517522 0.127033 0.166751
0 0.234578 0.667551 0.152975 0.247306
0 0.199461 0.859191 0.149652 0.222351
0 0.523898 0.205235 0.068966 0.106202
0 0.587090 0.225292 0.081979 0.107512
0 0.646183 0.273439 0.098219 0.128362
0 0.690339 0.370608 0.106877 0.169647
0 0.714626 0.489092 0.132029 0.163591
0 0.738366 0.638977 0.162646 0.222578
0 0.773583 0.834553 0.154857 0.231102
