0 0.449858 0.808251 0.161177 0.200474
0 0.363267 0.796261 0.124489 0.176886
0 0.303317 0.728274 0.172808 0.226514
0 0.245824 0.614473 0.162890 0.164855
0 0.207404 0.409113 0.200080 0.255751
0 0.180941 0.263421 0.175989 0.251964
0 0.160475 0.142784 0.160664 0.173109
0 0.568217 0.812712 0.146876 0.176349
0 0.649284 0.767769 0.115379 0.146817
0 0.687483 0.666383 0.167253 0.207205
0 0.710791 0.534193 0.159404 0.175123
0 0.724491 0.436643 0.148216 0.155420
0 0.735936 0.316959 0.200080 0.255751
0 0.747425 0.167551 0.192447 0.246808
