0 0.483510 0.704245 0.096451 0.098006
0 0.433107 0.672976 0.070316 0.113874
0 0.383637 0.606239 0.092095 0.118541
0 0.366525 0.539501 0.096451 0.112007
0 0.337345 0.471830 0.086494 0.111074
0 0.315499 0.393425 0.082761 0.135342
0 0.309539 0.317951 0.047552 0.047777
0 0.555376 0.690743 0.085235 0.100264
0 0.611981 0.657819 0.080301 0.085460
0 0.637023 0.589470 0.083441 0.110357
0 0.650257 0.513431 0.079404 0.109012
0 0.675202 0.434028 0.091965 0.111703
0 0.678070 0.347895 0.096451 0.122470
0 0.679547 0.292166 0.101496 0.056090
