0 0.438319 0.408126 0.110870 0.226317
0 0.381113 0.421728 0.080441 0.170480
0 0.334850 0.407447 0.082539 0.255491
0 0.286232 0.438097 0.081308 0.187034
0 0.235914 0.418268 0.068693 0.126235
0 0.515777 0.415150 0.109489 0.184973
0 0.570238 0.416226 0.072933 0.177161
0 0.601274 0.442159 0.080573 0.232983
0 0.633035 0.469315 0.051083 0.150074
0 0.649087 0.479642 0.032385 0.123153
0 0.673199 0.464306 0.045568 0.149785
0 0.689520 0.477018 0.025710 0.115728
0 0.488085 0.724938 0.087975 0.239267
0 0.554011 0.718315 0.098820 0.236298
0 0.587658 0.686879 0.074660 0.150131
0 0.620562 0.669633 0.065744 0.144947
0 0.631115 0.611495 0.107196 0.141223
0 0.418737 0.729011 0.086381 0.223854
0 0.363474 0.713072 0.081689 0.254267
0 0.310292 0.680050 0.096315 0.218479
0 0.280947 0.659541 0.074137 0.170149
0 0.259190 0.629945 0.066515 0.129658
0 0.226287 0.594429 0.107922 0.140082
0 0.207154 0.522286 0.120618 0.112447
