0 0.483925 0.441058 0.088592 0.178969
0 0.421053 0.445345 0.061443 0.140389
0 0.372828 0.425519 0.053584 0.145748
0 0.318887 0.437843 0.072874 0.138246
0 0.269233 0.433556 0.060728 0.155393
0 0.562514 0.419089 0.095736 0.192901
0 0.628958 0.445880 0.074303 0.145748
0 0.680398 0.462491 0.067158 0.153249
0 0.716478 0.476423 0.050726 0.106096
0 0.708976 0.515539 0.092878 0.154321
0 0.767561 0.481782 0.051440 0.142533
0 0.518218 0.647891 0.064300 0.142533
0 0.563586 0.663966 0.063586 0.140389
0 0.608596 0.690222 0.060728 0.156464
0 0.656107 0.711120 0.065729 0.140389
0 0.712549 0.681649 0.111454 0.126457
0 0.741484 0.603416 0.103595 0.137174
0 0.472494 0.646819 0.067158 0.163966
0 0.433199 0.621635 0.061443 0.173611
0 0.392475 0.603416 0.067158 0.160751
0 0.333176 0.610918 0.074303 0.145748
