0 0.443335 0.417414 0.128601 0.220631
0 0.363764 0.419223 0.086806 0.183256
0 0.294641 0.392096 0.094843 0.194107
0 0.263294 0.434896 0.067515 0.132620
0 0.232350 0.451172 0.068319 0.143470
0 0.201588 0.471731 0.068977 0.133277
0 0.164176 0.457264 0.052609 0.125386
0 0.541795 0.417368 0.118079 0.224467
0 0.622463 0.428767 0.067808 0.171857
0 0.682672 0.418245 0.075991 0.206930
0 0.736742 0.431397 0.053194 0.163089
0 0.761878 0.448934 0.039165 0.138538
0 0.798705 0.456825 0.043841 0.156075
0 0.819359 0.483172 0.018372 0.105636
0 0.519226 0.528067 0.055727 0.077160
0 0.589956 0.516011 0.060014 0.073945
0 0.655864 0.523245 0.077160 0.155928
0 0.710520 0.541731 0.080376 0.155928
0 0.752583 0.548965 0.055191 0.138246
0 0.789020 0.566245 0.065908 0.135835
0 0.388214 0.508777 0.050904 0.061085
0 0.332219 0.520833 0.082519 0.125386
0 0.280243 0.532488 0.066444 0.118152
0 0.218621 0.554993 0.086806 0.094039
