0 0.441921 0.308891 0.097242 0.113563
0 0.381992 0.342863 0.079822 0.116422
0 0.352969 0.404803 0.099111 0.128786
0 0.339125 0.469171 0.114690 0.129033
0 0.324242 0.525083 0.098695 0.125403
0 0.310827 0.602276 0.114125 0.160617
0 0.295899 0.662486 0.114185 0.133969
0 0.301506 0.740777 0.108904 0.100001
0 0.516597 0.297147 0.095312 0.124988
0 0.580249 0.316803 0.083324 0.126848
0 0.608335 0.377740 0.093977 0.123158
0 0.630737 0.443668 0.102464 0.110872
0 0.649075 0.499793 0.106560 0.108043
0 0.678435 0.622384 0.120891 0.161448
0 0.677469 0.693756 0.103474 0.101001
