0 0.457250 0.797343 0.116275 0.162824
0 0.392825 0.771659 0.095994 0.129361
0 0.347682 0.741432 0.107456 0.147825
0 0.315772 0.653710 0.132852 0.146858
0 0.291936 0.593869 0.110654 0.108594
0 0.270678 0.519996 0.131701 0.151062
0 0.253467 0.453296 0.106734 0.113736
0 0.516991 0.782547 0.105709 0.148962
0 0.570959 0.748973 0.092202 0.130100
0 0.605752 0.709575 0.113890 0.150552
0 0.612170 0.627935 0.115809 0.119929
0 0.627919 0.558808 0.117470 0.133536
0 0.626263 0.468389 0.117810 0.145410
0 0.622390 0.391136 0.112697 0.144416
