0 0.404778 0.416676 0.155436 0.224334
0 0.314607 0.415599 0.117826 0.189256
0 0.251125 0.409796 0.079594 0.147061
0 0.204393 0.399539 0.079683 0.121168
0 0.164384 0.388694 0.064950 0.096334
0 0.503702 0.417584 0.128747 0.224353
0 0.582564 0.398731 0.121874 0.235525
0 0.640728 0.398424 0.109138 0.215574
0 0.697621 0.401814 0.089373 0.169108
0 0.746896 0.404676 0.070476 0.141554
0 0.779078 0.412619 0.051502 0.095157
0 0.422299 0.612392 0.096234 0.202672
0 0.354240 0.599817 0.112496 0.191145
0 0.286271 0.597395 0.100305 0.159469
0 0.237430 0.567598 0.111899 0.166369
0 0.199067 0.511780 0.129120 0.147862
0 0.175215 0.448714 0.106215 0.083462
0 0.490080 0.617221 0.103068 0.182079
0 0.553562 0.623024 0.102341 0.173774
0 0.614514 0.627255 0.088023 0.153685
0 0.667419 0.598717 0.146474 0.184699
0 0.696460 0.552543 0.149209 0.153151
0 0.747646 0.527144 0.109888 0.134407
