0 0.401332 0.337300 0.228976 0.403193
0 0.269109 0.309977 0.182614 0.360635
0 0.174182 0.309339 0.157559 0.383125
0 0.107387 0.326252 0.135187 0.365928
0 0.061826 0.311540 0.102118 0.333904
0 0.045514 0.275969 0.076939 0.271876
0 0.565513 0.356891 0.222698 0.379694
0 0.700410 0.380992 0.161661 0.342446
0 0.801478 0.378773 0.151724 0.371092
0 0.861028 0.415970 0.094505 0.297703
0 0.909560 0.391300 0.098846 0.281030
0 0.940149 0.326219 0.106393 0.244139
0 0.957944 0.305189 0.084113 0.222141
0 0.417144 0.794340 0.167053 0.408241
0 0.330247 0.783970 0.156257 0.406969
0 0.229152 0.749411 0.188112 0.427446
0 0.154909 0.711254 0.154454 0.302862
0 0.085113 0.719679 0.146029 0.273428
0 0.075652 0.645489 0.151305 0.268783
0 0.493030 0.805749 0.158207 0.382051
0 0.563561 0.818671 0.155696 0.362657
0 0.660942 0.815456 0.185889 0.369088
0 0.757731 0.817225 0.150893 0.276223
0 0.795493 0.750563 0.191756 0.251969
0 0.837168 0.683728 0.217974 0.291267
0 0.921695 0.555400 0.156611 0.285914
