0 0.391493 0.847222 0.115741 0.159144
0 0.333623 0.785735 0.093236 0.132620
0 0.282986 0.702546 0.123778 0.163966
0 0.246013 0.615741 0.117348 0.144676
0 0.211452 0.532552 0.128601 0.137442
0 0.214667 0.398727 0.141461 0.202546
0 0.180105 0.298659 0.123778 0.176022
0 0.170460 0.169657 0.104488 0.144676
0 0.490355 0.856867 0.098058 0.159144
0 0.570730 0.808642 0.098058 0.149498
0 0.632620 0.739921 0.118956 0.176022
0 0.665574 0.637442 0.126993 0.149498
0 0.727463 0.368586 0.125386 0.200135
0 0.737912 0.226321 0.117348 0.147087
