0 0.414738 0.202546 0.066358 0.115741
0 0.368827 0.228009 0.057870 0.118056
0 0.316358 0.266204 0.096451 0.118056
0 0.278549 0.351852 0.108796 0.127315
0 0.262731 0.444444 0.109568 0.122685
0 0.225694 0.564236 0.145062 0.165509
0 0.213349 0.693287 0.112654 0.159722
0 0.227238 0.820602 0.070988 0.127315
0 0.459491 0.200231 0.066358 0.115741
0 0.509259 0.223380 0.065586 0.115741
0 0.558642 0.254051 0.062500 0.137731
0 0.590278 0.331597 0.088735 0.140046
0 0.616898 0.416088 0.087963 0.149306
0 0.634259 0.531250 0.122685 0.173611
0 0.667438 0.668403 0.111883 0.158565
