0 0.426460 0.120553 0.120066 0.162197
0 0.324403 0.150743 0.134074 0.172853
0 0.240357 0.212307 0.128070 0.151542
0 0.179824 0.322412 0.149082 0.165749
0 0.151308 0.450867 0.168092 0.176404
0 0.121792 0.604185 0.185102 0.227313
0 0.092276 0.790653 0.180099 0.216658
0 0.511506 0.110490 0.124068 0.172853
0 0.602556 0.136536 0.124068 0.194163
0 0.695608 0.188628 0.134074 0.187060
0 0.751638 0.298733 0.146080 0.161013
0 0.802166 0.418309 0.173095 0.179956
0 0.841188 0.575771 0.199110 0.213106
0 0.876207 0.766383 0.211116 0.213106
0 0.897719 0.914965 0.194107 0.164565
