0 0.465844 0.421834 0.171317 0.239663
0 0.371647 0.381754 0.126690 0.232244
0 0.306984 0.383402 0.104758 0.174118
0 0.270749 0.393953 0.074712 0.123551
0 0.244251 0.422304 0.065921 0.127724
0 0.213738 0.372436 0.090172 0.166833
0 0.176939 0.399339 0.105006 0.164590
0 0.569250 0.436490 0.153528 0.215335
0 0.649839 0.443702 0.121178 0.200903
0 0.702910 0.449104 0.098987 0.197784
0 0.733963 0.474551 0.070207 0.157163
0 0.755055 0.490370 0.053854 0.143990
0 0.789139 0.486933 0.077496 0.143359
0 0.821895 0.490508 0.046734 0.107401
0 0.409184 0.665438 0.109750 0.218080
0 0.358471 0.631058 0.112647 0.191796
0 0.306158 0.642217 0.120578 0.210704
0 0.466958 0.646651 0.112099 0.194738
0 0.533436 0.661233 0.116178 0.205384
0 0.591632 0.683114 0.106526 0.210226
0 0.646045 0.680283 0.091794 0.197308
0 0.680195 0.670574 0.067209 0.147363
0 0.701961 0.651467 0.131931 0.185128
0 0.739719 0.631383 0.130430 0.167096
0 0.252327 0.602289 0.073528 0.152793
0 0.218978 0.595767 0.049521 0.115899
0 0.211444 0.556855 0.107996 0.144847
