0 0.421978 0.351163 0.155748 0.257958
0 0.354697 0.380558 0.127294 0.242328
0 0.306205 0.396164 0.148302 0.314004
0 0.276217 0.467357 0.108829 0.212014
0 0.238081 0.459456 0.127225 0.274689
0 0.502869 0.320459 0.164799 0.301044
0 0.568869 0.320795 0.150839 0.305188
0 0.627142 0.326603 0.150020 0.299842
0 0.682152 0.305297 0.179341 0.376597
0 0.745863 0.319685 0.140529 0.319752
0 0.792258 0.324957 0.116577 0.291385
0 0.483621 0.582071 0.144537 0.296054
0 0.425006 0.596113 0.151870 0.287679
0 0.371748 0.633358 0.135300 0.242666
0 0.316719 0.665411 0.119182 0.235284
0 0.264649 0.671831 0.142535 0.236099
0 0.223771 0.634934 0.123556 0.205174
0 0.546174 0.561520 0.140925 0.291559
0 0.612180 0.564611 0.139643 0.294924
0 0.690775 0.612716 0.153911 0.344085
0 0.748653 0.600337 0.179950 0.353192
0 0.797210 0.565800 0.163964 0.288781
0 0.841921 0.519875 0.120353 0.203308
0 0.841240 0.431907 0.049983 0.094548
