0 0.512324 0.454570 0.175570 0.266279
0 0.424979 0.450260 0.117458 0.248300
0 0.368072 0.441672 0.095726 0.215812
0 0.348191 0.463219 0.060420 0.159150
0 0.327820 0.481393 0.075536 0.171896
0 0.319333 0.501947 0.103275 0.168921
0 0.609919 0.424986 0.155295 0.277968
0 0.687398 0.401139 0.125873 0.265529
0 0.736482 0.364339 0.100934 0.260746
0 0.766402 0.396017 0.068024 0.187135
0 0.826286 0.422131 0.092951 0.160525
0 0.579277 0.656791 0.107939 0.248189
0 0.636015 0.631274 0.116906 0.235652
0 0.703161 0.660910 0.123236 0.204348
0 0.747382 0.665460 0.074177 0.146097
0 0.793100 0.674983 0.105091 0.144310
0 0.836558 0.638175 0.059844 0.080462
0 0.529638 0.653401 0.121898 0.234821
0 0.471581 0.669534 0.124341 0.241296
0 0.428742 0.712634 0.105072 0.184166
0 0.388767 0.747756 0.056205 0.123642
0 0.368852 0.749757 0.049731 0.121199
0 0.341333 0.731696 0.054337 0.110349
