0 0.534131 0.900889 0.193633 0.198222
0 0.440569 0.917214 0.143029 0.165573
0 0.359787 0.846490 0.178803 0.213240
0 0.293071 0.723784 0.196574 0.210510
0 0.222122 0.615994 0.168805 0.169935
0 0.159721 0.469486 0.252598 0.323660
0 0.094450 0.336715 0.188899 0.287497
0 0.634649 0.889201 0.185121 0.209671
0 0.712314 0.847460 0.147010 0.215011
0 0.743455 0.723703 0.171260 0.213776
0 0.751259 0.585694 0.187341 0.200407
0 0.749149 0.462011 0.184564 0.188378
0 0.730527 0.290825 0.228416 0.295301
0 0.719455 0.113745 0.198297 0.227490
0 0.712202 0.026415 0.137726 0.052829
