0 0.454553 0.136528 0.057936 0.093641
0 0.420402 0.163305 0.069363 0.107405
0 0.382349 0.192877 0.084192 0.130577
0 0.363698 0.270446 0.083391 0.105757
0 0.359505 0.352610 0.105745 0.123110
0 0.357905 0.455881 0.125798 0.170522
0 0.368111 0.592446 0.131801 0.164516
0 0.372785 0.727953 0.119854 0.170915
0 0.493777 0.125921 0.062178 0.109894
0 0.533461 0.122207 0.069503 0.108546
0 0.581161 0.136618 0.082611 0.136002
0 0.626159 0.191895 0.083632 0.126013
0 0.664022 0.261366 0.094278 0.127321
0 0.709150 0.355425 0.118613 0.173011
0 0.753868 0.474434 0.110428 0.155150
0 0.791471 0.598370 0.077928 0.146664
