0 0.470261 0.450569 0.112526 0.185667
0 0.386671 0.444541 0.083591 0.192901
0 0.324781 0.439718 0.072338 0.212191
0 0.283179 0.450810 0.063272 0.167824
0 0.252701 0.460069 0.039352 0.158565
0 0.223765 0.457176 0.044753 0.150463
0 0.197531 0.456597 0.041667 0.114583
0 0.568287 0.451389 0.110340 0.185185
0 0.654321 0.459491 0.081790 0.159722
0 0.715664 0.457176 0.071759 0.215278
0 0.761960 0.456597 0.060957 0.184028
0 0.793596 0.468750 0.042438 0.164352
0 0.817130 0.472801 0.043210 0.135417
0 0.845293 0.472801 0.034722 0.126157
0 0.565586 0.675347 0.064815 0.142361
0 0.624228 0.664931 0.072531 0.140046
0 0.687114 0.671875 0.079475 0.184028
0 0.731481 0.656250 0.069444 0.162037
0 0.763503 0.642361 0.060957 0.150463
0 0.796682 0.625000 0.065586 0.120370
0 0.815586 0.600694 0.060185 0.099537
0 0.500772 0.681134 0.067901 0.144676
0 0.447917 0.666088 0.076389 0.160880
0 0.380015 0.671875 0.073302 0.200231
0 0.336034 0.643519 0.065586 0.164352
0 0.307099 0.628472 0.081790 0.141204
