0 0.476955 0.776595 0.135921 0.176894
0 0.397594 0.761365 0.118872 0.153259
0 0.330297 0.711371 0.120330 0.182536
0 0.278451 0.584075 0.154650 0.193424
0 0.242963 0.490418 0.149870 0.194135
0 0.204426 0.348077 0.183408 0.243773
0 0.162124 0.185662 0.170152 0.202335
0 0.564245 0.764940 0.135405 0.171986
0 0.633193 0.732260 0.114305 0.163700
0 0.670694 0.648300 0.114523 0.150375
0 0.685765 0.531960 0.147122 0.152588
0 0.698104 0.405363 0.138335 0.161372
0 0.698236 0.268882 0.157919 0.216824
0 0.693787 0.100628 0.165932 0.200677
