0 0.510360 0.368184 0.115026 0.227195
0 0.418553 0.347822 0.078589 0.188615
0 0.341392 0.340856 0.100023 0.191830
0 0.257802 0.335498 0.094307 0.187543
0 0.198145 0.328532 0.076446 0.201475
0 0.165995 0.321566 0.072159 0.191830
0 0.131344 0.333891 0.047154 0.137174
0 0.637889 0.375686 0.132888 0.212191
0 0.726838 0.383188 0.079304 0.203618
0 0.794710 0.384795 0.097880 0.219693
0 0.856867 0.390689 0.106453 0.218621
0 0.917595 0.426055 0.043581 0.143604
0 0.568230 0.692365 0.073588 0.211120
0 0.629315 0.685400 0.091449 0.199331
0 0.699331 0.692901 0.092878 0.186471
0 0.755058 0.701475 0.082876 0.210048
0 0.812929 0.714335 0.082876 0.192901
0 0.855081 0.715942 0.072874 0.193973
0 0.897591 0.671468 0.076446 0.233625
0 0.936171 0.603952 0.060728 0.244342
0 0.494642 0.695045 0.085019 0.214335
0 0.417838 0.664502 0.090021 0.196116
0 0.341750 0.666645 0.089306 0.230410
0 0.265303 0.688079 0.113597 0.238983
