0 0.532107 0.184880 0.101222 0.151115
0 0.480509 0.201218 0.119745 0.162416
0 0.436566 0.243279 0.123135 0.148608
0 0.370103 0.327022 0.127998 0.154160
0 0.333300 0.432433 0.160415 0.167662
0 0.292929 0.576243 0.175223 0.230974
0 0.241918 0.729052 0.161758 0.226451
0 0.584749 0.209558 0.097912 0.155372
0 0.635109 0.216906 0.098455 0.163826
0 0.682973 0.269108 0.103472 0.175379
0 0.714038 0.363899 0.139626 0.182301
0 0.730047 0.477046 0.140136 0.170428
0 0.740733 0.613230 0.178921 0.229169
0 0.745122 0.778585 0.147597 0.207472
