0 0.478484 0.846109 0.136515 0.242610
0 0.400582 0.801594 0.099418 0.153579
0 0.338260 0.717014 0.114257 0.193643
0 0.303389 0.606838 0.157289 0.222578
0 0.255164 0.483307 0.140966 0.184740
0 0.246261 0.330840 0.173611 0.240385
0 0.221777 0.158342 0.172127 0.211449
0 0.207680 0.032585 0.111289 0.062322
0 0.572709 0.847222 0.123160 0.200321
0 0.635773 0.823851 0.097934 0.149127
0 0.695127 0.733707 0.112773 0.204772
0 0.741127 0.632434 0.139482 0.206998
0 0.787126 0.531161 0.145418 0.182514
0 0.807158 0.377582 0.155805 0.262642
0 0.824222 0.207309 0.157289 0.220353
0 0.833868 0.067085 0.096451 0.122418
