0 0.481379 0.363002 0.156525 0.222463
0 0.397516 0.357103 0.118568 0.226183
0 0.321752 0.355609 0.120770 0.232740
0 0.265069 0.371746 0.083131 0.193546
0 0.230676 0.375969 0.073615 0.167234
0 0.184984 0.390757 0.103453 0.205470
0 0.142065 0.363635 0.091697 0.189359
0 0.108914 0.336934 0.052715 0.116476
0 0.591573 0.342994 0.154285 0.232664
0 0.675698 0.330505 0.106924 0.199610
0 0.738829 0.314116 0.104087 0.239072
0 0.764777 0.311470 0.064993 0.176652
0 0.800803 0.300028 0.066430 0.188352
0 0.827787 0.299954 0.059152 0.191649
0 0.849228 0.301640 0.045568 0.120836
0 0.553544 0.663482 0.101083 0.214608
0 0.609388 0.666882 0.103415 0.222228
0 0.681205 0.659684 0.114555 0.256073
0 0.708507 0.615302 0.084326 0.174835
0 0.739074 0.597513 0.121797 0.189912
0 0.792287 0.567765 0.086808 0.155234
0 0.825019 0.552949 0.096101 0.162661
0 0.822772 0.496539 0.100674 0.160080
0 0.504531 0.677598 0.103602 0.218060
0 0.447708 0.666219 0.108640 0.224965
0 0.380537 0.676087 0.121013 0.223341
0 0.317071 0.663365 0.104592 0.191990
0 0.269513 0.660026 0.107894 0.201825
0 0.203425 0.640608 0.132061 0.199554
0 0.168885 0.570348 0.124559 0.183965
