0 0.291024 0.333716 0.156066 0.275173
0 0.192568 0.348932 0.119266 0.206935
0 0.123197 0.321991 0.123105 0.283848
0 0.065172 0.342782 0.093939 0.241322
0 0.034123 0.365704 0.068247 0.161516
0 0.015871 0.357668 0.031741 0.170329
0 0.416855 0.322359 0.159868 0.280507
0 0.523988 0.320021 0.122185 0.253574
0 0.611804 0.308200 0.119008 0.279377
0 0.681642 0.321125 0.087196 0.232581
0 0.720806 0.327217 0.078307 0.217948
0 0.773112 0.272347 0.089759 0.180832
0 0.445907 0.707675 0.122137 0.194784
0 0.512143 0.685742 0.113471 0.196675
0 0.600598 0.697721 0.118324 0.172362
0 0.689503 0.706081 0.113557 0.164767
0 0.755301 0.636811 0.191439 0.218749
0 0.805301 0.517905 0.154301 0.231906
0 0.368403 0.718035 0.125824 0.195577
0 0.287371 0.728248 0.113241 0.192425
0 0.215856 0.748040 0.118133 0.209259
0 0.154879 0.753375 0.118304 0.250289
0 0.107761 0.706999 0.189601 0.239096
0 0.053906 0.584122 0.107812 0.232290
