0 0.472583 0.776882 0.096907 0.135019
0 0.418730 0.757970 0.090150 0.135222
0 0.373590 0.709567 0.093098 0.121684
0 0.341597 0.634319 0.096708 0.106979
0 0.319798 0.561471 0.103215 0.110556
0 0.288576 0.471375 0.124587 0.159772
0 0.254084 0.369081 0.127819 0.164103
0 0.536143 0.764138 0.096950 0.129933
0 0.576565 0.723601 0.090650 0.127662
0 0.600996 0.658156 0.094632 0.120654
0 0.607442 0.586189 0.102922 0.119421
0 0.613824 0.522264 0.085643 0.101408
0 0.612251 0.447551 0.107145 0.135367
0 0.602207 0.358787 0.123803 0.149463
