0 0.471869 0.412592 0.119760 0.292969
0 0.378231 0.408975 0.098058 0.249566
0 0.304688 0.410783 0.103684 0.219425
0 0.251640 0.424648 0.074749 0.184462
0 0.209844 0.409578 0.065104 0.159144
0 0.182115 0.439116 0.099666 0.179639
0 0.159610 0.440321 0.136638 0.160349
0 0.564702 0.415003 0.130208 0.268856
0 0.653115 0.404755 0.118956 0.255594
0 0.718220 0.405961 0.080376 0.200135
0 0.770865 0.416811 0.068319 0.192901
0 0.815474 0.427059 0.062693 0.174817
0 0.852447 0.423442 0.057870 0.155527
0 0.484327 0.743538 0.093236 0.214603
0 0.545010 0.747155 0.094039 0.202546
0 0.610114 0.736907 0.089217 0.223042
0 0.665172 0.714603 0.104488 0.178434
0 0.717014 0.704355 0.086002 0.167583
0 0.737108 0.685065 0.122975 0.174817
0 0.775688 0.635031 0.114937 0.171200
0 0.419223 0.738112 0.091628 0.194107
0 0.349296 0.726659 0.104488 0.219425
0 0.293033 0.742935 0.083591 0.194107
0 0.257668 0.701341 0.101273 0.176022
0 0.226723 0.671803 0.114937 0.184462
0 0.192966 0.659144 0.142265 0.188079
