0 0.412743 0.520051 0.157199 0.216193
0 0.343367 0.530769 0.105195 0.176043
0 0.299533 0.541909 0.103386 0.174510
0 0.263156 0.552262 0.084845 0.160104
0 0.251426 0.571751 0.064311 0.119997
0 0.228669 0.568162 0.071843 0.122016
0 0.505466 0.503076 0.150428 0.219622
0 0.565032 0.479850 0.104751 0.182216
0 0.614906 0.479200 0.106546 0.173259
0 0.647543 0.491040 0.069288 0.125525
0 0.673316 0.496848 0.055724 0.116648
0 0.696210 0.488897 0.063248 0.113421
0 0.715718 0.484881 0.038646 0.071175
0 0.473609 0.638751 0.102330 0.173178
0 0.422534 0.643961 0.095079 0.156555
0 0.370172 0.642856 0.101850 0.153126
0 0.325559 0.633014 0.079817 0.117861
0 0.292405 0.629789 0.061093 0.079287
0 0.261437 0.627190 0.062761 0.088123
0 0.524679 0.630516 0.095396 0.168175
0 0.569263 0.616148 0.088456 0.157926
0 0.619138 0.615498 0.100823 0.172775
0 0.646968 0.577770 0.060981 0.107570
0 0.675662 0.568870 0.054484 0.091149
0 0.694857 0.554646 0.065183 0.097161
0 0.716628 0.553050 0.035168 0.060806
