0 0.471467 0.355324 0.143068 0.226659
0 0.381446 0.347487 0.112526 0.186873
0 0.300669 0.336637 0.098862 0.201341
0 0.250032 0.340856 0.068319 0.156732
0 0.218284 0.338445 0.061085 0.144676
0 0.181692 0.312703 0.073511 0.148586
0 0.143894 0.269692 0.047965 0.128253
0 0.115741 0.207911 0.043794 0.093844
0 0.584356 0.380740 0.138680 0.214277
0 0.670201 0.382695 0.092280 0.210367
0 0.731461 0.385041 0.071947 0.196290
0 0.771344 0.405765 0.050571 0.147022
0 0.801583 0.397554 0.040144 0.127471
0 0.829997 0.389733 0.043794 0.111831
0 0.859975 0.311530 0.047443 0.127471
0 0.484860 0.484750 0.091758 0.142330
0 0.413434 0.478103 0.096972 0.147804
0 0.340445 0.466373 0.099057 0.155624
0 0.276318 0.446431 0.072990 0.148586
0 0.234448 0.423130 0.037077 0.093194
0 0.202005 0.407535 0.063382 0.098079
0 0.159417 0.372775 0.065386 0.100709
0 0.121588 0.301189 0.047850 0.081545
0 0.553705 0.480600 0.083298 0.132839
0 0.626482 0.496054 0.089436 0.141388
0 0.685887 0.514468 0.070584 0.128235
0 0.736523 0.506905 0.059624 0.109165
0 0.765020 0.488820 0.049979 0.116398
0 0.818287 0.482902 0.084613 0.109822
0 0.856511 0.384917 0.037703 0.078914
