0 0.459956 0.343091 0.150371 0.279494
0 0.352898 0.338188 0.116047 0.250074
0 0.266271 0.306316 0.125854 0.299108
0 0.201710 0.327155 0.101337 0.232912
0 0.128159 0.317348 0.104606 0.208395
0 0.080759 0.305090 0.071917 0.164264
0 0.576820 0.344317 0.125854 0.267235
0 0.670802 0.318574 0.094799 0.259880
0 0.759063 0.317348 0.088261 0.267235
0 0.799108 0.339414 0.080089 0.242718
0 0.842421 0.356575 0.062110 0.193684
0 0.884917 0.322252 0.065379 0.159361
0 0.524517 0.628714 0.080089 0.208395
0 0.595616 0.633618 0.091530 0.232912
0 0.668350 0.645876 0.099703 0.272139
0 0.733729 0.633618 0.093165 0.232912
0 0.759880 0.604197 0.106240 0.208395
0 0.797473 0.596842 0.125854 0.223105
0 0.822201 0.550209 0.111038 0.158016
0 0.450650 0.636335 0.083516 0.213535
0 0.381369 0.626370 0.091108 0.236312
0 0.297853 0.639894 0.113885 0.283290
0 0.234267 0.642029 0.098701 0.250548
0 0.209117 0.588646 0.084465 0.166558
0 0.165461 0.592916 0.109140 0.203570
0 0.146480 0.525297 0.109140 0.185064
