0 0.423944 0.391283 0.078037 0.145991
0 0.359498 0.372869 0.056117 0.140730
0 0.320479 0.373527 0.046472 0.123632
0 0.285845 0.382734 0.042088 0.097327
0 0.264801 0.376815 0.036827 0.101273
0 0.244195 0.374185 0.044718 0.103904
0 0.500228 0.404435 0.083298 0.140730
0 0.565113 0.402462 0.056994 0.147306
0 0.608077 0.416930 0.053486 0.126263
0 0.644465 0.428767 0.045595 0.102588
0 0.672085 0.436658 0.037703 0.105219
0 0.698390 0.438631 0.041211 0.103904
0 0.459456 0.532670 0.047348 0.123632
0 0.500228 0.537931 0.055240 0.131524
0 0.548453 0.562921 0.055240 0.184133
0 0.587034 0.532670 0.048225 0.123632
0 0.619038 0.540562 0.043841 0.126263
0 0.651042 0.543850 0.046472 0.103904
0 0.675154 0.531355 0.045595 0.099958
0 0.415614 0.520176 0.045595 0.124947
0 0.372212 0.508339 0.060501 0.122317
0 0.327932 0.503735 0.049102 0.149937
0 0.301189 0.480061 0.055240 0.110480
0 0.283214 0.468882 0.047348 0.088121
0 0.260417 0.466909 0.050856 0.073653
0 0.238058 0.451783 0.064008 0.090751
