0 0.468092 0.174767 0.078158 0.114413
0 0.417435 0.187537 0.091652 0.124196
0 0.363384 0.213988 0.112172 0.170123
0 0.315965 0.295236 0.116957 0.152641
0 0.282825 0.391945 0.129447 0.164275
0 0.239807 0.488390 0.154899 0.204001
0 0.199523 0.625633 0.151149 0.202249
0 0.163432 0.752659 0.139663 0.188765
0 0.523355 0.176132 0.084565 0.122818
0 0.572035 0.190559 0.083119 0.115377
0 0.613377 0.216247 0.102132 0.164080
0 0.641213 0.303848 0.105707 0.147386
0 0.644173 0.405920 0.127794 0.155771
0 0.649789 0.501888 0.151002 0.190969
0 0.658375 0.629877 0.149732 0.201974
0 0.650056 0.767266 0.141583 0.188115
