0 0.386671 0.443335 0.138246 0.224248
0 0.295846 0.402344 0.094843 0.233893
0 0.231546 0.422840 0.085198 0.212191
0 0.183320 0.422840 0.065908 0.173611
0 0.115001 0.420428 0.093236 0.173611
0 0.508841 0.436101 0.138246 0.248360
0 0.603684 0.390287 0.099666 0.248360
0 0.674415 0.387876 0.077160 0.229070
0 0.718621 0.422840 0.104488 0.188079
0 0.726659 0.466242 0.146283 0.241127
0 0.536973 0.826726 0.101273 0.219425
0 0.616544 0.825521 0.096451 0.231481
0 0.682452 0.802614 0.090021 0.214603
0 0.723444 0.809848 0.065908 0.224248
0 0.727463 0.668789 0.163966 0.173611
0 0.361754 0.842400 0.094843 0.173611
0 0.296650 0.831549 0.083591 0.229070
0 0.233153 0.818287 0.088413 0.217014
0 0.185732 0.797791 0.106096 0.233893
0 0.127058 0.674817 0.152713 0.224248
