0 0.475634 0.305176 0.194703 0.300487
0 0.362754 0.302132 0.173789 0.260281
0 0.281087 0.318759 0.154288 0.269415
0 0.210598 0.311752 0.137730 0.227962
0 0.168083 0.287942 0.112878 0.184441
0 0.128360 0.252938 0.101484 0.169936
0 0.601172 0.324587 0.194919 0.288877
0 0.700199 0.379661 0.183914 0.307128
0 0.766369 0.435790 0.160706 0.282680
0 0.820524 0.504775 0.157403 0.263194
0 0.871123 0.527959 0.096074 0.191915
0 0.913096 0.518609 0.109979 0.179053
0 0.477775 0.699377 0.162798 0.259873
0 0.560099 0.733113 0.149946 0.252003
0 0.647384 0.746949 0.163202 0.273971
0 0.725266 0.802035 0.160534 0.238313
0 0.787462 0.806974 0.171323 0.231672
0 0.833466 0.781455 0.183741 0.262762
0 0.895408 0.720279 0.146457 0.206810
0 0.410170 0.666668 0.150768 0.261539
0 0.322668 0.639568 0.166534 0.256139
0 0.251054 0.654738 0.150119 0.296369
0 0.178545 0.659872 0.167576 0.287058
0 0.124121 0.587422 0.235343 0.309287
0 0.107095 0.463907 0.185866 0.235632
