0 0.453503 0.411885 0.131139 0.201318
0 0.381553 0.427050 0.108856 0.167922
0 0.314565 0.437641 0.096235 0.164489
0 0.275955 0.445750 0.088655 0.138202
0 0.237140 0.451511 0.060612 0.119443
0 0.223520 0.474582 0.052379 0.075629
0 0.179767 0.449435 0.058428 0.114593
0 0.555578 0.414190 0.114793 0.175430
0 0.624442 0.404617 0.098214 0.166991
0 0.668411 0.350508 0.089719 0.160424
0 0.700355 0.409211 0.057718 0.136660
0 0.729261 0.402543 0.046488 0.108890
0 0.775031 0.384347 0.068445 0.078199
0 0.479361 0.533803 0.093462 0.132799
0 0.418884 0.531998 0.092576 0.132722
0 0.361123 0.545921 0.078284 0.130307
0 0.314495 0.544087 0.068258 0.136418
0 0.272454 0.543626 0.052659 0.098947
0 0.545295 0.531582 0.082204 0.124826
0 0.600670 0.526146 0.068052 0.134070
0 0.648354 0.519609 0.060472 0.107784
0 0.676985 0.504686 0.065700 0.137358
0 0.712271 0.504556 0.050241 0.111547
0 0.736146 0.496554 0.041364 0.080489
0 0.755329 0.486005 0.053331 0.066395
