0 0.476483 0.401913 0.136789 0.219327
0 0.415880 0.391919 0.092078 0.170468
0 0.367447 0.368873 0.106357 0.198020
0 0.332187 0.395659 0.073431 0.152237
0 0.303208 0.381252 0.074804 0.155268
0 0.276183 0.377453 0.066571 0.137081
0 0.255281 0.368610 0.058187 0.124549
0 0.549760 0.409259 0.123730 0.200461
0 0.606403 0.405408 0.080240 0.160289
0 0.648693 0.409137 0.108444 0.219600
0 0.684553 0.434108 0.060378 0.160336
0 0.705331 0.433337 0.058244 0.158617
0 0.726361 0.437769 0.070233 0.163140
0 0.748560 0.440889 0.046454 0.128577
0 0.504280 0.624320 0.087403 0.164134
0 0.547566 0.596447 0.098276 0.174177
0 0.595189 0.611260 0.106258 0.210778
0 0.636566 0.607479 0.077751 0.162778
0 0.658285 0.596506 0.071501 0.151965
0 0.684091 0.594966 0.079833 0.157394
0 0.703011 0.569593 0.063962 0.120691
0 0.718210 0.526962 0.057496 0.070341
0 0.467796 0.603322 0.092231 0.173801
0 0.421039 0.600441 0.104382 0.187335
0 0.373628 0.587627 0.099304 0.196082
0 0.334982 0.564971 0.077540 0.164640
0 0.307257 0.546311 0.069071 0.149258
0 0.281691 0.529800 0.068814 0.136213
0 0.268803 0.508678 0.068556 0.121934
0 0.254948 0.483944 0.046086 0.076201
