0 0.463542 0.380208 0.102214 0.218750
0 0.395314 0.385417 0.067708 0.166667
0 0.349609 0.393519 0.060547 0.131944
0 0.319661 0.410301 0.044922 0.133102
0 0.278959 0.408654 0.059871 0.141382
0 0.542387 0.382191 0.104167 0.198976
0 0.617465 0.391056 0.075909 0.200946
0 0.673426 0.406816 0.067043 0.200946
0 0.713597 0.450158 0.066489 0.171395
0 0.748227 0.484634 0.061503 0.151694
0 0.772606 0.509259 0.101396 0.155634
0 0.445700 0.519602 0.064827 0.176320
0 0.393617 0.522065 0.071476 0.179275
0 0.336824 0.518125 0.065381 0.171395
0 0.302748 0.524527 0.058178 0.166470
0 0.273105 0.520095 0.028812 0.120173
0 0.227671 0.495961 0.085328 0.154649
0 0.497230 0.514184 0.069260 0.167455
0 0.550698 0.520587 0.067598 0.168440
0 0.607491 0.538318 0.065935 0.160559
0 0.652094 0.534870 0.063165 0.179275
0 0.695867 0.555063 0.059840 0.156619
