0 0.370688 0.111077 0.206419 0.214380
0 0.274457 0.180454 0.147720 0.201036
0 0.216539 0.284977 0.189717 0.238107
0 0.183093 0.405471 0.199675 0.239330
0 0.160727 0.518911 0.199815 0.233209
0 0.143066 0.648220 0.222064 0.276449
0 0.134400 0.787178 0.223822 0.247205
0 0.517881 0.108009 0.198438 0.216019
0 0.644249 0.142640 0.154975 0.209291
0 0.726498 0.236277 0.199727 0.268796
0 0.770137 0.385892 0.206725 0.216873
0 0.822604 0.491409 0.195071 0.194574
0 0.849177 0.632998 0.238140 0.240370
0 0.890892 0.758444 0.218216 0.232559
