0 0.459959 0.400959 0.192502 0.245473
0 0.353267 0.400202 0.165188 0.232507
0 0.273220 0.404261 0.140326 0.233375
0 0.220348 0.404299 0.115688 0.202302
0 0.181272 0.363254 0.096713 0.199853
0 0.135229 0.266038 0.093118 0.180818
0 0.581363 0.382678 0.195419 0.248556
0 0.669436 0.332874 0.153374 0.244611
0 0.734720 0.309464 0.148128 0.250526
0 0.774920 0.249398 0.104272 0.194349
0 0.808959 0.167069 0.131922 0.177662
0 0.606101 0.545246 0.140887 0.208360
0 0.685702 0.537531 0.143475 0.207667
0 0.755230 0.522105 0.157089 0.258475
0 0.812590 0.497125 0.153085 0.243531
0 0.859492 0.474948 0.146503 0.236220
0 0.894434 0.370287 0.152019 0.194698
0 0.535186 0.567451 0.150848 0.211029
0 0.467065 0.592111 0.134891 0.192883
0 0.389178 0.616184 0.157684 0.257248
0 0.321304 0.599935 0.146288 0.225065
0 0.275992 0.610235 0.125058 0.228532
0 0.221872 0.515088 0.156222 0.187632
