0 0.466242 0.281780 0.081983 0.108507
0 0.418017 0.317949 0.059478 0.103684
0 0.384259 0.378231 0.072338 0.098862
0 0.369792 0.461420 0.075553 0.096451
0 0.356932 0.527730 0.085198 0.098862
0 0.349698 0.633825 0.112526 0.151910
0 0.336838 0.742332 0.109311 0.137442
0 0.535365 0.274547 0.072338 0.113329
0 0.585198 0.297454 0.069123 0.110918
0 0.622171 0.345679 0.065908 0.106096
0 0.639853 0.419223 0.081983 0.118152
0 0.662359 0.487944 0.078768 0.106096
0 0.680041 0.579572 0.098058 0.154321
0 0.707369 0.668789 0.098058 0.144676
0 0.722640 0.749566 0.096451 0.103684
