0 0.491901 0.234473 0.098729 0.121483
0 0.425953 0.266869 0.070190 0.119169
0 0.393558 0.336866 0.088702 0.150407
0 0.361163 0.403392 0.091787 0.135367
0 0.340723 0.470497 0.084845 0.133053
0 0.316812 0.536445 0.101814 0.153878
0 0.304856 0.619747 0.114927 0.135367
0 0.571347 0.240258 0.111070 0.156192
0 0.634981 0.291744 0.084074 0.143465
0 0.659663 0.363476 0.105671 0.141151
0 0.677018 0.447936 0.101814 0.118012
0 0.691673 0.500578 0.103357 0.121483
0 0.706714 0.574047 0.119554 0.168919
0 0.721369 0.645201 0.105671 0.119169
