0 0.514323 0.266349 0.057061 0.113601
0 0.469018 0.270375 0.061166 0.108340
0 0.428213 0.269210 0.070830 0.139511
0 0.401527 0.327320 0.077790 0.119068
0 0.358027 0.358781 0.077461 0.126716
0 0.314691 0.435382 0.115579 0.171425
0 0.284638 0.555334 0.102270 0.154300
0 0.270231 0.665657 0.095623 0.152857
0 0.560294 0.254029 0.054947 0.087206
0 0.597873 0.291702 0.058180 0.107088
0 0.642038 0.300950 0.074417 0.124367
0 0.673168 0.362637 0.079296 0.106005
0 0.680253 0.427786 0.078234 0.113615
0 0.713302 0.519104 0.108258 0.171041
0 0.726777 0.657147 0.109994 0.162371
