0 0.482375 0.558731 0.115788 0.193421
0 0.422322 0.574983 0.083178 0.188901
0 0.378675 0.598259 0.084444 0.190679
0 0.340625 0.621046 0.071102 0.177847
0 0.302638 0.625215 0.069892 0.189405
0 0.262807 0.640544 0.079743 0.136946
0 0.569222 0.539289 0.116725 0.216831
0 0.634295 0.535288 0.081086 0.190385
0 0.672502 0.533637 0.075251 0.199872
0 0.706564 0.561959 0.064973 0.183976
0 0.730834 0.575063 0.058313 0.196724
0 0.754744 0.551822 0.061468 0.182003
0 0.538588 0.739385 0.096070 0.191266
0 0.592478 0.730250 0.081653 0.181297
0 0.653684 0.741105 0.084679 0.186399
0 0.691427 0.731818 0.082300 0.163625
0 0.713981 0.739684 0.062886 0.152698
0 0.753217 0.727583 0.102362 0.153845
0 0.503335 0.767544 0.087555 0.191046
0 0.470614 0.758225 0.081100 0.195623
0 0.422748 0.794609 0.089894 0.165542
0 0.381283 0.794756 0.081712 0.169968
0 0.347392 0.798591 0.077502 0.161030
0 0.268589 0.769808 0.078020 0.147365
