0 0.421296 0.728588 0.097994 0.128472
0 0.365355 0.695602 0.077160 0.120370
0 0.332948 0.634259 0.092593 0.120370
0 0.318287 0.558449 0.091049 0.103009
0 0.311728 0.490741 0.097994 0.104167
0 0.295139 0.384259 0.135802 0.168981
0 0.271774 0.294162 0.119599 0.144676
0 0.255234 0.228937 0.086988 0.061692
0 0.482774 0.752987 0.093844 0.100100
0 0.539602 0.735783 0.068819 0.109484
0 0.582353 0.677912 0.076118 0.103228
0 0.601040 0.598145 0.082374 0.101664
0 0.620673 0.527762 0.079767 0.101664
0 0.643091 0.447604 0.123561 0.166573
0 0.677500 0.347919 0.104792 0.139984
0 0.703373 0.284598 0.077987 0.092179
