0 0.450521 0.344907 0.098307 0.226852
0 0.382487 0.357639 0.072917 0.217593
0 0.334635 0.361690 0.077474 0.285880
0 0.291992 0.420718 0.061198 0.190972
0 0.258638 0.405375 0.065210 0.250678
0 0.531335 0.333860 0.097392 0.268744
0 0.591887 0.348163 0.082148 0.276272
0 0.644182 0.365854 0.082571 0.271003
0 0.699229 0.357949 0.094428 0.342517
0 0.754700 0.384673 0.068174 0.293586
0 0.796197 0.399353 0.050390 0.270250
0 0.458176 0.570052 0.077862 0.268425
0 0.401357 0.570520 0.087332 0.258137
0 0.344539 0.593434 0.081019 0.216049
0 0.287195 0.611205 0.066288 0.212308
0 0.238005 0.606061 0.089962 0.207632
0 0.208281 0.563505 0.077862 0.180509
0 0.519992 0.564441 0.075231 0.264684
0 0.579966 0.581276 0.073127 0.268425
0 0.641958 0.642121 0.076109 0.315294
0 0.697747 0.643025 0.100572 0.318457
0 0.749672 0.621601 0.099432 0.256410
0 0.800481 0.588902 0.075029 0.179358
0 0.818510 0.507964 0.028773 0.084823
