0 0.638648 0.542800 0.093236 0.177228
0 0.580376 0.553651 0.073142 0.155527
0 0.527730 0.551842 0.085198 0.156732
0 0.488747 0.570228 0.055459 0.129003
0 0.465639 0.571735 0.040188 0.133825
0 0.438714 0.541594 0.037776 0.121769
0 0.425794 0.526329 0.019668 0.075458
0 0.720329 0.548828 0.094039 0.153718
0 0.775487 0.550184 0.080175 0.147389
0 0.826425 0.542046 0.066310 0.152814
0 0.863197 0.550184 0.044608 0.111220
0 0.880679 0.531648 0.042197 0.130208
0 0.900873 0.505877 0.039183 0.111220
0 0.912025 0.485080 0.031346 0.100369
0 0.657335 0.712945 0.063296 0.136538
0 0.609713 0.708876 0.058473 0.164569
0 0.568721 0.713849 0.062090 0.156431
0 0.528935 0.687627 0.045211 0.120262
0 0.500603 0.693956 0.050034 0.105794
0 0.484930 0.665021 0.100670 0.111220
0 0.693504 0.715658 0.062090 0.143772
0 0.737208 0.698929 0.071132 0.171803
0 0.786941 0.702546 0.072941 0.168186
0 0.817081 0.679489 0.075352 0.145580
0 0.854757 0.683558 0.066310 0.126591
