0 0.423911 0.439450 0.089306 0.168253
0 0.361040 0.429805 0.065015 0.146819
0 0.313886 0.438915 0.057870 0.175754
0 0.281736 0.452846 0.049297 0.143604
0 0.256016 0.450703 0.035008 0.126457
0 0.235297 0.450703 0.035008 0.130744
0 0.218150 0.443201 0.026435 0.100737
0 0.496785 0.446952 0.089306 0.155393
0 0.558942 0.436771 0.066444 0.152178
0 0.607167 0.447488 0.062872 0.169324
0 0.642175 0.455526 0.042867 0.157536
0 0.664323 0.454990 0.032865 0.147891
0 0.685400 0.455526 0.035008 0.131816
0 0.704690 0.444809 0.033579 0.118956
0 0.517147 0.593236 0.058585 0.145748
0 0.568587 0.594843 0.072874 0.163966
0 0.614312 0.594307 0.058585 0.141461
0 0.645033 0.591628 0.050011 0.144676
0 0.680041 0.572338 0.064300 0.116812
0 0.711120 0.531614 0.052155 0.091092
0 0.463563 0.580376 0.055727 0.128601
0 0.413194 0.583591 0.063586 0.137174
0 0.352109 0.580911 0.078589 0.185400
0 0.313529 0.580376 0.061443 0.130744
0 0.290666 0.568587 0.050011 0.102881
0 0.265303 0.565908 0.053584 0.108239
0 0.248514 0.555727 0.061443 0.102881
0 0.224580 0.531079 0.040724 0.066444
