0 0.486982 0.393173 0.103743 0.182311
0 0.420616 0.397286 0.067817 0.141602
0 0.376798 0.398785 0.065176 0.159798
0 0.349519 0.415791 0.050879 0.120223
0 0.328149 0.430395 0.059773 0.139024
0 0.299055 0.433750 0.050044 0.118022
0 0.570325 0.410012 0.102512 0.172540
0 0.638231 0.417908 0.066359 0.127505
0 0.672680 0.436522 0.065994 0.147978
0 0.705068 0.439304 0.058331 0.138948
0 0.725677 0.459904 0.043458 0.129541
0 0.751138 0.456901 0.041336 0.116487
0 0.538951 0.615496 0.068708 0.144884
0 0.588967 0.626792 0.069502 0.160025
0 0.637799 0.653751 0.081475 0.155260
0 0.663823 0.619329 0.065736 0.115609
0 0.708220 0.620571 0.075222 0.118263
0 0.732968 0.610481 0.075546 0.110731
0 0.737539 0.564632 0.080464 0.094811
0 0.492116 0.612499 0.065654 0.141489
0 0.448165 0.609653 0.067606 0.151298
0 0.395873 0.600406 0.082139 0.154216
0 0.362696 0.585112 0.061637 0.119708
0 0.305993 0.577260 0.090646 0.124464
0 0.296781 0.532315 0.088184 0.104922
