0 0.373960 0.365517 0.219453 0.371206
0 0.257954 0.338875 0.158178 0.347688
0 0.171467 0.347397 0.163960 0.353470
0 0.110517 0.373834 0.132705 0.298633
0 0.074663 0.295696 0.084374 0.147805
0 0.570264 0.392641 0.239301 0.433976
0 0.685155 0.382204 0.178189 0.370873
0 0.772352 0.417498 0.172703 0.380323
0 0.866754 0.401523 0.096553 0.129414
0 0.942319 0.407952 0.115363 0.175195
0 0.462378 0.773576 0.155862 0.325145
0 0.553637 0.775768 0.166289 0.326610
0 0.648646 0.772284 0.178734 0.350506
0 0.721861 0.734723 0.166102 0.301030
0 0.782995 0.732682 0.158229 0.269259
0 0.852973 0.726566 0.147802 0.267793
0 0.371155 0.750122 0.160496 0.325796
0 0.281118 0.739240 0.164461 0.329761
0 0.192518 0.705521 0.155680 0.331934
0 0.131725 0.675711 0.159451 0.277949
0 0.089652 0.655620 0.119068 0.200722
0 0.082434 0.616654 0.164868 0.246174
0 0.068146 0.497917 0.136291 0.248493
