0 0.424626 0.159208 0.065729 0.111454
0 0.363183 0.172068 0.075732 0.126457
0 0.311028 0.227259 0.085734 0.138246
0 0.268519 0.327461 0.093593 0.145748
0 0.244584 0.428198 0.100023 0.147891
0 0.213863 0.562157 0.137174 0.212191
0 0.188500 0.728266 0.123600 0.205761
0 0.482139 0.167781 0.063586 0.117884
0 0.536794 0.195109 0.072874 0.125386
0 0.591807 0.228867 0.082876 0.152178
0 0.634674 0.334962 0.094307 0.154321
0 0.663609 0.445345 0.100737 0.150034
0 0.678612 0.580376 0.132173 0.210048
0 0.682542 0.760417 0.118599 0.192901
