0 0.502231 0.391209 0.112329 0.175851
0 0.450957 0.372819 0.092230 0.180194
0 0.401348 0.372060 0.085898 0.157803
0 0.368846 0.367492 0.062461 0.149731
0 0.345194 0.376595 0.049365 0.090554
0 0.572624 0.397374 0.096421 0.176005
0 0.625571 0.386175 0.090263 0.177528
0 0.667696 0.387125 0.084703 0.171969
0 0.707980 0.395272 0.067592 0.140896
0 0.731329 0.406009 0.051851 0.119571
0 0.751002 0.407532 0.052703 0.102968
0 0.531946 0.536265 0.073780 0.135467
0 0.575965 0.534996 0.075974 0.144897
0 0.619028 0.530881 0.071216 0.148138
0 0.652713 0.522737 0.063938 0.145812
0 0.676347 0.505724 0.052502 0.107718
0 0.692910 0.497207 0.049608 0.099492
0 0.487158 0.533360 0.073967 0.136796
0 0.449416 0.525344 0.088618 0.154493
0 0.404559 0.519718 0.077656 0.156861
0 0.365000 0.492468 0.065707 0.121301
0 0.344614 0.476725 0.060853 0.111498
0 0.327659 0.452652 0.054648 0.110626
