0 0.476017 0.713007 0.085951 0.140500
0 0.417135 0.675578 0.081481 0.124962
0 0.376097 0.615052 0.093916 0.133444
0 0.359744 0.519097 0.110286 0.149814
0 0.340800 0.435773 0.101786 0.149220
0 0.332900 0.328878 0.126834 0.168734
0 0.314485 0.213560 0.123886 0.150765
0 0.549652 0.710469 0.096508 0.146313
0 0.609503 0.685186 0.082016 0.132612
0 0.648858 0.635407 0.102594 0.136589
0 0.679482 0.551705 0.107159 0.129295
0 0.706753 0.479300 0.104473 0.139258
0 0.729234 0.389904 0.117978 0.163040
0 0.757705 0.288115 0.122899 0.160846
