0 0.476497 0.863982 0.162248 0.227991
0 0.387527 0.813635 0.148704 0.235776
0 0.341663 0.688569 0.170645 0.229472
0 0.269144 0.580111 0.188596 0.208223
0 0.230071 0.469003 0.187981 0.181666
0 0.193471 0.322818 0.204561 0.268005
0 0.160696 0.149219 0.199763 0.217720
0 0.584469 0.866595 0.179539 0.210695
0 0.651224 0.790954 0.130761 0.187853
0 0.684270 0.671460 0.153028 0.214159
0 0.694327 0.548441 0.152703 0.181549
0 0.715355 0.418076 0.182050 0.217241
0 0.733235 0.269862 0.209293 0.287150
0 0.731381 0.118282 0.205465 0.236564
0 0.742177 0.027748 0.123152 0.055496
