0 0.381060 0.714018 0.181364 0.210748
0 0.328673 0.594871 0.133349 0.209748
0 0.235365 0.572870 0.152101 0.196912
0 0.215309 0.411338 0.186644 0.207580
0 0.207814 0.274496 0.163567 0.226009
0 0.202542 0.111781 0.185448 0.223563
0 0.169855 0.044880 0.150817 0.089760
0 0.514042 0.719150 0.157089 0.200798
0 0.587182 0.626639 0.119673 0.205255
0 0.690568 0.635059 0.147865 0.181289
0 0.725342 0.472600 0.173835 0.226727
0 0.767559 0.317209 0.171886 0.210085
0 0.789721 0.170536 0.190748 0.255026
0 0.823795 0.074847 0.150396 0.116329
