0 0.389747 0.327914 0.188188 0.276615
0 0.295940 0.340323 0.195013 0.291144
0 0.213430 0.336945 0.168612 0.278811
0 0.168178 0.364510 0.133583 0.275602
0 0.136717 0.391336 0.123262 0.218388
0 0.045407 0.254192 0.090815 0.143630
0 0.502301 0.274322 0.195842 0.320109
0 0.593874 0.252639 0.159463 0.305837
0 0.654196 0.218908 0.161124 0.334964
0 0.695392 0.204428 0.120866 0.300734
0 0.738214 0.227171 0.099248 0.267728
0 0.774265 0.219516 0.121249 0.278005
0 0.795906 0.157707 0.095651 0.171015
0 0.473177 0.606179 0.131197 0.213930
0 0.397040 0.607387 0.140999 0.260241
0 0.332804 0.627640 0.146056 0.278027
0 0.101081 0.444863 0.181953 0.261001
0 0.527626 0.575532 0.148900 0.247375
0 0.602897 0.565431 0.163899 0.287496
0 0.677302 0.561971 0.161785 0.293086
0 0.754166 0.548972 0.136324 0.219727
0 0.799082 0.509256 0.089315 0.157550
0 0.795500 0.431033 0.098830 0.165951
