0 0.396589 0.329059 0.106161 0.155009
0 0.333711 0.354908 0.119860 0.164229
0 0.278565 0.405057 0.126686 0.178888
0 0.241537 0.518372 0.149920 0.204356
0 0.233753 0.637808 0.159614 0.174136
0 0.221489 0.812179 0.203549 0.286325
0 0.197222 0.938741 0.174956 0.122518
0 0.454922 0.315423 0.110414 0.155531
0 0.528554 0.317388 0.116927 0.167638
0 0.602353 0.352352 0.145219 0.213830
0 0.668796 0.432892 0.141258 0.202036
0 0.722916 0.546670 0.153255 0.211047
0 0.778566 0.701048 0.198937 0.303348
0 0.844340 0.857005 0.186037 0.225576
