0 0.402562 0.326699 0.173041 0.275824
0 0.305991 0.311400 0.136661 0.254906
0 0.237684 0.280503 0.124969 0.236582
0 0.194589 0.282839 0.084870 0.172538
0 0.162537 0.275101 0.070839 0.155189
0 0.516667 0.324094 0.171087 0.272713
0 0.602135 0.340072 0.116802 0.230166
0 0.676919 0.307578 0.109334 0.232539
0 0.722391 0.328188 0.065392 0.168320
0 0.744353 0.333070 0.032335 0.124823
0 0.766156 0.328289 0.062252 0.165904
0 0.794729 0.318034 0.039172 0.126893
0 0.134857 0.261506 0.066302 0.151272
0 0.102680 0.208012 0.065797 0.125208
0 0.410497 0.549055 0.113576 0.225617
0 0.339588 0.542036 0.121970 0.208692
0 0.265793 0.545982 0.110507 0.228686
0 0.201139 0.534419 0.096886 0.195881
0 0.166575 0.500446 0.087804 0.184751
0 0.130703 0.470669 0.090125 0.147686
0 0.094136 0.411779 0.100564 0.139456
0 0.480429 0.559873 0.102150 0.192194
0 0.539442 0.559140 0.126390 0.218484
0 0.602534 0.588310 0.105724 0.231575
0 0.645227 0.572426 0.092226 0.178432
0 0.667989 0.561093 0.079062 0.175070
0 0.702368 0.558349 0.110444 0.176107
0 0.723963 0.497651 0.107502 0.137358
