0 0.344830 0.158872 0.079974 0.112508
0 0.293172 0.177807 0.083073 0.117319
0 0.254051 0.236123 0.106016 0.147111
0 0.233435 0.340508 0.115712 0.169935
0 0.216537 0.433874 0.120912 0.158583
0 0.185510 0.542744 0.161324 0.208698
0 0.176906 0.651962 0.086256 0.089966
0 0.394991 0.145369 0.074343 0.118578
0 0.446739 0.142892 0.090521 0.123055
0 0.505745 0.163874 0.111720 0.157667
0 0.570660 0.250078 0.114945 0.150048
0 0.618673 0.338738 0.135314 0.170987
0 0.693589 0.425657 0.165285 0.224074
0 0.755946 0.540815 0.145493 0.170037
