0 0.363265 0.866405 0.150119 0.197024
0 0.287769 0.820484 0.149439 0.178342
0 0.255079 0.727462 0.144806 0.202335
0 0.253876 0.592607 0.167122 0.185693
0 0.256405 0.487105 0.178724 0.198179
0 0.278790 0.320111 0.215627 0.269902
0 0.306460 0.149488 0.202342 0.240682
0 0.334159 0.053987 0.191480 0.107973
0 0.457049 0.901394 0.166295 0.178964
0 0.550261 0.881085 0.139106 0.165059
0 0.629245 0.845368 0.161396 0.201807
0 0.692336 0.731418 0.168125 0.183746
0 0.755146 0.636196 0.148850 0.197821
0 0.816068 0.505378 0.199716 0.260780
0 0.887058 0.350212 0.203228 0.253963
0 0.924741 0.189818 0.150517 0.199860
