0 0.323156 0.388797 0.263285 0.357073
0 0.232387 0.329938 0.127284 0.170737
0 0.176437 0.364287 0.153488 0.222657
0 0.077654 0.420332 0.143235 0.251531
0 0.498337 0.408803 0.276897 0.356916
0 0.640642 0.422331 0.219376 0.335268
0 0.740160 0.428995 0.182424 0.328752
0 0.808609 0.400932 0.079441 0.150795
0 0.434776 0.715256 0.182424 0.328752
0 0.539063 0.694872 0.175881 0.310980
0 0.626923 0.687917 0.169998 0.359799
0 0.699290 0.653063 0.158627 0.275978
0 0.334555 0.689422 0.206339 0.304845
0 0.232463 0.687065 0.209465 0.332242
0 0.154176 0.683464 0.190546 0.350639
0 0.079971 0.661781 0.159942 0.341248
