0 0.370170 0.482570 0.214364 0.278861
0 0.215209 0.491171 0.191174 0.256759
0 0.131701 0.497552 0.133470 0.202593
0 0.063946 0.454376 0.125866 0.188457
0 0.512776 0.452213 0.211393 0.250581
0 0.695250 0.354733 0.218956 0.321824
0 0.802016 0.325803 0.178023 0.266740
0 0.866758 0.332187 0.096969 0.159833
0 0.892806 0.230390 0.155068 0.230417
0 0.416698 0.703162 0.137201 0.182104
0 0.332457 0.723589 0.146350 0.191525
0 0.273459 0.732522 0.147417 0.220350
0 0.232325 0.721985 0.153771 0.207655
0 0.201955 0.671220 0.154066 0.176109
0 0.157512 0.664395 0.213397 0.236801
0 0.119228 0.589612 0.137867 0.138411
0 0.503976 0.682557 0.132839 0.197336
0 0.592085 0.637485 0.138639 0.198782
0 0.682769 0.602745 0.164093 0.224508
0 0.733369 0.546232 0.169186 0.201298
0 0.800720 0.512112 0.122246 0.179395
0 0.869207 0.399155 0.222817 0.247309
