0 0.419066 0.125456 0.105072 0.185663
0 0.361060 0.143375 0.110738 0.151566
0 0.305985 0.181676 0.129153 0.180099
0 0.272969 0.287411 0.139120 0.186929
0 0.262983 0.417326 0.152658 0.183726
0 0.245098 0.565806 0.170986 0.248099
0 0.200628 0.742498 0.166600 0.221040
0 0.485233 0.121457 0.102288 0.151834
0 0.540217 0.153510 0.114056 0.183138
0 0.615465 0.183433 0.113853 0.173865
0 0.656430 0.292033 0.132639 0.183935
0 0.684820 0.419688 0.136701 0.178580
0 0.734679 0.582920 0.180417 0.279157
0 0.796536 0.747845 0.141986 0.228861
