0 0.381936 0.437779 0.119727 0.209462
0 0.316858 0.458924 0.081387 0.154605
0 0.269510 0.465443 0.094416 0.169791
0 0.240093 0.482280 0.062610 0.127211
0 0.208406 0.473166 0.065008 0.136785
0 0.179117 0.473352 0.055290 0.114866
0 0.473301 0.427408 0.126182 0.203004
0 0.556743 0.426051 0.110628 0.194620
0 0.620129 0.435363 0.090962 0.165978
0 0.657017 0.454124 0.052392 0.126317
0 0.679824 0.443214 0.053321 0.136933
0 0.707347 0.431892 0.058680 0.126867
0 0.493406 0.593832 0.076774 0.155372
0 0.544188 0.585824 0.079918 0.155647
0 0.596768 0.584789 0.072431 0.150310
0 0.635605 0.576043 0.069311 0.132479
0 0.663005 0.558788 0.066437 0.126375
0 0.705999 0.556810 0.072376 0.114019
0 0.438396 0.589731 0.072495 0.142122
0 0.387955 0.597115 0.073590 0.145730
0 0.336677 0.603979 0.072058 0.154960
0 0.291854 0.603146 0.070780 0.131437
0 0.260064 0.592853 0.073099 0.122276
0 0.212231 0.589312 0.081888 0.133580
