0 0.478916 0.310870 0.103064 0.216161
0 0.411566 0.317936 0.072172 0.161061
0 0.359616 0.266089 0.080746 0.204812
0 0.321619 0.264173 0.055502 0.176920
0 0.307164 0.296042 0.031131 0.106781
0 0.294965 0.252058 0.020119 0.082909
0 0.277472 0.247327 0.035054 0.084605
0 0.557966 0.328346 0.105465 0.172793
0 0.632103 0.329169 0.077742 0.163604
0 0.683176 0.316237 0.073692 0.204566
0 0.726118 0.277710 0.058104 0.161744
0 0.721799 0.356434 0.047809 0.046296
0 0.480092 0.558132 0.054106 0.136943
0 0.437100 0.541915 0.065659 0.131474
0 0.387882 0.546671 0.065409 0.146732
0 0.355122 0.529634 0.073826 0.141154
0 0.317041 0.536839 0.087158 0.155243
0 0.299357 0.476889 0.101496 0.121921
0 0.518590 0.560300 0.065997 0.134422
0 0.561460 0.576630 0.068483 0.145078
0 0.608768 0.597354 0.064397 0.149163
0 0.649258 0.590821 0.081070 0.142347
0 0.673090 0.555630 0.066222 0.120690
0 0.684593 0.509413 0.078470 0.148598
0 0.710707 0.469533 0.065815 0.109049
