0 0.401589 0.471606 0.160966 0.187689
0 0.299870 0.466941 0.131576 0.175262
0 0.224675 0.493464 0.103406 0.165217
0 0.171056 0.508018 0.096676 0.169176
0 0.158228 0.603018 0.086848 0.091495
0 0.521440 0.460436 0.152353 0.196870
0 0.626555 0.484623 0.117664 0.183461
0 0.705772 0.489933 0.096668 0.192797
0 0.779005 0.548201 0.102767 0.177370
0 0.439301 0.602753 0.120291 0.170923
0 0.362005 0.603284 0.106352 0.169704
0 0.282422 0.629949 0.108727 0.209014
0 0.218154 0.632835 0.094075 0.181398
0 0.514928 0.608965 0.100692 0.177987
0 0.586568 0.614422 0.097080 0.179267
0 0.662788 0.623116 0.107953 0.200168
0 0.722009 0.640857 0.067267 0.130374
