0 0.500341 0.122591 0.076424 0.110278
0 0.430399 0.137045 0.081201 0.098501
0 0.352610 0.169700 0.105766 0.131692
0 0.296998 0.273555 0.116001 0.180942
0 0.262197 0.408994 0.129649 0.205567
0 0.209997 0.558887 0.134425 0.246253
0 0.147219 0.708779 0.133060 0.222698
0 0.565165 0.131692 0.076424 0.139186
0 0.630331 0.171842 0.078472 0.142398
0 0.702661 0.238223 0.090754 0.138116
0 0.767827 0.335653 0.133743 0.210921
0 0.784545 0.506424 0.131696 0.205567
0 0.837769 0.671306 0.164449 0.293362
0 0.888263 0.826017 0.141249 0.120985
