0 0.399626 0.381293 0.100842 0.162871
0 0.330521 0.377204 0.074199 0.163582
0 0.276647 0.369319 0.068647 0.159957
0 0.245350 0.373984 0.048073 0.149014
0 0.223999 0.386712 0.034351 0.126430
0 0.200442 0.385358 0.051624 0.127908
0 0.182860 0.366837 0.034001 0.106432
0 0.487212 0.388001 0.104681 0.158234
0 0.557059 0.389723 0.065285 0.146962
0 0.609613 0.389394 0.066956 0.152871
0 0.646844 0.387568 0.055028 0.143255
0 0.675045 0.385311 0.037097 0.104135
0 0.701791 0.389551 0.061322 0.144541
0 0.723906 0.375632 0.035053 0.121739
0 0.466221 0.646066 0.070877 0.152940
0 0.519590 0.647488 0.074014 0.152994
0 0.568150 0.643110 0.077069 0.148344
0 0.612047 0.641167 0.059774 0.145690
0 0.640425 0.626551 0.053792 0.117362
0 0.676748 0.617680 0.067411 0.134063
0 0.672872 0.575386 0.106582 0.132395
0 0.416051 0.648118 0.078883 0.162487
0 0.360557 0.637320 0.070134 0.155279
0 0.310666 0.632895 0.072261 0.142380
0 0.274273 0.615292 0.070713 0.143529
0 0.249715 0.601600 0.054494 0.112670
0 0.222546 0.595602 0.072922 0.135336
0 0.202594 0.553589 0.065576 0.118743
