0 0.438371 0.441826 0.093515 0.166566
0 0.377377 0.441402 0.064279 0.130390
0 0.327520 0.447618 0.076902 0.167120
0 0.287941 0.452489 0.056468 0.144860
0 0.267545 0.461439 0.049623 0.100393
0 0.240731 0.447998 0.051137 0.100446
0 0.211268 0.434464 0.046076 0.107074
0 0.514863 0.454160 0.095587 0.160968
0 0.574604 0.468751 0.065995 0.114573
0 0.618865 0.470865 0.080171 0.152491
0 0.654844 0.493153 0.055952 0.130099
0 0.668908 0.502738 0.029986 0.079295
0 0.693805 0.484282 0.031738 0.086160
0 0.712128 0.469575 0.026003 0.073486
0 0.481947 0.637172 0.063082 0.139420
0 0.533140 0.636118 0.062365 0.140529
0 0.575929 0.647843 0.051926 0.144701
0 0.612399 0.634339 0.056987 0.138073
0 0.647053 0.596898 0.063605 0.111088
0 0.675890 0.563232 0.051973 0.102744
0 0.429201 0.639309 0.068738 0.149824
0 0.382889 0.641671 0.061208 0.150695
0 0.337789 0.631001 0.059853 0.155184
0 0.307310 0.614022 0.060732 0.137070
0 0.285256 0.594494 0.048985 0.103773
0 0.250992 0.577383 0.067310 0.108949
0 0.220748 0.542791 0.069859 0.116976
