0 0.411817 0.422495 0.137787 0.208747
0 0.327767 0.420428 0.115741 0.196346
0 0.259562 0.422495 0.092317 0.204613
0 0.210304 0.403377 0.054426 0.170511
0 0.186191 0.420428 0.065449 0.163277
0 0.160012 0.409578 0.062693 0.191179
0 0.519676 0.409722 0.111883 0.217593
0 0.593750 0.414352 0.087191 0.173611
0 0.662423 0.419560 0.073302 0.202546
0 0.699460 0.412616 0.043981 0.195602
0 0.722375 0.395411 0.028533 0.148293
0 0.744478 0.402645 0.034160 0.165172
0 0.459123 0.637787 0.088183 0.232859
0 0.400334 0.640542 0.082672 0.232859
0 0.323633 0.629519 0.122171 0.268684
0 0.255658 0.591628 0.079916 0.192901
0 0.216160 0.575783 0.059708 0.130897
0 0.168853 0.555804 0.082672 0.129519
0 0.512401 0.632964 0.073486 0.214947
0 0.588183 0.643298 0.101962 0.271440
0 0.644217 0.615741 0.081753 0.219081
0 0.679123 0.566138 0.068893 0.133653
0 0.706680 0.556493 0.057870 0.106096
