0 0.393222 0.205141 0.090598 0.133149
0 0.357658 0.234996 0.098501 0.134974
0 0.309540 0.257343 0.100385 0.130171
0 0.289089 0.338236 0.107782 0.134124
0 0.291125 0.435997 0.112686 0.133759
0 0.284923 0.537742 0.147203 0.190363
0 0.439955 0.206839 0.083424 0.134486
0 0.489831 0.226958 0.100205 0.148835
0 0.539341 0.234674 0.112485 0.150174
0 0.585545 0.321823 0.119638 0.146588
0 0.624585 0.415204 0.159968 0.167870
0 0.666496 0.536642 0.166194 0.216445
0 0.699599 0.635556 0.103805 0.082326
0 0.292916 0.632463 0.112986 0.089684
