0 0.481276 0.402854 0.163064 0.224001
0 0.372009 0.387016 0.173760 0.272153
0 0.288650 0.380535 0.157628 0.226951
0 0.224863 0.353013 0.097083 0.197154
0 0.176777 0.318820 0.114085 0.188440
0 0.138696 0.301696 0.067999 0.133408
0 0.856105 0.436285 0.164251 0.199192
0 0.924661 0.448530 0.087397 0.178244
0 0.454092 0.561228 0.141810 0.258932
0 0.373798 0.557503 0.148403 0.248194
0 0.291753 0.531292 0.125824 0.200737
0 0.250345 0.488676 0.100092 0.157675
0 0.190652 0.480853 0.132735 0.195069
0 0.135278 0.432281 0.100469 0.152740
0 0.517747 0.570900 0.143978 0.256349
0 0.584134 0.579484 0.132007 0.260031
0 0.646445 0.590515 0.145480 0.284685
0 0.722187 0.617661 0.166385 0.285744
0 0.778555 0.625917 0.124494 0.190463
0 0.796653 0.588386 0.142480 0.179937
0 0.828718 0.569773 0.173534 0.191982
0 0.898111 0.570299 0.075169 0.142815
