0 0.452716 0.360087 0.169260 0.287913
0 0.368427 0.377346 0.115910 0.288468
0 0.307082 0.366468 0.128045 0.286662
0 0.270129 0.384527 0.109984 0.199516
0 0.213046 0.384227 0.112934 0.208043
0 0.545785 0.349780 0.164809 0.317231
0 0.621670 0.359129 0.114126 0.278010
0 0.688153 0.368942 0.122322 0.297359
0 0.742244 0.397383 0.085642 0.195931
0 0.788634 0.382532 0.096710 0.255638
0 0.829693 0.323615 0.087285 0.172480
0 0.588153 0.652985 0.110305 0.241660
0 0.513505 0.658731 0.136940 0.267056
0 0.430895 0.665314 0.133877 0.277004
0 0.353182 0.691857 0.108562 0.205529
0 0.319956 0.645473 0.121614 0.166845
0 0.228295 0.622556 0.134401 0.190785
0 0.193681 0.479715 0.130867 0.183224
0 0.643138 0.676607 0.120142 0.257073
0 0.687774 0.695016 0.133777 0.217423
0 0.814322 0.513711 0.086340 0.156975
