0 0.422675 0.452115 0.138413 0.231722
0 0.351944 0.434899 0.078889 0.168176
0 0.314029 0.427121 0.071886 0.141867
0 0.282483 0.435845 0.061967 0.123100
0 0.255944 0.441612 0.052774 0.114712
0 0.514382 0.453628 0.108427 0.221363
0 0.570266 0.432512 0.089311 0.213829
0 0.615379 0.451259 0.059497 0.171467
0 0.640232 0.448738 0.040156 0.190253
0 0.659625 0.442689 0.047820 0.122627
0 0.507815 0.629228 0.068941 0.163054
0 0.562511 0.644399 0.080958 0.166107
0 0.592746 0.650666 0.041409 0.106909
0 0.623783 0.652406 0.067816 0.136419
0 0.645097 0.605661 0.091305 0.134742
0 0.643223 0.530926 0.064675 0.059849
0 0.468292 0.628640 0.077526 0.159228
0 0.417787 0.625467 0.071093 0.141074
0 0.355810 0.628684 0.076437 0.143661
0 0.312734 0.641194 0.066375 0.126359
0 0.282167 0.635509 0.060253 0.112653
0 0.259829 0.561088 0.087873 0.127862
