0 0.422840 0.773148 0.138117 0.164352
0 0.342207 0.721065 0.115741 0.162037
0 0.295910 0.635417 0.120370 0.162037
0 0.278164 0.498264 0.134259 0.184028
0 0.258102 0.374421 0.143519 0.167824
0 0.243827 0.262153 0.159722 0.188657
0 0.199074 0.112847 0.156636 0.190972
0 0.525849 0.763310 0.134259 0.165509
0 0.614198 0.718750 0.096451 0.134259
0 0.675154 0.632523 0.110340 0.158565
0 0.698302 0.518519 0.138117 0.166667
0 0.736111 0.409722 0.116512 0.125000
0 0.764275 0.289931 0.171296 0.214120
0 0.808642 0.186921 0.145833 0.144676
