0 0.493387 0.397188 0.205654 0.403400
0 0.346421 0.398848 0.157311 0.337644
0 0.230949 0.387732 0.162620 0.326500
0 0.155435 0.440311 0.120890 0.248554
0 0.104719 0.407617 0.061520 0.200408
0 0.067231 0.380249 0.067187 0.161434
0 0.651835 0.376843 0.200486 0.376248
0 0.763174 0.316415 0.130165 0.330626
0 0.845993 0.306811 0.119266 0.301812
0 0.902638 0.305981 0.076104 0.271335
0 0.925773 0.250323 0.037739 0.160019
0 0.541354 0.601045 0.127939 0.321144
0 0.429931 0.607847 0.145337 0.328471
0 0.337013 0.619512 0.132967 0.322745
0 0.243353 0.606488 0.131802 0.285495
0 0.175706 0.578812 0.074671 0.191110
0 0.112133 0.520720 0.095663 0.183660
0 0.049846 0.448960 0.062147 0.151706
0 0.630082 0.577958 0.129935 0.312032
0 0.724638 0.552594 0.128131 0.315357
0 0.804258 0.522642 0.121965 0.292761
0 0.864690 0.500262 0.101855 0.222510
0 0.908734 0.476959 0.059639 0.154969
