0 0.423747 0.843236 0.098977 0.130814
0 0.378036 0.809993 0.087216 0.135296
0 0.343795 0.754040 0.104762 0.148944
0 0.336297 0.670895 0.122242 0.155378
0 0.321684 0.595449 0.109765 0.142901
0 0.326989 0.499243 0.142714 0.181697
0 0.325276 0.398748 0.133030 0.167466
0 0.491752 0.841585 0.100732 0.138416
0 0.545493 0.824630 0.098392 0.128279
0 0.595275 0.774728 0.100082 0.128669
0 0.630340 0.696070 0.106774 0.123017
0 0.667581 0.627258 0.108983 0.118729
0 0.697318 0.544700 0.132314 0.150506
0 0.730891 0.441674 0.138099 0.168636
0 0.328561 0.315498 0.095564 0.105143
