0 0.547369 0.867615 0.141306 0.185127
0 0.447502 0.819020 0.121355 0.173657
0 0.370393 0.733697 0.155105 0.197513
0 0.324549 0.611549 0.153393 0.161403
0 0.292447 0.508719 0.156775 0.153948
0 0.262482 0.385701 0.176717 0.224779
0 0.220684 0.261531 0.176001 0.198147
0 0.660794 0.862880 0.136596 0.179946
0 0.739284 0.804323 0.131828 0.184131
0 0.789483 0.724784 0.146956 0.209153
0 0.804271 0.612234 0.145907 0.179362
0 0.816232 0.503176 0.131112 0.157499
0 0.818080 0.384001 0.168790 0.228632
0 0.830956 0.268457 0.152610 0.203499
