0 0.503844 0.205533 0.116859 0.172967
0 0.442010 0.220802 0.116252 0.174059
0 0.347494 0.250097 0.150766 0.206538
0 0.271067 0.333649 0.160770 0.177110
0 0.233506 0.459802 0.168001 0.199980
0 0.150143 0.599582 0.206925 0.302819
0 0.085767 0.786117 0.155661 0.284182
0 0.568848 0.215718 0.131955 0.199622
0 0.627483 0.254783 0.130863 0.193431
0 0.692332 0.292389 0.137195 0.229339
0 0.745184 0.385970 0.146517 0.214187
0 0.746097 0.530397 0.157827 0.232977
0 0.773979 0.685962 0.205833 0.296628
0 0.777337 0.877416 0.173626 0.245167
