0 0.449596 0.871172 0.144517 0.185296
0 0.361562 0.855499 0.134748 0.186039
0 0.324165 0.766627 0.166558 0.211661
0 0.286320 0.639183 0.189883 0.217054
0 0.283427 0.497948 0.175114 0.202288
0 0.269668 0.345284 0.198748 0.250028
0 0.266133 0.192957 0.192231 0.223730
0 0.551302 0.867863 0.157241 0.195545
0 0.628354 0.888594 0.132477 0.189950
0 0.673697 0.769541 0.138458 0.182330
0 0.720480 0.650691 0.193515 0.202759
0 0.770633 0.523512 0.172610 0.174438
0 0.800078 0.371419 0.192386 0.244904
0 0.840163 0.221921 0.177540 0.219550
