0 0.449741 0.869248 0.161650 0.230105
0 0.360205 0.816508 0.147649 0.238321
0 0.315811 0.688599 0.170212 0.231461
0 0.244028 0.577096 0.188975 0.209392
0 0.206288 0.463493 0.188849 0.182244
0 0.171685 0.314287 0.204176 0.270228
0 0.142359 0.142983 0.198415 0.207506
0 0.559440 0.873814 0.179665 0.212090
0 0.628636 0.798128 0.130202 0.189649
0 0.664349 0.677279 0.152481 0.216132
0 0.676758 0.552442 0.152765 0.182789
0 0.700448 0.420332 0.182109 0.218738
0 0.721256 0.270029 0.208654 0.289718
0 0.722803 0.117539 0.204187 0.235077
0 0.735233 0.025712 0.123729 0.051424
