0 0.492789 0.141895 0.115978 0.163520
0 0.429900 0.158864 0.111356 0.151343
0 0.377591 0.183971 0.128802 0.190824
0 0.300625 0.275444 0.145242 0.174847
0 0.251133 0.381987 0.143581 0.177908
0 0.193586 0.536229 0.189152 0.249923
0 0.121651 0.714434 0.183358 0.251052
0 0.554198 0.147142 0.109109 0.174590
0 0.612986 0.180464 0.116596 0.178301
0 0.657063 0.235254 0.131113 0.210446
0 0.690675 0.339706 0.129714 0.168445
0 0.705505 0.463618 0.150775 0.191712
0 0.707315 0.619058 0.199177 0.274428
0 0.716923 0.809465 0.188696 0.247579
