0 0.565077 0.088772 0.117299 0.140171
0 0.486273 0.099981 0.130605 0.149327
0 0.408812 0.117585 0.152956 0.210362
0 0.334975 0.206072 0.172301 0.238538
0 0.252742 0.269323 0.167978 0.239407
0 0.183894 0.393767 0.248228 0.324608
0 0.105618 0.557553 0.211235 0.277936
0 0.070495 0.726344 0.140990 0.249921
0 0.644890 0.105917 0.121701 0.150026
0 0.719395 0.135513 0.134302 0.182359
0 0.778873 0.181199 0.154493 0.239937
0 0.811029 0.279032 0.174610 0.279008
0 0.825963 0.410590 0.173256 0.231965
0 0.847772 0.711921 0.216513 0.311836
0 0.826632 0.901975 0.196842 0.196050
