0 0.459693 0.098076 0.115126 0.167005
0 0.422294 0.132125 0.143608 0.204763
0 0.340343 0.116384 0.129674 0.185332
0 0.310525 0.244022 0.162112 0.181352
0 0.267554 0.348697 0.158727 0.175905
0 0.196404 0.461951 0.205949 0.255766
0 0.141248 0.640602 0.188430 0.252677
0 0.525646 0.104545 0.127096 0.198214
0 0.582804 0.124300 0.131929 0.202703
0 0.665487 0.106623 0.132032 0.171198
0 0.690612 0.200726 0.144766 0.174656
0 0.730643 0.298102 0.156094 0.225151
0 0.790257 0.423445 0.207514 0.287565
0 0.793656 0.606615 0.213629 0.253483
0 0.805653 0.775173 0.173882 0.234350
