0 0.448560 0.334426 0.082876 0.178969
0 0.528221 0.351037 0.097880 0.152178
0 0.711834 0.428198 0.105024 0.117884
0 0.776135 0.439450 0.053584 0.093236
0 0.803284 0.433020 0.046439 0.086806
0 0.833648 0.422304 0.042867 0.095379
0 0.278164 0.336570 0.102166 0.121099
0 0.218864 0.324246 0.063586 0.111454
0 0.539295 0.605024 0.092878 0.173611
0 0.630030 0.626457 0.084305 0.150034
0 0.686471 0.637174 0.062872 0.143604
0 0.732553 0.659679 0.055013 0.120027
0 0.787923 0.669860 0.090021 0.133959
0 0.298525 0.553048 0.095736 0.148963
0 0.242798 0.557335 0.072874 0.118956
0 0.202432 0.578768 0.057870 0.116812
0 0.159208 0.587341 0.071445 0.112526
0 0.131702 0.538580 0.059299 0.098594
