0 0.433610 0.448640 0.102077 0.188079
0 0.368586 0.446349 0.081983 0.167583
0 0.322772 0.434896 0.067515 0.156732
0 0.291024 0.430073 0.045814 0.122975
0 0.281189 0.454044 0.052575 0.119712
0 0.256982 0.441562 0.046523 0.127655
0 0.511536 0.454611 0.086616 0.185526
0 0.572054 0.462554 0.071487 0.161697
0 0.615552 0.458299 0.049549 0.141839
0 0.648647 0.471632 0.043876 0.121982
0 0.677583 0.472483 0.038958 0.120280
0 0.697251 0.458867 0.032150 0.108932
0 0.437662 0.604803 0.065435 0.136166
0 0.395796 0.604961 0.063922 0.151484
0 0.347948 0.604394 0.063544 0.145811
0 0.311638 0.578863 0.059005 0.127655
0 0.260733 0.567082 0.075579 0.120959
0 0.275696 0.535339 0.075323 0.048449
0 0.487945 0.608350 0.061981 0.140881
0 0.539491 0.623292 0.061981 0.154637
0 0.594041 0.628036 0.071152 0.156535
0 0.627245 0.600524 0.061033 0.121433
0 0.668197 0.596966 0.063246 0.093446
0 0.686855 0.578704 0.062614 0.095818
0 0.695867 0.538384 0.058503 0.066409
0 0.257232 0.512005 0.064232 0.055716
