0 0.384984 0.393586 0.186158 0.253072
0 0.303780 0.352151 0.150435 0.241117
0 0.241123 0.335623 0.141696 0.235392
0 0.190434 0.330796 0.107613 0.212693
0 0.161943 0.331093 0.100916 0.176543
0 0.129812 0.335807 0.080828 0.144505
0 0.103463 0.336328 0.074540 0.151536
0 0.486314 0.422691 0.179842 0.232030
0 0.580603 0.426691 0.144921 0.242221
0 0.649799 0.431243 0.128294 0.236101
0 0.688243 0.455349 0.091516 0.188823
0 0.724123 0.464902 0.094730 0.189565
0 0.760698 0.471442 0.085242 0.174826
0 0.403402 0.635185 0.137906 0.234897
0 0.474621 0.654801 0.143746 0.230542
0 0.544032 0.665748 0.134660 0.230726
0 0.587345 0.668767 0.116456 0.198003
0 0.630770 0.654043 0.113643 0.182524
0 0.673955 0.660205 0.130887 0.168252
0 0.711660 0.643525 0.128972 0.192907
0 0.340398 0.604865 0.123980 0.206585
0 0.268052 0.599948 0.131786 0.218980
0 0.203484 0.588577 0.114394 0.189542
0 0.150597 0.565760 0.107392 0.183688
0 0.114123 0.546732 0.093962 0.180587
0 0.088567 0.522164 0.094878 0.161929
0 0.065216 0.501118 0.091058 0.159958
0 0.066579 0.454248 0.072970 0.128203
