0 0.480854 0.674674 0.110635 0.160316
0 0.419167 0.686449 0.100005 0.140957
0 0.372736 0.644174 0.110784 0.145691
0 0.335406 0.569213 0.136993 0.146376
0 0.287840 0.496428 0.118845 0.137633
0 0.236505 0.401715 0.153680 0.186566
0 0.175008 0.301140 0.143518 0.177077
0 0.550565 0.654508 0.123665 0.167972
0 0.603749 0.611115 0.097755 0.138036
0 0.618537 0.546468 0.127226 0.154071
0 0.605709 0.460952 0.144435 0.143072
0 0.601449 0.369603 0.123889 0.146034
0 0.595050 0.264001 0.163148 0.208121
0 0.585500 0.130992 0.157636 0.189850
