0 0.515299 0.845845 0.116000 0.144167
0 0.456340 0.799450 0.091649 0.125318
0 0.411763 0.771170 0.103431 0.137099
0 0.387255 0.676107 0.106232 0.125464
0 0.367631 0.589218 0.112123 0.131354
0 0.332397 0.487011 0.144324 0.185547
0 0.295416 0.399310 0.143786 0.173323
0 0.250310 0.314333 0.131907 0.151823
0 0.581902 0.837974 0.102300 0.149028
0 0.607813 0.770160 0.094298 0.140340
0 0.631517 0.689829 0.107211 0.140191
0 0.623089 0.593221 0.130583 0.144312
0 0.614930 0.503019 0.114234 0.134152
0 0.607681 0.398459 0.147221 0.183632
0 0.619286 0.298319 0.129451 0.156241
0 0.595219 0.205759 0.138047 0.140777
