0 0.450703 0.467314 0.123600 0.191830
0 0.369970 0.459276 0.092164 0.162894
0 0.313529 0.449096 0.060728 0.127529
0 0.272448 0.436235 0.062872 0.103952
0 0.237440 0.423375 0.051440 0.082519
0 0.539295 0.475887 0.099308 0.193973
0 0.611454 0.465171 0.092164 0.204690
0 0.663609 0.469457 0.082162 0.187543
0 0.714335 0.476959 0.067873 0.146819
0 0.758273 0.483389 0.052869 0.123242
0 0.786494 0.493034 0.039295 0.082519
0 0.451060 0.644140 0.071445 0.176826
0 0.391047 0.627529 0.087163 0.165038
0 0.330318 0.620027 0.078589 0.137174
0 0.288880 0.589485 0.088592 0.142533
0 0.258873 0.536437 0.105738 0.124314
0 0.242441 0.478031 0.090021 0.067515
0 0.511431 0.653785 0.079304 0.157536
0 0.567873 0.663966 0.079304 0.150034
0 0.622171 0.672539 0.067873 0.132888
0 0.671825 0.651106 0.118599 0.156464
0 0.701475 0.611990 0.123600 0.127529
0 0.749343 0.593236 0.089306 0.113597
