0 0.451971 0.305461 0.119398 0.241086
0 0.371480 0.301242 0.095867 0.199529
0 0.320331 0.298562 0.089444 0.182588
0 0.267618 0.302954 0.085150 0.161015
0 0.223854 0.295891 0.093409 0.182796
0 0.180098 0.228008 0.077559 0.136897
0 0.552996 0.304793 0.139677 0.265869
0 0.688820 0.307737 0.119675 0.216194
0 0.745273 0.368534 0.086272 0.182422
0 0.782732 0.366919 0.071873 0.179295
0 0.829736 0.312141 0.061121 0.109943
0 0.508299 0.588659 0.084890 0.201325
0 0.563994 0.618410 0.097335 0.257720
0 0.629067 0.636130 0.106263 0.277164
0 0.687450 0.606992 0.084658 0.211987
0 0.732117 0.596811 0.099413 0.206831
0 0.775241 0.547792 0.142610 0.216210
0 0.824319 0.438266 0.106765 0.181124
0 0.448953 0.605822 0.084879 0.246393
0 0.385846 0.603707 0.105203 0.256946
0 0.327551 0.608403 0.108756 0.324734
0 0.272848 0.536966 0.087608 0.177748
0 0.206602 0.587158 0.102936 0.138227
0 0.193679 0.522680 0.121577 0.116670
0 0.186294 0.443586 0.159132 0.154218
0 0.153349 0.336320 0.145872 0.187917
