0 0.440972 0.411458 0.115741 0.214120
0 0.360340 0.403935 0.088735 0.164352
0 0.319444 0.397569 0.056327 0.181713
0 0.299383 0.410880 0.051698 0.148148
0 0.277392 0.391204 0.038580 0.136574
0 0.257716 0.374421 0.043981 0.121528
0 0.239583 0.359375 0.029321 0.082176
0 0.532793 0.433449 0.123457 0.172454
0 0.594907 0.428241 0.084105 0.178241
0 0.656636 0.415509 0.056327 0.187500
0 0.685185 0.428819 0.043981 0.146991
0 0.710262 0.425347 0.033951 0.137731
0 0.724465 0.431279 0.013262 0.069083
0 0.451267 0.576145 0.067346 0.144168
0 0.396442 0.579191 0.067346 0.142138
0 0.349571 0.578430 0.057532 0.150768
0 0.308283 0.552794 0.061593 0.117771
0 0.278502 0.507361 0.074453 0.121325
0 0.255489 0.459135 0.054825 0.117264
0 0.508122 0.581475 0.065993 0.132493
0 0.557870 0.594166 0.067346 0.137569
0 0.609141 0.611933 0.067008 0.168027
0 0.644845 0.595943 0.066669 0.138077
0 0.670565 0.570815 0.072084 0.121325
0 0.698485 0.543657 0.069715 0.108634
0 0.712993 0.507618 0.041177 0.079850
