0 0.451151 0.391898 0.140347 0.210955
0 0.381811 0.404735 0.112915 0.213103
0 0.325261 0.405416 0.102414 0.186260
0 0.285296 0.425689 0.075706 0.159322
0 0.257290 0.422278 0.062170 0.155705
0 0.230034 0.423648 0.057553 0.158145
0 0.210054 0.416029 0.041505 0.121359
0 0.527835 0.380013 0.119347 0.199008
0 0.592140 0.362538 0.104403 0.204216
0 0.641543 0.350648 0.091881 0.205520
0 0.683950 0.359250 0.056968 0.172373
0 0.705311 0.358679 0.041194 0.163510
0 0.723535 0.366474 0.042893 0.138141
0 0.737464 0.348268 0.039806 0.112924
0 0.518530 0.589935 0.090029 0.146370
0 0.457244 0.603408 0.084592 0.156935
0 0.392312 0.629989 0.096088 0.191551
0 0.347011 0.613989 0.088356 0.155365
0 0.310203 0.597097 0.066312 0.124226
0 0.286706 0.592200 0.071446 0.127386
0 0.258807 0.573033 0.078091 0.124154
0 0.234492 0.539559 0.049277 0.097543
0 0.573940 0.588504 0.085428 0.156586
0 0.635603 0.592068 0.097737 0.190633
0 0.675772 0.570881 0.089547 0.165316
0 0.710295 0.559662 0.075051 0.160299
0 0.731330 0.520861 0.099990 0.130595
0 0.733994 0.466036 0.080350 0.090063
