0 0.602121 0.452434 0.138698 0.213438
0 0.510568 0.450187 0.106987 0.155136
0 0.450603 0.443316 0.116509 0.191609
0 0.408741 0.434060 0.100980 0.140865
0 0.357876 0.427754 0.109946 0.142286
0 0.313118 0.411912 0.082165 0.124566
0 0.702298 0.466549 0.136677 0.216448
0 0.778003 0.477665 0.100256 0.175715
0 0.825530 0.484317 0.111999 0.202549
0 0.877702 0.503084 0.087432 0.142050
0 0.621474 0.670644 0.092980 0.166238
0 0.680811 0.687701 0.092632 0.177837
0 0.727677 0.692826 0.088211 0.184421
0 0.760265 0.701051 0.077053 0.162258
0 0.787668 0.698498 0.069792 0.150910
0 0.815624 0.710585 0.064711 0.132624
0 0.819898 0.654585 0.144833 0.183192
0 0.555145 0.657840 0.097400 0.159654
0 0.495154 0.652168 0.099530 0.173103
0 0.443725 0.628705 0.097289 0.172748
0 0.386908 0.646512 0.097052 0.171253
0 0.346805 0.624077 0.137984 0.167538
0 0.314735 0.579936 0.130549 0.161990
