0 0.461262 0.409286 0.122198 0.190629
0 0.407603 0.397682 0.083823 0.155682
0 0.362988 0.383389 0.084556 0.159837
0 0.339545 0.396135 0.057224 0.128448
0 0.317561 0.389260 0.056608 0.124958
0 0.305102 0.385808 0.050441 0.115062
0 0.289037 0.376698 0.042644 0.100580
0 0.286861 0.337608 0.037116 0.076668
0 0.523273 0.420934 0.107266 0.160755
0 0.584627 0.420757 0.089433 0.151975
0 0.629460 0.421664 0.074148 0.139886
0 0.662696 0.433523 0.055556 0.119700
0 0.684836 0.428930 0.050213 0.117818
0 0.706919 0.430324 0.054760 0.104530
0 0.732205 0.426786 0.051148 0.098257
0 0.497199 0.595271 0.085896 0.153230
0 0.540995 0.594496 0.080367 0.132529
0 0.583300 0.605954 0.097169 0.167429
0 0.615590 0.589156 0.077038 0.138517
0 0.641750 0.578775 0.072096 0.128252
0 0.667768 0.574865 0.070483 0.111999
0 0.686777 0.550227 0.091971 0.098880
0 0.705422 0.512530 0.063079 0.048696
0 0.452252 0.589345 0.088674 0.140569
0 0.410726 0.581023 0.095325 0.160529
0 0.373480 0.582453 0.089091 0.150036
0 0.338350 0.556765 0.061582 0.125459
0 0.318451 0.546759 0.052740 0.128597
0 0.297115 0.543834 0.057560 0.119063
0 0.299746 0.515120 0.085652 0.102691
0 0.293155 0.479006 0.074222 0.069448
