0 0.429476 0.375950 0.146076 0.219085
0 0.334897 0.367820 0.133415 0.243073
0 0.263186 0.346461 0.115883 0.210056
0 0.542875 0.337896 0.161542 0.269940
0 0.639283 0.322219 0.134723 0.242169
0 0.715107 0.314554 0.127160 0.261462
0 0.771276 0.301625 0.090523 0.194171
0 0.813088 0.278941 0.074374 0.166645
0 0.146706 0.299887 0.138305 0.190459
0 0.590876 0.648446 0.110576 0.207276
0 0.661099 0.639824 0.117854 0.214555
0 0.727010 0.616923 0.108017 0.203769
0 0.793879 0.598841 0.122725 0.190675
0 0.843073 0.481469 0.161751 0.196531
0 0.516796 0.661381 0.115750 0.208975
0 0.444791 0.661447 0.112414 0.210694
0 0.377799 0.663640 0.122251 0.221481
0 0.316816 0.634383 0.132126 0.215243
0 0.275023 0.585768 0.141527 0.199369
0 0.171877 0.481069 0.128222 0.189221
