0 0.539122 0.104058 0.083266 0.116325
0 0.480083 0.101808 0.092724 0.133506
0 0.417464 0.127638 0.101620 0.171744
0 0.362509 0.218859 0.120641 0.161736
0 0.319562 0.310668 0.126996 0.166856
0 0.266685 0.413175 0.156848 0.223891
0 0.209619 0.558519 0.165544 0.215602
0 0.155119 0.646506 0.098698 0.125891
0 0.593052 0.116585 0.075400 0.120503
0 0.642689 0.136204 0.084971 0.133473
0 0.684206 0.184915 0.108278 0.179021
0 0.703586 0.292080 0.120979 0.149102
0 0.706232 0.385350 0.126766 0.155199
0 0.702481 0.508503 0.171747 0.219645
0 0.701614 0.671090 0.146631 0.201320
0 0.699278 0.807635 0.145034 0.159880
