0 0.451501 0.734084 0.109531 0.172018
0 0.383183 0.713475 0.099982 0.163248
0 0.329427 0.638403 0.121745 0.173301
0 0.301619 0.524874 0.128174 0.168799
0 0.266824 0.462365 0.114954 0.141522
0 0.250215 0.371478 0.126523 0.153093
0 0.237831 0.278825 0.098063 0.095737
0 0.539152 0.728841 0.107605 0.153694
0 0.610645 0.704124 0.100351 0.150342
0 0.648258 0.634005 0.107236 0.166599
0 0.664431 0.552906 0.127073 0.158329
0 0.693737 0.462487 0.107975 0.140788
0 0.696411 0.378837 0.110545 0.148825
0 0.704779 0.290619 0.097325 0.121547
