0 0.406605 0.374915 0.195179 0.377290
0 0.281590 0.359707 0.131464 0.358840
0 0.191525 0.378248 0.137066 0.364444
0 0.130313 0.412824 0.109495 0.308575
0 0.083944 0.334534 0.074456 0.150574
0 0.616169 0.381746 0.209472 0.443076
0 0.735910 0.358044 0.150488 0.381679
0 0.831567 0.385550 0.143454 0.392559
0 0.929136 0.358286 0.089774 0.129228
0 0.978330 0.354532 0.043341 0.172318
0 0.544768 0.794701 0.131546 0.334660
0 0.641038 0.786910 0.142681 0.335049
0 0.740628 0.772729 0.153421 0.359530
0 0.813517 0.725086 0.145420 0.307330
0 0.877620 0.716171 0.140541 0.273782
0 0.941887 0.701686 0.112025 0.272786
0 0.446183 0.780106 0.136495 0.334833
0 0.350237 0.778614 0.140336 0.338675
0 0.253278 0.752922 0.130568 0.342043
0 0.186012 0.728267 0.140866 0.283065
0 0.139518 0.711773 0.105976 0.203966
0 0.115485 0.672827 0.175382 0.245330
0 0.086360 0.549127 0.145949 0.251719
