0 0.442689 0.399854 0.119737 0.162530
0 0.386193 0.382121 0.093586 0.137524
0 0.339816 0.384897 0.096698 0.154050
0 0.308342 0.384080 0.054246 0.101043
0 0.284104 0.392553 0.069434 0.115087
0 0.260581 0.389468 0.066292 0.095394
0 0.519511 0.417590 0.125960 0.168182
0 0.591365 0.436524 0.092272 0.128791
0 0.644793 0.435375 0.103722 0.166209
0 0.678279 0.463038 0.058785 0.111575
0 0.693423 0.475327 0.048079 0.101727
0 0.716319 0.464199 0.061497 0.111148
0 0.736974 0.454312 0.036002 0.076809
0 0.514122 0.561145 0.088705 0.143774
0 0.566036 0.578406 0.091188 0.145401
0 0.609472 0.586675 0.085392 0.132471
0 0.643914 0.603421 0.077997 0.106527
0 0.669237 0.583473 0.067205 0.087174
0 0.681029 0.551021 0.101634 0.099338
0 0.458382 0.557070 0.097069 0.140436
0 0.409751 0.547601 0.092416 0.144631
0 0.368314 0.537448 0.084165 0.133242
0 0.327805 0.535131 0.088505 0.148997
0 0.296288 0.524337 0.071031 0.100703
0 0.266513 0.512773 0.080738 0.109267
0 0.240835 0.485155 0.079967 0.105927
