0 0.478672 0.402675 0.163237 0.253169
0 0.394974 0.377359 0.163141 0.269926
0 0.330180 0.360241 0.160962 0.264470
0 0.280578 0.377232 0.103171 0.203647
0 0.248181 0.374192 0.121539 0.198763
0 0.210121 0.366794 0.096723 0.174613
0 0.177969 0.331233 0.103450 0.184376
0 0.695742 0.436437 0.181978 0.290229
0 0.767680 0.450421 0.116521 0.226776
0 0.796348 0.459250 0.084350 0.185495
0 0.829232 0.459780 0.091007 0.178334
0 0.863599 0.416957 0.086894 0.165456
0 0.472341 0.641178 0.132240 0.245533
0 0.420679 0.640921 0.145924 0.236691
0 0.348073 0.638799 0.156126 0.279576
0 0.297310 0.618998 0.128528 0.237729
0 0.254416 0.588455 0.132092 0.213716
0 0.201423 0.569272 0.146430 0.235719
0 0.532396 0.656819 0.125043 0.248032
0 0.597472 0.686818 0.133994 0.247027
0 0.667852 0.665785 0.132904 0.205282
0 0.703640 0.676856 0.128720 0.189590
0 0.760968 0.661057 0.140067 0.227262
0 0.824333 0.583236 0.118019 0.184792
0 0.150212 0.510467 0.135737 0.241876
