0 0.445988 0.445602 0.095679 0.182870
0 0.371914 0.447338 0.078704 0.158565
0 0.323302 0.457755 0.066358 0.149306
0 0.290123 0.473958 0.049383 0.123843
0 0.264275 0.480903 0.040895 0.128472
0 0.247299 0.483218 0.033179 0.098380
0 0.227029 0.468934 0.030925 0.086346
0 0.521219 0.425926 0.093364 0.182870
0 0.593750 0.443287 0.077932 0.159722
0 0.642361 0.429977 0.056327 0.172454
0 0.684028 0.433449 0.043981 0.149306
0 0.704475 0.449074 0.029321 0.092593
0 0.721451 0.445023 0.027778 0.093750
0 0.522762 0.641204 0.057870 0.164352
0 0.571759 0.634838 0.063272 0.151620
0 0.617670 0.628472 0.073302 0.166667
0 0.655093 0.622685 0.069444 0.138889
0 0.670139 0.597801 0.090278 0.133102
0 0.702546 0.539931 0.104167 0.098380
0 0.474151 0.640625 0.062500 0.151620
0 0.424383 0.644097 0.058642 0.144676
0 0.379244 0.637731 0.054784 0.155093
0 0.342207 0.642361 0.037809 0.152778
0 0.310571 0.631366 0.037809 0.109954
0 0.215853 0.466408 0.013472 0.043632
