0 0.493164 0.086227 0.092448 0.170139
0 0.419922 0.113426 0.083984 0.180556
0 0.371745 0.184606 0.113932 0.186343
0 0.336589 0.295139 0.113932 0.159722
0 0.302083 0.402199 0.117839 0.163194
0 0.266276 0.535880 0.132161 0.231481
0 0.210286 0.675347 0.117839 0.244213
0 0.574544 0.111111 0.084635 0.210648
0 0.643880 0.137153 0.082682 0.221065
0 0.693034 0.211227 0.110677 0.195602
0 0.710938 0.331019 0.120443 0.152778
0 0.725911 0.454282 0.123047 0.160880
0 0.744466 0.600694 0.140625 0.224537
0 0.769857 0.757523 0.130208 0.214120
