0 0.499132 0.809325 0.102631 0.127665
0 0.439225 0.767711 0.092244 0.126390
0 0.403575 0.714581 0.100125 0.135029
0 0.389928 0.632531 0.110011 0.118344
0 0.376462 0.534690 0.135747 0.175200
0 0.349125 0.449641 0.124542 0.153368
0 0.343311 0.339564 0.107186 0.123111
0 0.579103 0.802015 0.097575 0.114260
0 0.645589 0.761426 0.089419 0.131157
0 0.684171 0.697647 0.095888 0.142179
0 0.710042 0.608590 0.102631 0.127665
0 0.734979 0.512830 0.130554 0.174562
0 0.766841 0.417920 0.124041 0.135408
0 0.783328 0.340886 0.119579 0.099063
