0 0.478840 0.447129 0.097268 0.167036
0 0.422508 0.449840 0.076222 0.158980
0 0.376101 0.453244 0.065658 0.164826
0 0.345732 0.464974 0.047249 0.131711
0 0.327529 0.466472 0.039240 0.132249
0 0.314279 0.471087 0.033169 0.118654
0 0.549642 0.448755 0.090924 0.160008
0 0.606767 0.450533 0.077965 0.152516
0 0.652671 0.443769 0.070341 0.158568
0 0.681865 0.454122 0.045779 0.131608
0 0.698731 0.445327 0.036032 0.117757
0 0.713043 0.430812 0.060790 0.137048
0 0.542235 0.623346 0.062481 0.182164
0 0.579433 0.614310 0.065309 0.170289
0 0.622049 0.612303 0.076412 0.172163
0 0.661722 0.599561 0.075142 0.143539
0 0.681681 0.578237 0.071127 0.107041
0 0.703382 0.563685 0.052019 0.084852
0 0.717106 0.515326 0.065401 0.108835
0 0.503140 0.627816 0.066697 0.190141
0 0.465901 0.626875 0.065576 0.184575
0 0.420345 0.628676 0.076371 0.182037
0 0.378479 0.614666 0.071580 0.155362
0 0.347160 0.613584 0.058929 0.152283
0 0.316689 0.600371 0.059592 0.130379
