0 0.437053 0.873112 0.125893 0.213207
0 0.379691 0.775646 0.104573 0.204069
0 0.320297 0.691125 0.121832 0.220821
0 0.269534 0.555586 0.148229 0.193409
0 0.254305 0.436038 0.160413 0.176657
0 0.226892 0.276894 0.162443 0.248233
0 0.208110 0.112421 0.163458 0.208638
0 0.540611 0.870827 0.148229 0.217775
0 0.600512 0.778692 0.105588 0.185794
0 0.662951 0.683510 0.120817 0.226913
0 0.729451 0.587567 0.144168 0.208638
0 0.771585 0.479441 0.116756 0.193409
0 0.807119 0.313444 0.165489 0.287829
0 0.834531 0.142117 0.130970 0.255848
