0 0.421978 0.417679 0.117759 0.198116
0 0.354333 0.403754 0.087460 0.178992
0 0.303604 0.389997 0.088564 0.191889
0 0.269199 0.398969 0.052674 0.158177
0 0.252285 0.388307 0.049400 0.124801
0 0.238278 0.375293 0.042666 0.092001
0 0.511958 0.422041 0.132966 0.205562
0 0.586902 0.436439 0.107761 0.192464
0 0.643771 0.440566 0.091719 0.189147
0 0.676672 0.450160 0.078148 0.188302
0 0.704059 0.462294 0.057652 0.148259
0 0.719930 0.467285 0.042177 0.123786
0 0.736448 0.462427 0.033393 0.106625
0 0.457615 0.664590 0.084875 0.180753
0 0.505572 0.661389 0.093124 0.184036
0 0.562400 0.681526 0.105290 0.189993
0 0.597131 0.657136 0.096655 0.153740
0 0.611371 0.637045 0.111893 0.126152
0 0.642945 0.619391 0.124327 0.149135
0 0.679502 0.582003 0.110148 0.143957
0 0.409091 0.656114 0.080503 0.174829
0 0.364236 0.639868 0.081034 0.168533
0 0.313203 0.628278 0.084263 0.156246
0 0.283519 0.593178 0.117260 0.169377
0 0.274515 0.557671 0.133221 0.141891
