0 0.456919 0.268602 0.055629 0.087631
0 0.412434 0.269011 0.062176 0.093845
0 0.366618 0.285664 0.068096 0.101099
0 0.328691 0.345516 0.071429 0.104765
0 0.307763 0.415629 0.096525 0.105192
0 0.277643 0.505114 0.130903 0.172907
0 0.227257 0.629755 0.127728 0.163731
0 0.495564 0.277183 0.053628 0.089631
0 0.532405 0.295744 0.065744 0.099746
0 0.567034 0.328196 0.069821 0.103490
0 0.589727 0.388205 0.069311 0.105647
0 0.594896 0.464451 0.085742 0.100743
0 0.596891 0.560136 0.107653 0.154990
0 0.602341 0.683866 0.101263 0.143267
