0 0.455028 0.908120 0.179351 0.183760
0 0.399807 0.873137 0.128198 0.160728
0 0.369179 0.801046 0.162198 0.186451
0 0.353117 0.663576 0.189873 0.199100
0 0.363196 0.522207 0.180985 0.200333
0 0.373218 0.372360 0.218117 0.278572
0 0.378797 0.219452 0.219864 0.264061
0 0.559596 0.926978 0.159793 0.146043
0 0.644990 0.934404 0.141383 0.131192
0 0.717880 0.898631 0.172808 0.202737
0 0.792263 0.790646 0.183836 0.214840
0 0.845506 0.681523 0.174854 0.203403
0 0.906432 0.544195 0.187136 0.299008
0 0.945395 0.390096 0.109210 0.260149
