0 0.524113 0.182919 0.094843 0.142265
0 0.459008 0.210648 0.090021 0.144676
0 0.404353 0.256462 0.102881 0.149498
0 0.376222 0.361352 0.104488 0.156732
0 0.343268 0.439718 0.122171 0.144676
0 0.319155 0.555459 0.151106 0.197724
0 0.295042 0.668789 0.131816 0.173611
0 0.605292 0.186535 0.106096 0.168789
0 0.676826 0.244406 0.085198 0.125386
0 0.725855 0.327595 0.096451 0.151910
0 0.740323 0.440924 0.112526 0.137442
0 0.749164 0.532552 0.133423 0.132620
0 0.754790 0.661555 0.135031 0.178434
0 0.766847 0.784529 0.133423 0.144676
