0 0.493929 0.464411 0.174103 0.266782
0 0.410770 0.444195 0.136464 0.221646
0 0.341301 0.435145 0.154071 0.279931
0 0.283611 0.431140 0.113608 0.230714
0 0.243993 0.422719 0.100612 0.218667
0 0.205288 0.404964 0.100003 0.212736
0 0.172306 0.387156 0.086180 0.169181
0 0.587009 0.476574 0.170705 0.275343
0 0.667315 0.491738 0.140357 0.249165
0 0.731147 0.525631 0.147389 0.266906
0 0.782996 0.548720 0.105393 0.219684
0 0.824155 0.554928 0.098510 0.190369
0 0.886476 0.523714 0.136613 0.210073
0 0.482395 0.614396 0.099509 0.176656
0 0.426577 0.589829 0.089560 0.151331
0 0.361206 0.581650 0.123009 0.192095
0 0.291424 0.580791 0.118061 0.193364
0 0.238228 0.570754 0.090020 0.168836
0 0.193385 0.546614 0.099176 0.181227
0 0.153469 0.512723 0.091312 0.174913
0 0.534529 0.621032 0.120994 0.210235
0 0.590374 0.630361 0.078172 0.131503
0 0.647430 0.655827 0.129467 0.222480
0 0.703782 0.667805 0.135431 0.216785
0 0.754874 0.684381 0.108682 0.198334
0 0.804015 0.668150 0.119094 0.198226
0 0.857163 0.656582 0.114260 0.169347
