0 0.464972 0.498192 0.095647 0.156732
0 0.400672 0.493369 0.077964 0.139853
0 0.356465 0.504823 0.063497 0.138648
0 0.328167 0.523642 0.065398 0.118564
0 0.301114 0.538110 0.034816 0.092451
0 0.276649 0.545520 0.037639 0.094569
0 0.258064 0.540933 0.030582 0.102332
0 0.544123 0.501411 0.081395 0.148910
0 0.608580 0.511998 0.063516 0.113624
0 0.654217 0.513762 0.048461 0.145382
0 0.689269 0.526465 0.043285 0.124210
0 0.710912 0.534228 0.030111 0.098803
0 0.732084 0.533170 0.031052 0.093863
0 0.746198 0.523289 0.016938 0.078337
0 0.525491 0.709263 0.053737 0.135375
0 0.564760 0.707197 0.056493 0.135375
0 0.610229 0.681878 0.059248 0.130208
0 0.653288 0.689629 0.058559 0.106440
0 0.682223 0.679812 0.054426 0.113674
0 0.704613 0.672061 0.052359 0.100240
0 0.721772 0.641662 0.048225 0.088614
0 0.722978 0.604589 0.055459 0.061487
0 0.483258 0.707369 0.062291 0.125989
0 0.449902 0.697422 0.063095 0.130208
0 0.402882 0.707972 0.069525 0.142867
0 0.365307 0.695915 0.050637 0.122372
0 0.340591 0.686572 0.042197 0.106096
0 0.312460 0.681749 0.042197 0.107301
0 0.295179 0.657636 0.039786 0.096451
0 0.281984 0.623513 0.036705 0.073544
