0 0.448469 0.594439 0.066501 0.132250
0 0.402664 0.599954 0.079236 0.142521
0 0.349225 0.615053 0.074553 0.154368
0 0.304281 0.606369 0.056334 0.132987
0 0.272784 0.609647 0.065234 0.137665
0 0.494181 0.602055 0.063623 0.133241
0 0.536323 0.596960 0.067039 0.126810
0 0.582783 0.604055 0.068497 0.126860
0 0.621108 0.603752 0.043946 0.111809
0 0.640135 0.591829 0.048400 0.093404
0 0.666025 0.560993 0.108927 0.158844
0 0.395057 0.431136 0.087254 0.142801
0 0.340599 0.423215 0.074859 0.163113
0 0.466451 0.424326 0.096997 0.150784
0 0.530825 0.420007 0.065154 0.156223
0 0.580951 0.437081 0.071867 0.160825
0 0.614004 0.451916 0.070218 0.155308
0 0.644964 0.453544 0.041065 0.133545
