0 0.447913 0.425392 0.142490 0.215090
0 0.364481 0.406748 0.128693 0.222017
0 0.304005 0.405167 0.126715 0.239472
0 0.256061 0.401888 0.112670 0.213115
0 0.220367 0.400744 0.077426 0.181164
0 0.195458 0.385654 0.072067 0.158131
0 0.177282 0.314808 0.072630 0.131952
0 0.542791 0.424498 0.133978 0.186924
0 0.628777 0.421786 0.107374 0.175427
0 0.694243 0.421571 0.107853 0.240146
0 0.747286 0.423645 0.114748 0.246287
0 0.793785 0.418073 0.089010 0.185776
0 0.834053 0.348405 0.079658 0.156015
0 0.513849 0.646375 0.104139 0.189196
0 0.575609 0.666152 0.122751 0.248059
0 0.653820 0.674117 0.131497 0.255106
0 0.707050 0.668483 0.133856 0.253498
0 0.814516 0.516116 0.190759 0.253737
0 0.450194 0.658453 0.102255 0.205223
0 0.384181 0.661282 0.128239 0.213530
0 0.329191 0.658396 0.116306 0.224266
0 0.266569 0.644753 0.124744 0.225452
0 0.223300 0.612038 0.114023 0.200671
0 0.199832 0.541751 0.189863 0.225294
0 0.186282 0.442996 0.134717 0.149271
