0 0.401833 0.123279 0.156823 0.212980
0 0.316780 0.155181 0.132091 0.204389
0 0.264563 0.247005 0.151848 0.186483
0 0.241650 0.379035 0.186699 0.204858
0 0.238660 0.502380 0.166501 0.180624
0 0.229299 0.673426 0.223661 0.280827
0 0.219554 0.854429 0.214562 0.291143
0 0.507849 0.102188 0.163145 0.198790
0 0.600481 0.107790 0.114012 0.213211
0 0.673347 0.164443 0.146007 0.238144
0 0.724086 0.280507 0.194372 0.243467
0 0.786008 0.407702 0.165733 0.200368
0 0.836121 0.576701 0.210346 0.270538
0 0.889849 0.742669 0.211604 0.263725
0 0.917275 0.878875 0.165450 0.142861
