0 0.413552 0.123307 0.046439 0.093236
0 0.372471 0.137239 0.057156 0.091092
0 0.333533 0.164566 0.059299 0.098594
0 0.300312 0.221365 0.068587 0.102881
0 0.273520 0.295310 0.080733 0.107167
0 0.246728 0.379437 0.100023 0.159679
0 0.219936 0.504823 0.103595 0.153249
0 0.458562 0.128665 0.047868 0.088949
0 0.501786 0.144204 0.055727 0.085734
0 0.537151 0.178498 0.066444 0.105024
0 0.561085 0.257266 0.074303 0.108239
0 0.580376 0.332819 0.072874 0.102881
0 0.601095 0.422304 0.111454 0.166109
0 0.618956 0.548761 0.102881 0.153249
