0 0.473199 0.416166 0.142440 0.223152
0 0.380452 0.402406 0.100736 0.203537
0 0.305001 0.398145 0.112250 0.229195
0 0.253103 0.411271 0.079114 0.206761
0 0.220511 0.402573 0.043116 0.129711
0 0.195424 0.390744 0.050785 0.123577
0 0.170136 0.375092 0.033829 0.091098
0 0.579319 0.413343 0.134485 0.223825
0 0.659496 0.410236 0.080784 0.197045
0 0.708533 0.419167 0.090685 0.233512
0 0.764581 0.408563 0.090529 0.244397
0 0.786635 0.439171 0.051383 0.107268
0 0.531383 0.613562 0.096865 0.198977
0 0.604836 0.635453 0.091439 0.206318
0 0.662491 0.634622 0.096642 0.250164
0 0.727459 0.633955 0.082183 0.196029
0 0.758767 0.597264 0.082848 0.139419
0 0.800955 0.593958 0.058084 0.138121
0 0.465887 0.618090 0.098665 0.205607
0 0.403027 0.624123 0.091970 0.230311
0 0.348020 0.612766 0.098837 0.208884
0 0.301909 0.589990 0.091709 0.197618
0 0.241889 0.580539 0.119174 0.208861
0 0.197976 0.543956 0.091398 0.219388
