0 0.500895 0.131447 0.061179 0.100157
0 0.455050 0.142188 0.073062 0.105137
0 0.410531 0.169429 0.068921 0.109277
0 0.376804 0.241596 0.076376 0.112936
0 0.345259 0.341808 0.114200 0.169384
0 0.293689 0.461783 0.112514 0.164939
0 0.259742 0.579942 0.081522 0.155689
0 0.550031 0.134569 0.065107 0.105809
0 0.591103 0.159176 0.063822 0.109010
0 0.623717 0.205794 0.070877 0.105022
0 0.646545 0.285854 0.081761 0.118664
0 0.664136 0.389189 0.124855 0.178657
0 0.686843 0.527295 0.118112 0.160875
0 0.695297 0.658630 0.102031 0.158943
