0 0.376332 0.330375 0.155645 0.193526
0 0.279702 0.349421 0.127838 0.182612
0 0.199182 0.344794 0.111064 0.167118
0 0.150454 0.367586 0.078682 0.165194
0 0.128465 0.377510 0.067678 0.157517
0 0.105192 0.380616 0.063000 0.138730
0 0.081117 0.367193 0.044689 0.083572
0 0.485063 0.302753 0.158587 0.208164
0 0.574608 0.283128 0.132780 0.200026
0 0.644113 0.270074 0.117863 0.222292
0 0.695377 0.300886 0.073928 0.166490
0 0.730125 0.272415 0.084157 0.170112
0 0.762396 0.249402 0.057451 0.148598
0 0.451942 0.689689 0.117404 0.164451
0 0.384642 0.686079 0.136560 0.190406
0 0.316363 0.705355 0.119511 0.210342
0 0.251427 0.695605 0.094957 0.172463
0 0.203227 0.678663 0.089227 0.167005
0 0.208339 0.632451 0.152676 0.149937
0 0.151732 0.590213 0.123964 0.178435
0 0.522556 0.666374 0.095770 0.130580
0 0.569841 0.645273 0.118802 0.181459
0 0.640666 0.637384 0.110595 0.184276
0 0.694970 0.624589 0.091727 0.167728
0 0.713749 0.596707 0.080226 0.147097
0 0.731517 0.564592 0.117271 0.165363
0 0.755413 0.503901 0.120620 0.176804
