0 0.425000 0.379732 0.149206 0.247681
0 0.316270 0.387472 0.106349 0.222675
0 0.248413 0.417241 0.089683 0.222675
0 0.206746 0.449392 0.061905 0.177425
0 0.172619 0.445224 0.044444 0.161945
0 0.148016 0.449987 0.053968 0.161945
0 0.119841 0.442247 0.043651 0.132176
0 0.550794 0.366038 0.140476 0.251253
0 0.651984 0.372587 0.093651 0.247681
0 0.718254 0.386876 0.078571 0.245299
0 0.771349 0.421409 0.050000 0.169090
0 0.799603 0.419027 0.041270 0.169090
0 0.830159 0.403071 0.038889 0.145274
0 0.855952 0.397593 0.031746 0.114314
0 0.430159 0.619673 0.099206 0.196478
0 0.359921 0.620864 0.088889 0.191715
0 0.290873 0.641107 0.088889 0.222675
0 0.234127 0.645870 0.069048 0.198859
0 0.198016 0.622054 0.053968 0.155991
0 0.166649 0.613760 0.057973 0.134476
0 0.138312 0.594504 0.046753 0.130065
0 0.132468 0.547009 0.028571 0.075019
0 0.502518 0.620998 0.093548 0.208722
0 0.583266 0.622510 0.089919 0.202067
0 0.656855 0.631585 0.084677 0.226266
0 0.706048 0.624325 0.079032 0.192387
0 0.744960 0.606478 0.065726 0.149433
0 0.775403 0.591958 0.070968 0.125233
0 0.796169 0.584396 0.064919 0.117368
0 0.807258 0.551727 0.077419 0.120998
