0 0.502968 0.767094 0.099418 0.173611
0 0.446581 0.751514 0.078644 0.146902
0 0.413936 0.710337 0.099418 0.175837
0 0.384259 0.615741 0.111289 0.142450
0 0.353098 0.525597 0.108321 0.135773
0 0.339002 0.426549 0.136515 0.178063
0 0.321937 0.315260 0.129095 0.169160
0 0.299564 0.208946 0.099855 0.124251
0 0.575300 0.771480 0.095316 0.142974
0 0.635439 0.734886 0.083969 0.137868
0 0.671750 0.674462 0.090777 0.129357
0 0.695579 0.590210 0.111202 0.120847
0 0.721110 0.507659 0.100989 0.125953
0 0.738131 0.410641 0.119145 0.153186
0 0.743237 0.301709 0.111202 0.170207
