0 0.444457 0.415490 0.202502 0.307546
0 0.330578 0.383638 0.158422 0.236759
0 0.242283 0.395317 0.145377 0.242238
0 0.179164 0.414339 0.111119 0.200862
0 0.121349 0.410651 0.100647 0.195734
0 0.075554 0.420697 0.080791 0.175881
0 0.568046 0.435395 0.181598 0.280234
0 0.661508 0.444093 0.132552 0.255060
0 0.727588 0.464156 0.096989 0.239094
0 0.758519 0.502735 0.066088 0.181127
0 0.777564 0.506809 0.075968 0.195828
0 0.804521 0.514459 0.046040 0.169889
0 0.814866 0.511931 0.032293 0.145453
0 0.447942 0.556016 0.111897 0.136646
0 0.370905 0.530827 0.135629 0.179018
0 0.278250 0.541577 0.173072 0.273780
0 0.204806 0.540169 0.081529 0.159989
0 0.154424 0.532098 0.088139 0.143780
0 0.095449 0.538172 0.103007 0.177290
0 0.521549 0.561314 0.103706 0.132329
0 0.602609 0.571850 0.103211 0.171786
0 0.674600 0.596102 0.115015 0.240145
0 0.717763 0.614902 0.049650 0.112346
0 0.738783 0.618847 0.050465 0.094053
0 0.765371 0.630177 0.065829 0.107003
0 0.792221 0.634941 0.046714 0.088448
