0 0.411208 0.215977 0.063553 0.104969
0 0.364897 0.239877 0.070837 0.120127
0 0.333285 0.289144 0.085491 0.125876
0 0.308674 0.375227 0.090942 0.128587
0 0.290966 0.462407 0.099296 0.130435
0 0.271285 0.583218 0.133922 0.202715
0 0.250253 0.775034 0.113964 0.161876
0 0.460312 0.198071 0.070542 0.116750
0 0.509429 0.206250 0.068647 0.112116
0 0.552457 0.239913 0.085824 0.138192
0 0.597086 0.309164 0.077432 0.127405
0 0.632278 0.400222 0.102434 0.140762
0 0.672208 0.502207 0.133589 0.190400
0 0.715160 0.643058 0.127966 0.168686
