0 0.460616 0.245611 0.102881 0.171200
0 0.405157 0.325183 0.107703 0.147087
0 0.336034 0.361352 0.101273 0.156732
0 0.321566 0.471065 0.123778 0.139853
0 0.308706 0.585600 0.120563 0.142265
0 0.292631 0.707369 0.146283 0.207369
0 0.272537 0.814670 0.141461 0.147087
0 0.555459 0.248023 0.109311 0.147087
0 0.650302 0.262490 0.102881 0.156732
0 0.694509 0.337240 0.098058 0.161555
0 0.715406 0.454186 0.114133 0.144676
0 0.739519 0.560282 0.120563 0.173611
0 0.766847 0.690490 0.162359 0.231481
0 0.786137 0.809848 0.165574 0.195312
