0 0.408692 0.337505 0.044234 0.090189
0 0.374936 0.352179 0.054264 0.089729
0 0.352860 0.394181 0.067770 0.105770
0 0.313839 0.428572 0.072763 0.110765
0 0.315727 0.494697 0.086971 0.103629
0 0.301994 0.577746 0.102844 0.153513
0 0.284888 0.640509 0.091768 0.072610
0 0.443265 0.334501 0.051153 0.089512
0 0.482382 0.329421 0.057250 0.099228
0 0.517455 0.372703 0.072394 0.116545
0 0.557078 0.391627 0.075587 0.117930
0 0.577817 0.464643 0.085415 0.103520
0 0.603467 0.540834 0.101370 0.154571
0 0.631720 0.603942 0.089065 0.078227
