0 0.532803 0.059937 0.138058 0.119874
0 0.456115 0.071036 0.132887 0.142072
0 0.397280 0.121382 0.156131 0.208053
0 0.345102 0.226801 0.164642 0.195783
0 0.289371 0.349217 0.173968 0.201495
0 0.233882 0.491487 0.191162 0.273081
0 0.166164 0.662610 0.193113 0.269973
0 0.106935 0.792138 0.166272 0.231747
0 0.624585 0.083846 0.134934 0.153811
0 0.688118 0.118971 0.119232 0.186960
0 0.724308 0.200181 0.146878 0.214221
0 0.712700 0.345323 0.166088 0.202048
0 0.712617 0.461449 0.162943 0.194205
0 0.689414 0.623052 0.198589 0.267679
0 0.674974 0.807795 0.185792 0.246930
0 0.657187 0.918511 0.163793 0.162978
