0 0.435261 0.906988 0.150243 0.185382
0 0.343709 0.899419 0.104996 0.158339
0 0.285200 0.806559 0.135452 0.179768
0 0.249132 0.676792 0.154688 0.172625
0 0.205852 0.560121 0.135452 0.136910
0 0.179002 0.408925 0.185947 0.277391
0 0.134519 0.267254 0.154688 0.248818
0 0.534189 0.909369 0.142918 0.180620
0 0.616217 0.883942 0.101790 0.189292
0 0.672321 0.774415 0.127438 0.182149
0 0.709591 0.646434 0.147475 0.164292
0 0.734437 0.529763 0.147475 0.152386
0 0.754074 0.364876 0.167512 0.253580
0 0.785733 0.173798 0.144269 0.238104
0 0.797354 0.064270 0.124232 0.121433
