0 0.498895 0.483772 0.144747 0.169828
0 0.434002 0.500843 0.112563 0.154076
0 0.377356 0.502093 0.109336 0.154308
0 0.341160 0.524137 0.091707 0.131491
0 0.307423 0.529560 0.078300 0.121574
0 0.276183 0.528811 0.094119 0.137175
0 0.584054 0.465807 0.126136 0.147661
0 0.646903 0.446751 0.104025 0.144722
0 0.702794 0.425620 0.105626 0.150694
0 0.736296 0.410980 0.077343 0.111985
0 0.762906 0.398187 0.072216 0.124684
0 0.796507 0.389430 0.080135 0.138320
0 0.818161 0.370086 0.061517 0.114994
0 0.532571 0.560360 0.082091 0.091508
0 0.481696 0.574484 0.089033 0.107868
0 0.436434 0.593014 0.088853 0.110378
0 0.386592 0.599967 0.079910 0.108835
0 0.345456 0.610005 0.073232 0.106192
0 0.308775 0.617371 0.075709 0.104298
0 0.264463 0.572370 0.076982 0.117006
0 0.575376 0.536334 0.081493 0.102009
0 0.621952 0.527301 0.068824 0.084968
0 0.671109 0.524224 0.085291 0.103453
0 0.720655 0.513410 0.090789 0.116014
0 0.754377 0.491325 0.069811 0.112526
0 0.788691 0.476960 0.081288 0.109204
0 0.814233 0.441802 0.046868 0.060321
