0 0.312554 0.844575 0.140881 0.215582
0 0.243766 0.813238 0.132706 0.163969
0 0.204942 0.744562 0.145435 0.186569
0 0.184548 0.612669 0.170870 0.188311
0 0.179798 0.495880 0.151621 0.172683
0 0.179555 0.381007 0.149422 0.178052
0 0.180584 0.230262 0.172935 0.244674
0 0.418413 0.884789 0.147556 0.190336
0 0.497926 0.866119 0.122060 0.149703
0 0.573316 0.820342 0.172542 0.198868
0 0.642808 0.733348 0.144026 0.168049
0 0.693035 0.606028 0.137839 0.181936
0 0.198504 0.091812 0.103456 0.104443
0 0.766818 0.433738 0.173639 0.253935
0 0.819635 0.312840 0.132434 0.195946
