0 0.429984 0.157600 0.059299 0.108239
0 0.390332 0.184928 0.074303 0.111454
0 0.333891 0.200467 0.072874 0.133959
0 0.295668 0.288344 0.089306 0.118956
0 0.271019 0.377829 0.101452 0.152178
0 0.243513 0.501072 0.116455 0.186471
0 0.232796 0.786137 0.112168 0.162894
0 0.477852 0.147955 0.065015 0.116812
0 0.512503 0.175283 0.064300 0.113597
0 0.568944 0.179034 0.067158 0.133959
0 0.612168 0.262624 0.086448 0.125386
0 0.649677 0.341392 0.101452 0.139318
0 0.677898 0.457133 0.133602 0.190758
0 0.702546 0.600737 0.107167 0.173611
0 0.721836 0.753451 0.100023 0.157536
