0 0.431105 0.428405 0.165870 0.277738
0 0.355115 0.467002 0.132065 0.243633
0 0.281642 0.502835 0.117176 0.245734
0 0.227886 0.499115 0.086408 0.214392
0 0.199708 0.528314 0.076601 0.206029
0 0.155966 0.492931 0.082326 0.221296
0 0.116207 0.492112 0.079474 0.174557
0 0.538928 0.412075 0.151201 0.268864
0 0.621228 0.393429 0.123511 0.253733
0 0.687161 0.392746 0.116476 0.265214
0 0.741645 0.430124 0.102286 0.247836
0 0.790605 0.434973 0.097080 0.237512
0 0.827224 0.409260 0.095053 0.192081
0 0.486585 0.587493 0.111975 0.215858
0 0.419947 0.599494 0.112325 0.206118
0 0.363685 0.635393 0.119005 0.223929
0 0.303826 0.650430 0.095137 0.199423
0 0.263999 0.658989 0.057436 0.128245
0 0.217878 0.661463 0.104535 0.148197
0 0.554183 0.577265 0.117836 0.212807
0 0.628017 0.568255 0.124256 0.228147
0 0.689503 0.558669 0.090090 0.242887
0 0.154407 0.615220 0.093072 0.141728
