0 0.480467 0.175054 0.061756 0.099762
0 0.423257 0.196418 0.069656 0.081396
0 0.375926 0.218228 0.085837 0.160626
0 0.341564 0.299674 0.079542 0.129677
0 0.349965 0.380374 0.114753 0.121657
0 0.333348 0.465213 0.125203 0.155145
0 0.318103 0.581504 0.127063 0.167513
0 0.308562 0.671157 0.113672 0.106836
0 0.530620 0.173561 0.074504 0.076547
0 0.579442 0.189989 0.081772 0.116147
0 0.643920 0.207995 0.080451 0.134627
0 0.683736 0.250501 0.075297 0.169077
0 0.698877 0.340340 0.068852 0.129491
0 0.719991 0.442419 0.121350 0.169881
0 0.784326 0.617183 0.083805 0.138387
