0 0.382353 0.460139 0.150957 0.234911
0 0.237775 0.432503 0.132530 0.217904
0 0.159461 0.419216 0.086463 0.176449
0 0.107016 0.363943 0.082211 0.163694
0 0.520553 0.464923 0.155209 0.206212
0 0.710843 0.417090 0.144578 0.278492
0 0.815734 0.414964 0.116230 0.231723
0 0.873848 0.435692 0.059532 0.141372
0 0.931609 0.347998 0.122608 0.199834
0 0.374557 0.673792 0.095677 0.154127
0 0.292346 0.673260 0.102764 0.161568
0 0.236003 0.667946 0.096386 0.191331
0 0.200567 0.648813 0.106308 0.176449
0 0.184266 0.595134 0.114812 0.143498
0 0.144933 0.578658 0.160879 0.191331
0 0.126860 0.501063 0.107725 0.108421
0 0.459603 0.674855 0.087172 0.171135
0 0.551028 0.653596 0.092842 0.171135
0 0.642452 0.642435 0.112686 0.191331
0 0.701984 0.602043 0.124026 0.165820
0 0.771793 0.586099 0.080794 0.155190
0 0.860737 0.497874 0.167966 0.199834
