0 0.412343 0.314032 0.124818 0.166803
0 0.319581 0.319138 0.099287 0.159995
0 0.244973 0.304245 0.085103 0.147229
0 0.196464 0.319138 0.053899 0.149782
0 0.174621 0.325521 0.044254 0.143825
0 0.152474 0.325367 0.042274 0.126207
0 0.131747 0.309668 0.032013 0.075108
0 0.517536 0.302504 0.125678 0.180626
0 0.603757 0.295928 0.101712 0.176242
0 0.670396 0.292859 0.084175 0.199916
0 0.714237 0.328371 0.049102 0.151691
0 0.750433 0.306337 0.058547 0.153813
0 0.783599 0.289078 0.035534 0.136554
0 0.435800 0.659596 0.091628 0.143772
0 0.373409 0.647389 0.106698 0.166377
0 0.307099 0.656431 0.087408 0.188079
0 0.247721 0.638798 0.068721 0.154622
0 0.204921 0.616645 0.063899 0.150101
0 0.215764 0.574149 0.127886 0.124850
0 0.168431 0.527263 0.096093 0.156464
0 0.504823 0.647087 0.075231 0.113812
0 0.551762 0.633584 0.090664 0.160108
0 0.618956 0.635513 0.082305 0.163966
0 0.671361 0.630691 0.066229 0.150463
0 0.692563 0.607111 0.057870 0.131985
0 0.713376 0.579445 0.091374 0.144676
0 0.743665 0.525889 0.093066 0.155336
