0 0.413374 0.177747 0.076708 0.104553
0 0.358328 0.178369 0.096082 0.129622
0 0.299256 0.212015 0.108572 0.166802
0 0.273192 0.310410 0.113773 0.153325
0 0.282077 0.407897 0.116641 0.148279
0 0.266580 0.512137 0.149691 0.204116
0 0.249371 0.642094 0.155428 0.194024
0 0.449676 0.148864 0.078137 0.113580
0 0.501859 0.142334 0.094718 0.134907
0 0.548889 0.169007 0.106955 0.179746
0 0.607905 0.234842 0.112767 0.160866
0 0.644812 0.316902 0.114271 0.161104
0 0.712744 0.395205 0.142487 0.209575
0 0.755830 0.526023 0.140925 0.171926
