0 0.424268 0.240655 0.049297 0.066444
0 0.382830 0.249764 0.057870 0.086806
0 0.344607 0.281379 0.057156 0.107167
0 0.322102 0.342464 0.063586 0.105024
0 0.302812 0.408908 0.070730 0.107167
0 0.288523 0.489283 0.103595 0.160751
0 0.252801 0.581447 0.095022 0.152178
0 0.467135 0.240655 0.046439 0.068587
0 0.507502 0.257802 0.052869 0.077160
0 0.548225 0.276556 0.057156 0.093236
0 0.581447 0.330676 0.065015 0.109311
0 0.598594 0.393368 0.082162 0.116812
0 0.616812 0.476959 0.090021 0.146819
0 0.632888 0.577696 0.095022 0.144676
0 0.662180 0.668789 0.069302 0.108239
