0 0.489168 0.704351 0.135933 0.163641
0 0.465249 0.621144 0.133978 0.194879
0 0.387003 0.649459 0.140300 0.171961
0 0.366669 0.506942 0.143085 0.198456
0 0.314874 0.413271 0.148571 0.167590
0 0.262943 0.292826 0.192237 0.250787
0 0.238609 0.180196 0.143179 0.182744
0 0.608529 0.710557 0.145686 0.206590
0 0.664477 0.648422 0.117069 0.166899
0 0.721355 0.578153 0.136952 0.189951
0 0.728757 0.444776 0.143179 0.182744
0 0.754743 0.326857 0.143085 0.198456
0 0.786769 0.206964 0.174397 0.230570
0 0.792891 0.077969 0.169996 0.155937
