0 0.456933 0.653841 0.122056 0.156639
0 0.383792 0.642386 0.110283 0.139308
0 0.326841 0.595609 0.131140 0.166958
0 0.291174 0.516088 0.142343 0.164575
0 0.257403 0.438553 0.145788 0.134672
0 0.238428 0.357249 0.141946 0.162325
0 0.206438 0.292203 0.135483 0.130131
0 0.529060 0.654265 0.118352 0.140095
0 0.592276 0.606688 0.096999 0.112721
0 0.618800 0.550506 0.105021 0.144827
0 0.633851 0.453008 0.114506 0.140597
0 0.633826 0.374498 0.123655 0.143391
0 0.620772 0.283840 0.128764 0.167901
0 0.614131 0.193935 0.120292 0.110926
