0 0.520266 0.229371 0.082834 0.129357
0 0.464098 0.263412 0.065813 0.119145
0 0.407929 0.301709 0.080565 0.134464
0 0.382398 0.376600 0.097585 0.117443
0 0.352896 0.450640 0.099855 0.115741
0 0.321691 0.542552 0.128223 0.183824
0 0.296727 0.636166 0.121414 0.153186
0 0.579838 0.250647 0.090777 0.151484
0 0.632603 0.311921 0.073756 0.110635
0 0.679126 0.372345 0.078295 0.125953
0 0.691608 0.456597 0.103259 0.127655
0 0.707494 0.548509 0.103259 0.117443
0 0.716571 0.654888 0.130492 0.163399
0 0.726216 0.748502 0.118010 0.132761
