0 0.505809 0.281172 0.094368 0.115639
0 0.454197 0.287640 0.101956 0.126354
0 0.398712 0.318194 0.086573 0.125360
0 0.355885 0.388806 0.084259 0.118041
0 0.332000 0.464066 0.098525 0.124487
0 0.296410 0.545558 0.116993 0.161411
0 0.271984 0.619458 0.102129 0.109323
0 0.555918 0.283727 0.087621 0.126721
0 0.604973 0.301005 0.098203 0.130108
0 0.634628 0.335333 0.099757 0.133852
0 0.667621 0.416456 0.091985 0.115132
0 0.657622 0.492799 0.105284 0.138440
0 0.669320 0.586210 0.109337 0.157508
0 0.668823 0.691055 0.092254 0.119345
