0 0.634834 0.616062 0.106713 0.177886
0 0.571421 0.617992 0.108210 0.196252
0 0.485322 0.606896 0.142325 0.233398
0 0.397178 0.607763 0.132789 0.217453
0 0.323904 0.634329 0.108858 0.207696
0 0.233462 0.641920 0.165509 0.212379
0 0.152150 0.650733 0.100599 0.158952
0 0.690178 0.621565 0.095111 0.182143
0 0.732686 0.627472 0.089745 0.193985
0 0.766761 0.631487 0.105700 0.200490
0 0.802618 0.634111 0.057473 0.171840
0 0.617905 0.455926 0.161354 0.283464
0 0.516378 0.443211 0.150158 0.278680
0 0.417928 0.452371 0.145319 0.270131
0 0.332587 0.479247 0.141595 0.258309
0 0.260822 0.486301 0.138903 0.236387
0 0.169377 0.501629 0.165973 0.240847
0 0.712093 0.450218 0.151191 0.268579
0 0.778461 0.459637 0.108997 0.252034
0 0.815513 0.465629 0.100212 0.223681
0 0.838926 0.497305 0.079944 0.231420
