0 0.394473 0.117557 0.144780 0.229785
0 0.308868 0.160828 0.150665 0.210390
0 0.244937 0.256277 0.159060 0.238936
0 0.201795 0.398687 0.182606 0.238467
0 0.189668 0.558279 0.161718 0.240432
0 0.181094 0.768265 0.210945 0.292777
0 0.140292 0.937427 0.143378 0.117469
0 0.488847 0.108769 0.138281 0.217539
0 0.567056 0.154285 0.137408 0.261060
0 0.660796 0.194221 0.142570 0.252663
0 0.729405 0.342899 0.162078 0.225294
0 0.770823 0.513211 0.173183 0.217416
0 0.805076 0.709181 0.218697 0.294719
0 0.867572 0.890646 0.185216 0.172011
