0 0.428417 0.402660 0.122581 0.221754
0 0.345555 0.396385 0.093982 0.170209
0 0.303484 0.390586 0.061044 0.187441
0 0.283140 0.404602 0.055693 0.152922
0 0.260225 0.384808 0.042028 0.140812
0 0.239738 0.367943 0.047300 0.125472
0 0.220865 0.352830 0.031554 0.084835
0 0.523017 0.423577 0.129752 0.179144
0 0.586651 0.417121 0.089481 0.184376
0 0.649754 0.402954 0.061148 0.193378
0 0.679284 0.416098 0.047756 0.151596
0 0.704950 0.412087 0.037299 0.141917
0 0.719627 0.417918 0.014844 0.071114
0 0.441928 0.571439 0.071677 0.149119
0 0.385735 0.575546 0.071641 0.147035
0 0.337632 0.575604 0.061726 0.155714
0 0.294813 0.550042 0.065302 0.121933
0 0.263445 0.503962 0.078560 0.125809
0 0.238970 0.454897 0.058348 0.121291
0 0.500356 0.575890 0.070079 0.137116
0 0.551623 0.588019 0.071559 0.142348
0 0.604544 0.605330 0.071757 0.173591
0 0.640889 0.588285 0.070874 0.142857
0 0.666827 0.562044 0.076129 0.125767
0 0.694986 0.533680 0.073471 0.112704
0 0.709224 0.496445 0.043676 0.082661
