0 0.455385 0.396348 0.114909 0.200581
0 0.377147 0.381909 0.097681 0.213914
0 0.322731 0.378262 0.089079 0.230863
0 0.282776 0.392073 0.063940 0.153620
0 0.244792 0.388492 0.070119 0.150780
0 0.215172 0.397278 0.059687 0.132834
0 0.535885 0.387843 0.098050 0.180716
0 0.602950 0.379429 0.087227 0.175403
0 0.656632 0.359975 0.079373 0.206627
0 0.698287 0.354206 0.051667 0.160885
0 0.726196 0.347716 0.053283 0.151479
0 0.750736 0.334688 0.050111 0.151313
0 0.429132 0.628132 0.063396 0.145172
0 0.374506 0.645792 0.081232 0.186927
0 0.334037 0.628279 0.066768 0.157595
0 0.301386 0.611689 0.075514 0.142746
0 0.266433 0.612936 0.093466 0.147769
0 0.233705 0.571715 0.092263 0.150767
0 0.474409 0.632215 0.072090 0.168283
0 0.518698 0.619540 0.069979 0.150999
0 0.568962 0.625809 0.080848 0.185915
0 0.613839 0.607712 0.083320 0.152602
0 0.646043 0.594404 0.086872 0.128383
0 0.675066 0.578202 0.111150 0.143214
0 0.698495 0.535805 0.114965 0.147029
