0 0.475421 0.416261 0.114656 0.173922
0 0.412250 0.421088 0.094435 0.178100
0 0.376550 0.432149 0.073089 0.161048
0 0.346736 0.438784 0.060626 0.143978
0 0.328307 0.442814 0.045336 0.109909
0 0.308511 0.423795 0.046028 0.115545
0 0.558704 0.424770 0.115149 0.183973
0 0.625913 0.439887 0.089906 0.165333
0 0.674654 0.462460 0.077263 0.164891
0 0.714590 0.475943 0.066917 0.146970
0 0.738660 0.494343 0.047827 0.130196
0 0.767019 0.477805 0.048006 0.113567
0 0.533665 0.600734 0.077065 0.169307
0 0.580741 0.593358 0.086977 0.171634
0 0.639788 0.603468 0.090833 0.190978
0 0.686715 0.581774 0.074099 0.151182
0 0.714124 0.560543 0.039344 0.079203
0 0.746639 0.553667 0.051590 0.088477
0 0.484015 0.591778 0.080409 0.166387
0 0.434819 0.576013 0.087788 0.166183
0 0.384349 0.567528 0.075165 0.177954
0 0.346509 0.546294 0.071152 0.145270
0 0.318648 0.502832 0.050345 0.078334
