0 0.482092 0.114180 0.099724 0.147539
0 0.430611 0.138873 0.099837 0.148621
0 0.363597 0.179448 0.119092 0.168848
0 0.305669 0.282828 0.128019 0.165503
0 0.262898 0.398200 0.148489 0.183716
0 0.191485 0.629882 0.175449 0.243300
0 0.152274 0.808573 0.164435 0.233576
0 0.545658 0.130713 0.090342 0.146553
0 0.603673 0.113276 0.096001 0.146077
0 0.675177 0.130643 0.114648 0.167310
0 0.692703 0.248521 0.127255 0.192192
0 0.752120 0.346172 0.132271 0.178799
0 0.779753 0.485911 0.181716 0.241817
0 0.828770 0.633919 0.172299 0.226907
0 0.824977 0.815785 0.138610 0.205164
