0 0.452173 0.392839 0.127846 0.234312
0 0.383064 0.405479 0.087023 0.177432
0 0.337264 0.418656 0.075984 0.141212
0 0.308484 0.439005 0.060154 0.140717
0 0.266745 0.441692 0.076307 0.150775
0 0.532896 0.386401 0.127718 0.214332
0 0.610510 0.387395 0.099075 0.213311
0 0.669344 0.397480 0.090023 0.212359
0 0.715014 0.437420 0.086286 0.182129
0 0.754075 0.468903 0.079080 0.161479
0 0.781612 0.491429 0.120238 0.169784
0 0.448913 0.537074 0.085117 0.186979
0 0.395995 0.545178 0.092223 0.190709
0 0.337580 0.547250 0.085154 0.182010
0 0.303472 0.557444 0.077270 0.176208
0 0.272727 0.556100 0.042316 0.125788
0 0.223743 0.536336 0.103725 0.167053
0 0.500949 0.526012 0.088692 0.178403
0 0.556234 0.526811 0.087100 0.179230
0 0.616129 0.538818 0.084557 0.171006
0 0.661304 0.530511 0.083737 0.189817
0 0.708167 0.546430 0.077911 0.166329
