0 0.377034 0.777304 0.089436 0.131524
0 0.314341 0.753630 0.074530 0.126263
0 0.268308 0.713515 0.085929 0.124947
0 0.245511 0.618161 0.089436 0.113110
0 0.217014 0.537931 0.099081 0.121002
0 0.193340 0.412984 0.111357 0.173611
0 0.163966 0.293955 0.119248 0.182818
0 0.461648 0.774016 0.092066 0.122317
0 0.524779 0.748369 0.076284 0.118371
0 0.569497 0.697075 0.078037 0.126263
0 0.606762 0.596459 0.094697 0.124947
0 0.626929 0.521491 0.091190 0.122317
0 0.638328 0.420875 0.106973 0.165720
0 0.655426 0.290009 0.085052 0.148622
