0 0.474340 0.395056 0.159012 0.246167
0 0.381752 0.400174 0.113486 0.210741
0 0.314554 0.406917 0.110932 0.209398
0 0.251655 0.380848 0.076983 0.194428
0 0.216207 0.385227 0.067123 0.175285
0 0.189149 0.378006 0.054665 0.153546
0 0.159342 0.352037 0.063737 0.150103
0 0.587196 0.394256 0.145669 0.246954
0 0.671459 0.372470 0.107581 0.233092
0 0.734253 0.371533 0.102386 0.227898
0 0.780422 0.374318 0.059457 0.195069
0 0.813602 0.376928 0.044884 0.184534
0 0.831463 0.348666 0.038860 0.131690
0 0.847629 0.319836 0.037016 0.102802
0 0.499682 0.616282 0.101282 0.181073
0 0.434898 0.614737 0.102145 0.205788
0 0.374018 0.606870 0.096275 0.200836
0 0.316008 0.599379 0.093872 0.204549
0 0.266205 0.581608 0.063053 0.174042
0 0.223559 0.559780 0.062290 0.152179
0 0.212393 0.503543 0.073237 0.121232
0 0.560614 0.607492 0.100914 0.188656
0 0.621147 0.596337 0.099408 0.218034
0 0.693753 0.603794 0.090368 0.212971
0 0.734155 0.579542 0.073291 0.195286
0 0.776391 0.562364 0.060883 0.184409
0 0.808071 0.533658 0.080133 0.173689
0 0.825146 0.468346 0.059495 0.108410
