0 0.515156 0.444110 0.111395 0.204079
0 0.445560 0.443992 0.078511 0.159466
0 0.393958 0.418425 0.070266 0.164766
0 0.333582 0.427853 0.090940 0.157984
0 0.279208 0.419303 0.078880 0.175947
0 0.603431 0.425951 0.120339 0.219985
0 0.674567 0.460599 0.093092 0.166362
0 0.729958 0.482870 0.085799 0.174080
0 0.768633 0.501004 0.064062 0.120843
0 0.757354 0.543539 0.114218 0.177243
0 0.824499 0.510845 0.067657 0.161058
0 0.536996 0.674717 0.081825 0.162048
0 0.585738 0.695930 0.080873 0.159631
0 0.633302 0.728336 0.078963 0.177128
0 0.684034 0.755028 0.083234 0.159796
0 0.748487 0.726895 0.132535 0.147964
0 0.786395 0.642899 0.124703 0.159170
0 0.486704 0.670013 0.086625 0.185892
0 0.445354 0.639229 0.081072 0.196082
0 0.401893 0.616012 0.086377 0.182348
0 0.335985 0.619712 0.093092 0.166362
