0 0.382737 0.099568 0.122753 0.155587
0 0.317553 0.110210 0.148648 0.176596
0 0.259539 0.167023 0.138963 0.188071
0 0.219778 0.269312 0.148515 0.198510
0 0.191797 0.366123 0.166918 0.212768
0 0.169188 0.451560 0.150368 0.185017
0 0.165807 0.576410 0.203010 0.259424
0 0.173307 0.768748 0.225179 0.286806
0 0.457189 0.095402 0.131487 0.170577
0 0.532687 0.096062 0.134195 0.180683
0 0.604490 0.150321 0.145567 0.193111
0 0.672968 0.244156 0.179476 0.219617
0 0.745512 0.357017 0.185243 0.214462
0 0.816140 0.478129 0.234230 0.290571
0 0.899633 0.649177 0.200123 0.259991
