0 0.474284 0.876736 0.079427 0.177083
0 0.439779 0.849537 0.083333 0.185185
0 0.365560 0.807870 0.091146 0.219907
0 0.310872 0.721065 0.104167 0.182870
0 0.276693 0.583912 0.125651 0.197917
0 0.235026 0.428819 0.138672 0.267361
0 0.195638 0.229745 0.139323 0.248843
0 0.538737 0.877315 0.080729 0.173611
0 0.564779 0.825810 0.085938 0.163194
0 0.624349 0.806134 0.098307 0.179398
0 0.676432 0.708333 0.104818 0.196759
0 0.714844 0.580440 0.120443 0.195602
0 0.749674 0.405093 0.126302 0.277778
0 0.793945 0.219907 0.138021 0.263889
