0 0.482317 0.756800 0.072338 0.137442
0 0.432485 0.727865 0.062693 0.098862
0 0.389082 0.679639 0.078768 0.118152
0 0.367380 0.609713 0.090021 0.103684
0 0.343268 0.533758 0.090021 0.106096
0 0.330408 0.431279 0.112526 0.137442
0 0.328800 0.334828 0.106096 0.113329
0 0.544207 0.765239 0.077160 0.120563
0 0.581179 0.704958 0.061085 0.110918
0 0.631012 0.698929 0.073945 0.108507
0 0.644676 0.613329 0.081983 0.115741
0 0.660751 0.536169 0.078768 0.101273
0 0.676826 0.439718 0.101273 0.149498
0 0.688882 0.330006 0.102881 0.122975
