0 0.451564 0.468882 0.075407 0.119686
0 0.395448 0.460990 0.054363 0.117056
0 0.352045 0.455729 0.049979 0.114426
0 0.324863 0.462305 0.041211 0.106534
0 0.300751 0.457044 0.035073 0.085490
0 0.274884 0.447180 0.042964 0.073653
0 0.247703 0.443892 0.035950 0.059186
0 0.521272 0.474142 0.069269 0.109165
0 0.576512 0.460990 0.062254 0.096012
0 0.618599 0.449153 0.046472 0.096012
0 0.650603 0.455072 0.035073 0.089436
0 0.670770 0.453099 0.024551 0.072338
0 0.690499 0.445865 0.032442 0.060501
0 0.504612 0.574100 0.044718 0.090751
0 0.546261 0.571470 0.050856 0.098643
0 0.586157 0.560948 0.046472 0.082860
0 0.619038 0.551741 0.047348 0.077599
0 0.629998 0.544508 0.056994 0.068392
0 0.652681 0.530331 0.062027 0.061816
0 0.672296 0.501927 0.068392 0.075297
0 0.470128 0.573991 0.039683 0.080192
0 0.430996 0.565724 0.047399 0.083499
0 0.389936 0.559110 0.044643 0.070271
0 0.353009 0.547536 0.039131 0.052083
0 0.331515 0.547950 0.040234 0.049603
0 0.317185 0.534309 0.075507 0.070271
0 0.301477 0.503643 0.059524 0.054563
