0 0.385513 0.537823 0.151723 0.222900
0 0.282410 0.546866 0.121269 0.192441
0 0.207365 0.542434 0.100091 0.165904
0 0.160151 0.568133 0.084349 0.153220
0 0.130550 0.589996 0.068983 0.143207
0 0.096547 0.619285 0.089228 0.187938
0 0.056727 0.607179 0.077980 0.157560
0 0.494109 0.527481 0.137193 0.181590
0 0.576858 0.487709 0.117212 0.204960
0 0.647870 0.467744 0.109341 0.198618
0 0.697590 0.477096 0.077358 0.169690
0 0.739721 0.488423 0.066928 0.169969
0 0.780472 0.472710 0.092485 0.227664
0 0.814353 0.459778 0.065055 0.173196
0 0.579020 0.808764 0.112409 0.228719
0 0.648942 0.802568 0.116598 0.250250
0 0.701681 0.768830 0.097532 0.172525
0 0.760798 0.763245 0.092220 0.159562
0 0.809227 0.724666 0.094286 0.182540
0 0.827598 0.618596 0.070981 0.140870
0 0.334877 0.853970 0.141761 0.222372
0 0.254518 0.828952 0.094093 0.156334
0 0.203837 0.851507 0.093156 0.157948
