0 0.485891 0.352368 0.286725 0.380320
0 0.350193 0.311984 0.222436 0.338844
0 0.254505 0.280921 0.200566 0.316042
0 0.174920 0.309549 0.162383 0.255628
0 0.113393 0.313703 0.141162 0.247748
0 0.069904 0.337451 0.122891 0.225732
0 0.037999 0.324006 0.045775 0.116835
0 0.631162 0.366481 0.271129 0.377051
0 0.759059 0.383702 0.219923 0.357468
0 0.854786 0.457748 0.214724 0.343903
0 0.914549 0.508931 0.129176 0.244870
0 0.951440 0.527827 0.097121 0.217713
0 0.960000 0.565389 0.049486 0.103426
0 0.974136 0.531386 0.051728 0.155998
0 0.456126 0.693246 0.180657 0.323512
0 0.543145 0.718381 0.169042 0.288518
0 0.622415 0.727338 0.185508 0.329059
0 0.714373 0.769424 0.191763 0.305461
0 0.781749 0.794575 0.153808 0.248285
0 0.824315 0.773917 0.127624 0.224406
0 0.859429 0.801534 0.113517 0.216669
0 0.890364 0.755536 0.141068 0.193037
0 0.361698 0.672591 0.204242 0.337200
0 0.264840 0.658169 0.208131 0.355346
0 0.182041 0.632121 0.190696 0.310920
0 0.117687 0.636070 0.085450 0.123410
