0 0.411769 0.266504 0.169924 0.367472
0 0.304059 0.257864 0.156931 0.365600
0 0.222277 0.242798 0.116959 0.353975
0 0.157880 0.228044 0.091199 0.315696
0 0.122961 0.217230 0.069702 0.268111
0 0.092967 0.197092 0.055191 0.211362
0 0.072899 0.182865 0.033904 0.103033
0 0.540290 0.288212 0.166780 0.385176
0 0.660449 0.274146 0.145863 0.374550
0 0.758752 0.286485 0.137712 0.400330
0 0.824014 0.304279 0.095846 0.326661
0 0.871925 0.314576 0.078683 0.284068
0 0.913912 0.301205 0.069319 0.247840
0 0.945455 0.317830 0.027036 0.101482
0 0.495623 0.736848 0.122536 0.369754
0 0.570779 0.761150 0.127856 0.367650
0 0.660279 0.752664 0.130398 0.377313
0 0.733047 0.737912 0.118843 0.299276
0 0.792857 0.716491 0.106514 0.271231
0 0.838985 0.650128 0.135699 0.245362
0 0.882508 0.561880 0.106270 0.175918
0 0.415513 0.707229 0.128674 0.334338
0 0.332714 0.714666 0.114922 0.355457
0 0.255317 0.707268 0.126433 0.389294
0 0.179619 0.662245 0.102881 0.342482
0 0.135273 0.600247 0.097711 0.274793
0 0.088157 0.549562 0.080046 0.257725
0 0.075677 0.434811 0.060815 0.179803
