0 0.458057 0.414206 0.132306 0.194194
0 0.398695 0.440578 0.096480 0.159265
0 0.346826 0.438447 0.101069 0.184276
0 0.321818 0.453929 0.049281 0.115362
0 0.296637 0.432969 0.057947 0.115019
0 0.273126 0.423615 0.052043 0.094098
0 0.245828 0.398322 0.045245 0.086097
0 0.533093 0.394071 0.122214 0.184401
0 0.588239 0.398495 0.078065 0.141147
0 0.631321 0.404287 0.077768 0.170583
0 0.650609 0.390022 0.036513 0.092982
0 0.663962 0.400339 0.042062 0.098532
0 0.673660 0.380338 0.046428 0.095089
0 0.693324 0.352837 0.044239 0.084791
0 0.528750 0.563028 0.086653 0.123306
0 0.584488 0.572110 0.094469 0.156652
0 0.634103 0.612393 0.097841 0.175942
0 0.660371 0.584086 0.068492 0.130371
0 0.670898 0.556733 0.065916 0.107972
0 0.672760 0.533614 0.115911 0.127340
0 0.688377 0.490827 0.107311 0.121141
0 0.686949 0.439106 0.082374 0.092897
0 0.479590 0.569890 0.079434 0.106475
0 0.455783 0.634150 0.099243 0.138000
0 0.412662 0.618799 0.100813 0.159093
0 0.378612 0.610489 0.084509 0.133776
0 0.339742 0.602007 0.098579 0.128026
0 0.298019 0.572604 0.094766 0.127215
0 0.270268 0.541428 0.080407 0.111052
