0 0.491898 0.344907 0.132716 0.245370
0 0.387346 0.328704 0.102623 0.233796
0 0.317130 0.333333 0.099537 0.229167
0 0.278935 0.369213 0.084877 0.182870
0 0.230477 0.353516 0.063095 0.147690
0 0.255795 0.416606 0.123376 0.092834
0 0.182653 0.342364 0.058272 0.159144
0 0.597097 0.358998 0.130993 0.210621
0 0.682108 0.351933 0.086581 0.239556
0 0.734371 0.369765 0.053833 0.232154
0 0.762857 0.401392 0.039029 0.183705
0 0.786633 0.413504 0.042618 0.166209
0 0.817812 0.412495 0.043964 0.161499
0 0.499217 0.559189 0.078058 0.230136
0 0.426850 0.568274 0.082992 0.240229
0 0.364269 0.546068 0.080749 0.214659
0 0.306175 0.507712 0.069534 0.172938
0 0.245388 0.523525 0.077160 0.152078
0 0.189201 0.489498 0.078506 0.160153
0 0.563002 0.572648 0.086133 0.244940
0 0.628499 0.591153 0.078955 0.248304
0 0.691080 0.587115 0.082095 0.230809
0 0.727417 0.558853 0.061459 0.163517
0 0.763081 0.571302 0.078058 0.156115
0 0.789712 0.549082 0.075538 0.133859
