0 0.447943 0.393389 0.116331 0.202912
0 0.361153 0.394639 0.100981 0.202108
0 0.297880 0.383112 0.089647 0.222289
0 0.244808 0.391391 0.070068 0.210328
0 0.211024 0.376120 0.067859 0.195998
0 0.553221 0.381275 0.132141 0.212488
0 0.638048 0.384525 0.103487 0.180371
0 0.701950 0.380077 0.080515 0.201035
0 0.743055 0.381221 0.065436 0.191498
0 0.770228 0.368253 0.049100 0.213603
0 0.787311 0.358562 0.053141 0.207254
0 0.550029 0.593085 0.086116 0.182741
0 0.603602 0.580382 0.080696 0.162775
0 0.661450 0.593292 0.081361 0.203266
0 0.709241 0.589138 0.073920 0.186475
0 0.744397 0.574652 0.051672 0.151413
0 0.760109 0.545793 0.075506 0.147195
0 0.764882 0.490021 0.077577 0.089352
0 0.489380 0.589666 0.083464 0.173854
0 0.432924 0.589327 0.086388 0.174007
0 0.367763 0.597689 0.090822 0.216883
0 0.320214 0.592485 0.103988 0.176023
0 0.269347 0.586905 0.081970 0.145347
0 0.237970 0.561613 0.113959 0.143743
0 0.207966 0.506564 0.069898 0.109725
