0 0.409464 0.763806 0.123906 0.173211
0 0.334019 0.712258 0.136010 0.223777
0 0.268103 0.647445 0.114850 0.224149
0 0.236058 0.553542 0.164490 0.225949
0 0.226693 0.418698 0.170620 0.175563
0 0.230637 0.213278 0.117239 0.150611
0 0.253200 0.124548 0.082842 0.094590
0 0.494808 0.774954 0.116233 0.157143
0 0.569871 0.765358 0.127148 0.154780
0 0.643650 0.695048 0.152560 0.226994
0 0.703968 0.628773 0.154127 0.219450
0 0.763663 0.515214 0.176183 0.215888
0 0.830683 0.345032 0.166996 0.156919
0 0.850793 0.235266 0.167312 0.139041
