0 0.452889 0.444008 0.148108 0.239239
0 0.364389 0.446638 0.109835 0.206254
0 0.307873 0.426203 0.122542 0.252863
0 0.248540 0.434574 0.099534 0.213370
0 0.214381 0.446035 0.079324 0.190983
0 0.170583 0.415824 0.097576 0.157604
0 0.562523 0.450991 0.155909 0.240197
0 0.652703 0.487438 0.102633 0.176035
0 0.721012 0.470451 0.119631 0.246219
0 0.778918 0.508873 0.118774 0.193732
0 0.806360 0.546254 0.075687 0.132916
0 0.866112 0.496365 0.089683 0.138825
0 0.907185 0.496010 0.050457 0.115151
0 0.509913 0.656697 0.092220 0.153804
0 0.583698 0.642003 0.086808 0.155234
0 0.652483 0.650449 0.114539 0.164925
0 0.712217 0.632949 0.081360 0.133612
0 0.746395 0.630128 0.057754 0.123380
0 0.802788 0.604660 0.127546 0.157093
0 0.436079 0.639534 0.080632 0.121999
0 0.367042 0.627278 0.088377 0.128188
0 0.314819 0.624645 0.099516 0.162033
0 0.261103 0.607792 0.084606 0.148678
0 0.228138 0.577291 0.069212 0.114311
0 0.180206 0.571946 0.096027 0.156366
0 0.167973 0.519157 0.082051 0.122173
