0 0.487904 0.349935 0.116880 0.185968
0 0.415960 0.348783 0.089213 0.198300
0 0.359336 0.339836 0.083836 0.194632
0 0.570370 0.348498 0.107555 0.188608
0 0.635081 0.358010 0.084535 0.183706
0 0.687873 0.358377 0.081014 0.185655
0 0.727759 0.347866 0.053562 0.106910
0 0.726818 0.377170 0.128010 0.240523
0 0.787822 0.418563 0.061520 0.157951
0 0.577321 0.539608 0.074629 0.188501
0 0.618583 0.535844 0.080782 0.182346
0 0.665658 0.575709 0.067514 0.170443
0 0.529893 0.562891 0.076644 0.175472
0 0.485666 0.540403 0.077029 0.180986
0 0.449332 0.521238 0.074397 0.185192
0 0.399336 0.565398 0.064398 0.094498
0 0.379668 0.508609 0.094019 0.162419
0 0.330999 0.517951 0.081717 0.153876
0 0.308645 0.473165 0.110932 0.142749
