0 0.457264 0.394571 0.078037 0.157828
0 0.399393 0.399174 0.053486 0.135469
0 0.361251 0.388652 0.045595 0.124947
0 0.334070 0.384706 0.036827 0.109165
0 0.317849 0.399174 0.034196 0.085490
0 0.303381 0.392598 0.040334 0.080229
0 0.281022 0.388652 0.037703 0.096012
0 0.532645 0.400953 0.075182 0.150611
0 0.588042 0.418759 0.053419 0.112031
0 0.632063 0.419501 0.058365 0.120934
0 0.661765 0.425109 0.044935 0.100082
0 0.673452 0.438725 0.033814 0.071487
0 0.691608 0.440428 0.042438 0.086465
0 0.721451 0.440598 0.032680 0.080678
0 0.487220 0.631149 0.044850 0.120804
0 0.530141 0.647425 0.053530 0.134549
0 0.562934 0.638744 0.043885 0.128762
0 0.602238 0.653573 0.050154 0.112124
0 0.610918 0.637297 0.067515 0.088252
0 0.635272 0.623915 0.079572 0.101997
0 0.664448 0.608001 0.070409 0.086082
0 0.451033 0.632805 0.044516 0.120192
0 0.414926 0.635031 0.043526 0.124644
0 0.379560 0.619079 0.050946 0.109063
0 0.347657 0.629095 0.063311 0.103870
0 0.343024 0.601614 0.067402 0.075912
0 0.329634 0.585444 0.083288 0.076934
0 0.305238 0.563657 0.067629 0.070125
