0 0.379574 0.893259 0.120962 0.167181
0 0.320524 0.838777 0.111909 0.140111
0 0.280649 0.747174 0.097638 0.149341
0 0.264867 0.640564 0.117375 0.157327
0 0.236182 0.531065 0.116950 0.145151
0 0.233256 0.405399 0.136253 0.187173
0 0.206404 0.266707 0.137451 0.175053
0 0.469718 0.895188 0.112420 0.154722
0 0.546569 0.858861 0.087728 0.144131
0 0.599404 0.788782 0.108315 0.176468
0 0.637450 0.676737 0.127371 0.164973
0 0.668021 0.569308 0.118658 0.147643
0 0.703845 0.451090 0.134970 0.196857
0 0.739070 0.326756 0.120877 0.164746
