0 0.435073 0.499439 0.083647 0.134662
0 0.375987 0.482631 0.073332 0.132849
0 0.334684 0.474231 0.066939 0.145501
0 0.293617 0.483485 0.055320 0.125039
0 0.266770 0.483812 0.049433 0.113712
0 0.233914 0.464979 0.053857 0.124937
0 0.211547 0.448533 0.036699 0.087714
0 0.513863 0.497232 0.091421 0.141755
0 0.572732 0.490877 0.070289 0.141369
0 0.621384 0.488767 0.071752 0.141471
0 0.655048 0.506554 0.046237 0.120038
0 0.678893 0.507119 0.039809 0.121772
0 0.703602 0.500579 0.045276 0.116696
0 0.724174 0.495403 0.038776 0.096592
0 0.493885 0.646307 0.061702 0.153868
0 0.544116 0.653127 0.068167 0.163053
0 0.589901 0.655226 0.072437 0.172085
0 0.632566 0.649391 0.056240 0.138203
0 0.653348 0.635962 0.044698 0.118839
0 0.681310 0.630201 0.051975 0.108431
0 0.693811 0.598556 0.045434 0.098149
0 0.440538 0.652498 0.055003 0.162133
0 0.393368 0.649200 0.071895 0.185147
0 0.332624 0.624559 0.077055 0.175683
0 0.283333 0.609537 0.060015 0.129734
0 0.255233 0.601509 0.055939 0.113075
0 0.220201 0.577012 0.071332 0.125068
0 0.214488 0.511574 0.038172 0.046335
