0 0.556855 0.077590 0.115429 0.155180
0 0.483348 0.090240 0.134749 0.180480
0 0.386578 0.111848 0.170797 0.223696
0 0.319567 0.252528 0.172502 0.229501
0 0.264763 0.397188 0.193185 0.211929
0 0.193106 0.528914 0.236147 0.299171
0 0.110518 0.770195 0.221037 0.287114
0 0.628696 0.085048 0.111550 0.149529
0 0.697969 0.123820 0.129856 0.197357
0 0.769999 0.170585 0.145766 0.226259
0 0.795879 0.300332 0.183818 0.236788
0 0.789702 0.459336 0.183349 0.226925
0 0.768048 0.661809 0.224213 0.296634
0 0.766853 0.863534 0.218086 0.272932
