0 0.556930 0.089820 0.118562 0.179640
0 0.490400 0.093792 0.144136 0.187585
0 0.415006 0.148762 0.156669 0.215868
0 0.336404 0.257212 0.159683 0.198007
0 0.293344 0.407604 0.171647 0.217707
0 0.244394 0.609612 0.216165 0.311722
0 0.175586 0.805827 0.176818 0.245688
0 0.636711 0.094843 0.121112 0.173634
0 0.701038 0.120859 0.135186 0.210521
0 0.756363 0.194701 0.151569 0.230868
0 0.796261 0.317701 0.145216 0.214461
0 0.803989 0.469632 0.169815 0.223993
0 0.816584 0.683894 0.198220 0.306914
0 0.810544 0.884835 0.166604 0.230330
