0 0.421168 0.322306 0.100737 0.220229
0 0.352581 0.304623 0.075017 0.197724
0 0.298997 0.266043 0.070730 0.181649
0 0.264703 0.257202 0.049297 0.141461
0 0.233625 0.258809 0.047154 0.144676
0 0.211538 0.237046 0.037393 0.107283
0 0.186016 0.239717 0.043329 0.091257
0 0.515743 0.335568 0.098058 0.177630
0 0.591028 0.328334 0.067515 0.180845
0 0.647559 0.314268 0.056263 0.186471
0 0.690158 0.338381 0.048225 0.144676
0 0.714806 0.322708 0.041795 0.135835
0 0.733828 0.314268 0.042331 0.135031
0 0.758477 0.307034 0.036973 0.118956
0 0.499351 0.713515 0.060501 0.109165
0 0.551522 0.718776 0.068392 0.096012
0 0.604570 0.712200 0.069269 0.119686
0 0.647973 0.719434 0.063131 0.131524
0 0.687868 0.660248 0.102588 0.147306
0 0.712419 0.582649 0.097327 0.123632
0 0.454195 0.716146 0.061378 0.098643
0 0.409915 0.704966 0.069269 0.115741
0 0.358183 0.681292 0.069269 0.118371
0 0.315218 0.667482 0.079791 0.124947
0 0.291105 0.638547 0.085929 0.117056
0 0.266116 0.596459 0.109603 0.153883
0 0.248580 0.524121 0.120125 0.124947
