0 0.497797 0.092398 0.057039 0.095642
0 0.457405 0.112175 0.068465 0.109591
0 0.412455 0.133945 0.083094 0.133240
0 0.376834 0.208533 0.083184 0.107347
0 0.354881 0.290891 0.105893 0.124639
0 0.331009 0.395198 0.125075 0.173409
0 0.311933 0.535787 0.131572 0.166913
0 0.287475 0.674113 0.118850 0.174041
0 0.539847 0.090099 0.060866 0.112458
0 0.580880 0.094885 0.068569 0.110778
0 0.626133 0.119764 0.081240 0.138964
0 0.659842 0.185475 0.082679 0.128494
0 0.683261 0.264032 0.093754 0.129463
0 0.708746 0.369071 0.117476 0.176276
0 0.728441 0.499305 0.109590 0.157926
0 0.739861 0.632999 0.075949 0.150274
