0 0.487470 0.420322 0.122141 0.209836
0 0.417092 0.416301 0.095495 0.172443
0 0.362189 0.430723 0.086150 0.161808
0 0.327296 0.449744 0.078642 0.140114
0 0.299526 0.462430 0.055844 0.107401
0 0.281418 0.453771 0.040607 0.100097
0 0.267855 0.444953 0.031972 0.089189
0 0.571460 0.429258 0.113540 0.192745
0 0.640169 0.431745 0.080883 0.172147
0 0.687860 0.447666 0.069126 0.178831
0 0.727187 0.472646 0.041847 0.143276
0 0.741258 0.493850 0.026460 0.102591
0 0.754350 0.493429 0.025644 0.093264
0 0.501728 0.534073 0.069450 0.109858
0 0.455399 0.526460 0.070362 0.130975
0 0.408922 0.525954 0.080897 0.144519
0 0.358777 0.529399 0.074084 0.120081
0 0.327999 0.526876 0.034427 0.065438
0 0.306271 0.533718 0.048581 0.079592
0 0.277537 0.515820 0.038777 0.048962
0 0.550393 0.536938 0.065692 0.117091
0 0.601763 0.541432 0.069342 0.128142
0 0.649590 0.557876 0.082618 0.152109
0 0.686362 0.563136 0.062583 0.127551
0 0.712047 0.565384 0.034465 0.082163
0 0.729687 0.571354 0.037183 0.072340
0 0.747495 0.557247 0.034958 0.052023
