0 0.446263 0.451430 0.090939 0.179812
0 0.375303 0.439029 0.084050 0.175678
0 0.327078 0.428695 0.081294 0.192212
0 0.293232 0.428033 0.050486 0.152837
0 0.269260 0.442130 0.052924 0.140966
0 0.243227 0.422370 0.052783 0.155592
0 0.218178 0.423006 0.027937 0.113080
0 0.514403 0.444878 0.090021 0.188882
0 0.579240 0.434430 0.067515 0.171200
0 0.626661 0.435635 0.053048 0.191294
0 0.655596 0.453318 0.034829 0.131816
0 0.678369 0.461757 0.025720 0.129405
0 0.700655 0.448674 0.034927 0.143425
0 0.479541 0.631752 0.068392 0.151691
0 0.527766 0.633944 0.053779 0.143799
0 0.571607 0.648850 0.052609 0.159582
0 0.607557 0.644465 0.049687 0.128016
0 0.628016 0.633505 0.055532 0.128893
0 0.653152 0.622983 0.066054 0.144676
0 0.428977 0.628244 0.059624 0.165720
0 0.382798 0.619038 0.061962 0.166597
0 0.338080 0.616846 0.059039 0.156951
0 0.299792 0.604132 0.049102 0.142045
0 0.269688 0.598871 0.056701 0.135031
0 0.239583 0.591856 0.058455 0.166597
0 0.202546 0.571279 0.049402 0.110801
