0 0.456167 0.504585 0.121288 0.190877
0 0.391841 0.506780 0.093788 0.188954
0 0.333626 0.508549 0.095562 0.170838
0 0.293301 0.513671 0.052710 0.145042
0 0.270155 0.508549 0.054986 0.127291
0 0.236372 0.495778 0.061124 0.108269
0 0.202586 0.483584 0.055493 0.116112
0 0.536870 0.498845 0.109850 0.188557
0 0.608495 0.485779 0.094656 0.174195
0 0.658287 0.474239 0.087010 0.178980
0 0.702211 0.481240 0.051512 0.140589
0 0.717922 0.488200 0.041953 0.105341
0 0.742807 0.479073 0.043124 0.109413
0 0.765348 0.462052 0.050304 0.097945
0 0.538296 0.692143 0.068164 0.137763
0 0.589565 0.682514 0.085608 0.158932
0 0.648075 0.693196 0.087347 0.145754
0 0.688933 0.675566 0.069523 0.144508
0 0.709857 0.654628 0.053114 0.112771
0 0.719766 0.631846 0.082385 0.115518
0 0.749131 0.601518 0.075213 0.125096
0 0.490969 0.694351 0.075303 0.140922
0 0.445686 0.699935 0.076484 0.142601
0 0.393521 0.710835 0.076959 0.156998
0 0.350862 0.692464 0.059628 0.137432
0 0.324215 0.680225 0.060252 0.115930
0 0.306772 0.661300 0.109723 0.138541
0 0.278814 0.599595 0.069609 0.067110
