0 0.470799 0.394660 0.139139 0.222731
0 0.402135 0.399732 0.096227 0.166051
0 0.349481 0.392398 0.082508 0.177851
0 0.315455 0.403421 0.055506 0.150094
0 0.548783 0.402870 0.121363 0.196998
0 0.617121 0.420030 0.103340 0.185709
0 0.662401 0.416236 0.073941 0.174157
0 0.691517 0.434427 0.059595 0.149705
0 0.710727 0.461341 0.038602 0.114225
0 0.725512 0.471049 0.037703 0.119220
0 0.463390 0.498498 0.058090 0.082014
0 0.434451 0.488222 0.047694 0.062017
0 0.391621 0.487932 0.077608 0.090083
0 0.346763 0.476870 0.060141 0.077160
0 0.511832 0.502456 0.055474 0.072536
0 0.554545 0.506367 0.058377 0.076515
0 0.596618 0.512599 0.066450 0.088892
0 0.637946 0.509407 0.056967 0.090315
0 0.661052 0.518111 0.047861 0.089197
0 0.271812 0.464016 0.083876 0.102294
0 0.277142 0.377588 0.076859 0.118432
0 0.315625 0.487230 0.043356 0.063640
