0 0.469581 0.462162 0.115741 0.169160
0 0.402066 0.456597 0.078644 0.175837
0 0.350873 0.443243 0.077160 0.180288
0 0.319712 0.454371 0.050451 0.131321
0 0.293744 0.452146 0.037096 0.122418
0 0.268919 0.444070 0.040865 0.132976
0 0.249729 0.433136 0.032324 0.123561
0 0.541801 0.464146 0.095612 0.153482
0 0.597574 0.460371 0.064580 0.153482
0 0.646638 0.452194 0.058709 0.164805
0 0.674735 0.454081 0.039419 0.155998
0 0.694864 0.467291 0.029355 0.142160
0 0.712477 0.452823 0.032709 0.135870
0 0.729251 0.454710 0.020968 0.099386
0 0.494845 0.617686 0.069123 0.131012
0 0.439922 0.623312 0.070730 0.134227
0 0.382320 0.625723 0.073410 0.150302
0 0.339453 0.611256 0.063765 0.132620
0 0.320430 0.595984 0.047154 0.114937
0 0.291227 0.594779 0.048761 0.126993
0 0.266847 0.570264 0.051440 0.106899
0 0.250504 0.524450 0.055191 0.097254
0 0.546286 0.623714 0.065908 0.141461
0 0.597994 0.630948 0.069659 0.155928
0 0.634699 0.621705 0.062693 0.150302
0 0.665777 0.615676 0.043403 0.133423
0 0.676740 0.597706 0.028010 0.090373
0 0.701579 0.595724 0.048093 0.105435
0 0.709268 0.537771 0.077637 0.088952
