0 0.461358 0.249425 0.118817 0.143839
0 0.383312 0.278183 0.080591 0.123597
0 0.321022 0.323250 0.110492 0.168355
0 0.280339 0.421784 0.138806 0.190414
0 0.247975 0.522168 0.133856 0.167479
0 0.213047 0.635045 0.154374 0.221620
0 0.185204 0.767426 0.153669 0.211532
0 0.559457 0.260086 0.110939 0.150818
0 0.627032 0.296493 0.078463 0.141017
0 0.675894 0.346797 0.094207 0.174746
0 0.701757 0.436046 0.125002 0.184429
0 0.714498 0.604213 0.154104 0.241680
0 0.766340 0.720623 0.149424 0.198686
0 0.760221 0.844385 0.131822 0.162317
