0 0.457457 0.359560 0.187294 0.271999
0 0.356343 0.361491 0.129870 0.225138
0 0.287642 0.346455 0.114323 0.212609
0 0.260475 0.380302 0.096826 0.173944
0 0.235468 0.382840 0.086504 0.155684
0 0.196382 0.348426 0.082707 0.140927
0 0.166176 0.327367 0.054943 0.115044
0 0.570662 0.389594 0.176739 0.245948
0 0.675821 0.400338 0.134080 0.224437
0 0.750353 0.412158 0.112338 0.229139
0 0.790112 0.438595 0.077487 0.171227
0 0.818171 0.439849 0.070867 0.154780
0 0.854503 0.433148 0.057840 0.092145
0 0.400336 0.585588 0.108744 0.211455
0 0.325960 0.587241 0.118062 0.209440
0 0.276892 0.561897 0.088596 0.194215
0 0.216175 0.572965 0.102465 0.156265
0 0.467613 0.585243 0.127022 0.199616
0 0.556817 0.598356 0.143403 0.216326
0 0.638530 0.593698 0.128370 0.198697
0 0.701092 0.577701 0.123019 0.207920
0 0.740992 0.556214 0.090804 0.146868
0 0.789812 0.542322 0.126334 0.147428
0 0.831285 0.490501 0.079174 0.100901
0 0.206917 0.499891 0.120140 0.168170
0 0.182992 0.424563 0.077612 0.116937
