0 0.501157 0.103588 0.083333 0.126157
0 0.440586 0.095486 0.104167 0.144676
0 0.375386 0.134259 0.091049 0.155093
0 0.315586 0.215856 0.097994 0.163194
0 0.267582 0.295387 0.112985 0.172784
0 0.227072 0.366071 0.103616 0.148810
0 0.194279 0.476438 0.137235 0.210813
0 0.155074 0.649498 0.152484 0.232859
0 0.568434 0.117642 0.088183 0.139164
0 0.635490 0.136243 0.088183 0.148810
0 0.686471 0.201692 0.096451 0.158455
0 0.725051 0.301587 0.124008 0.176367
0 0.762713 0.419395 0.131357 0.169478
0 0.796700 0.544092 0.160751 0.234237
0 0.830229 0.716325 0.134112 0.212191
