0 0.457759 0.360701 0.114875 0.221500
0 0.360116 0.326245 0.106669 0.221500
0 0.292011 0.328706 0.072207 0.211656
0 0.252626 0.350856 0.059078 0.167356
0 0.223087 0.348395 0.049232 0.142745
0 0.181239 0.333629 0.050873 0.157511
0 0.159905 0.320093 0.041027 0.135361
0 0.565183 0.351779 0.110772 0.221500
0 0.637185 0.390542 0.067694 0.158742
0 0.702417 0.351779 0.084925 0.221500
0 0.744264 0.385004 0.040616 0.162434
0 0.767034 0.380390 0.032001 0.149513
0 0.796573 0.359163 0.039386 0.151359
0 0.541183 0.576048 0.072617 0.182738
0 0.601492 0.612965 0.087387 0.208579
0 0.672878 0.621271 0.084925 0.225192
0 0.688263 0.570800 0.115471 0.165118
0 0.718250 0.550663 0.141430 0.159749
0 0.738390 0.485555 0.128003 0.139612
0 0.780461 0.430516 0.092198 0.118133
0 0.478356 0.584224 0.089513 0.191967
0 0.410774 0.586909 0.090408 0.208076
0 0.340954 0.572142 0.081457 0.202706
0 0.299330 0.550663 0.082352 0.162434
0 0.264868 0.541266 0.072505 0.140955
0 0.231981 0.527171 0.136274 0.145304
0 0.205199 0.486415 0.118944 0.132310
