0 0.401436 0.485579 0.171065 0.256076
0 0.325485 0.510244 0.115559 0.187616
0 0.252834 0.503728 0.134137 0.229673
0 0.203984 0.517626 0.122194 0.211523
0 0.169009 0.545821 0.095970 0.176663
0 0.126411 0.549568 0.101372 0.165872
0 0.076591 0.535068 0.089780 0.159947
0 0.505694 0.459585 0.170714 0.243851
0 0.594216 0.450115 0.122744 0.197500
0 0.653182 0.426248 0.129560 0.219429
0 0.694967 0.428432 0.113391 0.203259
0 0.728846 0.428004 0.100115 0.163536
0 0.759498 0.414633 0.076749 0.153664
0 0.789712 0.384189 0.081069 0.146649
0 0.615858 0.546103 0.071850 0.090742
0 0.667303 0.548742 0.091323 0.139091
0 0.707028 0.541129 0.064730 0.116277
0 0.745937 0.544029 0.089528 0.134597
0 0.781494 0.519698 0.079912 0.131188
0 0.304444 0.601982 0.084255 0.091811
0 0.256579 0.621362 0.101372 0.165872
0 0.217518 0.645421 0.072540 0.131373
0 0.168896 0.654107 0.108486 0.148427
0 0.122983 0.641497 0.084588 0.128308
