0 0.508650 0.823975 0.172082 0.229539
0 0.412420 0.794186 0.158353 0.212864
0 0.328131 0.732027 0.162764 0.221694
0 0.270810 0.612489 0.185536 0.218537
0 0.215982 0.507964 0.163076 0.196372
0 0.162009 0.370081 0.227775 0.305268
0 0.107347 0.202711 0.214695 0.265914
0 0.059719 0.116441 0.119437 0.068712
0 0.612417 0.803731 0.172165 0.250542
0 0.679084 0.728324 0.157071 0.222483
0 0.715485 0.648581 0.144606 0.222688
0 0.717039 0.519367 0.185651 0.195374
0 0.719419 0.401829 0.160428 0.194607
0 0.691460 0.241201 0.214531 0.296444
0 0.668693 0.095023 0.170633 0.190045
