0 0.463171 0.108110 0.101737 0.140411
0 0.399790 0.107426 0.125526 0.162109
0 0.337568 0.155584 0.113338 0.171174
0 0.286320 0.247146 0.121512 0.180393
0 0.246952 0.335089 0.138157 0.192161
0 0.214184 0.412978 0.125481 0.166294
0 0.194374 0.530744 0.167929 0.234376
0 0.175889 0.713862 0.186414 0.259000
0 0.534207 0.114074 0.108374 0.154414
0 0.605592 0.124748 0.109594 0.164344
0 0.666349 0.185682 0.119324 0.175318
0 0.718694 0.283646 0.149958 0.197242
0 0.772357 0.400166 0.156652 0.191078
0 0.823109 0.524243 0.195099 0.261463
0 0.879397 0.697316 0.164888 0.235400
