0 0.561599 0.759366 0.111082 0.167180
0 0.500364 0.739296 0.091561 0.122731
0 0.441677 0.696628 0.113629 0.147572
0 0.401681 0.625173 0.122572 0.134360
0 0.357644 0.547684 0.123133 0.136998
0 0.319748 0.438561 0.155038 0.176523
0 0.295562 0.333417 0.142398 0.148649
0 0.631253 0.754210 0.112431 0.149836
0 0.657675 0.679666 0.092606 0.135547
0 0.710779 0.661485 0.106111 0.135899
0 0.705819 0.564662 0.116585 0.145681
0 0.705459 0.476511 0.109704 0.129106
0 0.700613 0.367256 0.145534 0.187097
0 0.688287 0.244427 0.141124 0.158453
