0 0.454990 0.245611 0.101273 0.204958
0 0.377829 0.250434 0.081983 0.176022
0 0.321566 0.264902 0.062693 0.171200
0 0.272537 0.255257 0.057870 0.151910
0 0.228802 0.236304 0.052512 0.115741
0 0.208441 0.222640 0.043939 0.094843
0 0.546018 0.242734 0.101809 0.205761
0 0.622106 0.278099 0.078232 0.176826
0 0.676226 0.311053 0.068587 0.162359
0 0.718557 0.338381 0.069659 0.146283
0 0.753386 0.340792 0.040724 0.118956
0 0.779642 0.321502 0.048225 0.106096
0 0.517082 0.503954 0.071802 0.162359
0 0.578704 0.516011 0.072874 0.167181
0 0.636574 0.523245 0.079304 0.178434
0 0.698731 0.545750 0.079304 0.178434
0 0.736240 0.517618 0.085734 0.144676
0 0.767854 0.501543 0.082519 0.160751
0 0.794110 0.439654 0.070730 0.123778
0 0.467785 0.486272 0.071802 0.165574
0 0.400806 0.477431 0.075017 0.176826
0 0.352581 0.490291 0.062157 0.202546
0 0.308642 0.490291 0.077160 0.202546
0 0.254522 0.434832 0.123242 0.194509
0 0.223980 0.339988 0.090021 0.149498
