0 0.446244 0.439452 0.138122 0.198667
0 0.377178 0.437718 0.114057 0.185709
0 0.324926 0.448091 0.105462 0.186372
0 0.286350 0.449096 0.077741 0.144442
0 0.270808 0.464358 0.060413 0.102167
0 0.250692 0.464195 0.062598 0.111268
0 0.227078 0.451200 0.054330 0.107195
0 0.525052 0.433471 0.119469 0.195056
0 0.584200 0.412221 0.101005 0.171463
0 0.635256 0.399611 0.096388 0.175169
0 0.668610 0.418378 0.082700 0.144510
0 0.691726 0.422409 0.050487 0.106369
0 0.716808 0.412048 0.054023 0.115176
0 0.739076 0.402183 0.046845 0.099774
0 0.752677 0.368531 0.022252 0.042352
0 0.538056 0.604913 0.093167 0.144096
0 0.587033 0.598681 0.076759 0.132164
0 0.637105 0.605482 0.095269 0.160284
0 0.669330 0.597396 0.076940 0.150273
0 0.697646 0.587593 0.068623 0.132989
0 0.722799 0.562118 0.094516 0.143204
0 0.728045 0.502703 0.085088 0.105774
0 0.479951 0.610893 0.097354 0.160974
0 0.432404 0.612900 0.078204 0.134719
0 0.384549 0.621918 0.083866 0.158596
0 0.347952 0.627647 0.067149 0.126233
0 0.316778 0.618265 0.052956 0.125002
0 0.320347 0.596332 0.127865 0.143930
0 0.284805 0.553229 0.101306 0.127807
0 0.234971 0.494888 0.053476 0.081878
