0 0.512414 0.798216 0.165678 0.213757
0 0.433954 0.748086 0.133342 0.175913
0 0.361263 0.668809 0.149713 0.195789
0 0.327094 0.542456 0.171448 0.189478
0 0.282287 0.422353 0.218071 0.243113
0 0.214123 0.311203 0.192280 0.230343
0 0.185226 0.209654 0.137878 0.105825
0 0.630345 0.790101 0.151851 0.194422
0 0.697976 0.729857 0.137970 0.180540
0 0.742267 0.653635 0.155391 0.222502
0 0.752305 0.528854 0.170010 0.205569
0 0.769829 0.395502 0.206235 0.278856
0 0.800598 0.271300 0.197903 0.262510
0 0.782882 0.150424 0.175375 0.179382
