0 0.525872 0.361912 0.162904 0.251875
0 0.436548 0.374256 0.126605 0.214524
0 0.359695 0.374058 0.126233 0.232987
0 0.302982 0.393024 0.101580 0.225771
0 0.269711 0.410117 0.082224 0.180949
0 0.231419 0.409412 0.108106 0.199859
0 0.190174 0.417665 0.074983 0.150964
0 0.159496 0.414878 0.031400 0.071901
0 0.625504 0.360499 0.150608 0.263522
0 0.709429 0.363661 0.102774 0.214738
0 0.775214 0.371525 0.101358 0.230998
0 0.824283 0.395125 0.070016 0.185510
0 0.841688 0.409187 0.047740 0.148652
0 0.863673 0.398197 0.067448 0.190648
0 0.891346 0.396696 0.062925 0.170899
0 0.536346 0.640563 0.096837 0.187978
0 0.472249 0.653950 0.104372 0.204670
0 0.405538 0.663548 0.105090 0.206914
0 0.339121 0.671267 0.090195 0.198121
0 0.307729 0.641357 0.086976 0.175645
0 0.257124 0.636276 0.092730 0.179462
0 0.210626 0.617354 0.085651 0.146060
0 0.218314 0.526782 0.088122 0.082431
0 0.601887 0.649709 0.094292 0.192408
0 0.665566 0.647865 0.099000 0.211424
0 0.731395 0.681124 0.105874 0.216663
0 0.773371 0.666090 0.085030 0.187369
0 0.792442 0.648384 0.068883 0.154051
0 0.824521 0.651940 0.083014 0.168185
0 0.845580 0.619477 0.078371 0.138334
0 0.871369 0.571970 0.079687 0.122211
