0 0.398356 0.178898 0.085710 0.132004
0 0.375236 0.221179 0.082486 0.135870
0 0.344747 0.260044 0.101215 0.138334
0 0.336303 0.334910 0.103518 0.120618
0 0.330530 0.406718 0.131121 0.155311
0 0.324435 0.513470 0.141775 0.186401
0 0.342020 0.650893 0.137246 0.179370
0 0.445402 0.178863 0.074917 0.114539
0 0.488741 0.179615 0.095827 0.146292
0 0.533415 0.207486 0.123430 0.180985
0 0.573576 0.266208 0.096687 0.131303
0 0.609576 0.336610 0.119223 0.142162
0 0.650305 0.429257 0.156805 0.204767
0 0.712979 0.549624 0.135082 0.183461
