0 0.390195 0.679176 0.087547 0.131321
0 0.327131 0.666934 0.080128 0.124644
0 0.276680 0.624644 0.097934 0.142450
0 0.259615 0.553419 0.105354 0.129095
0 0.243137 0.487055 0.092390 0.094420
0 0.230653 0.422239 0.077160 0.122171
0 0.226009 0.352581 0.060728 0.096451
0 0.457133 0.669796 0.085734 0.100737
0 0.518933 0.659615 0.070730 0.093236
0 0.562157 0.612461 0.074303 0.110382
0 0.576089 0.529943 0.080733 0.116812
0 0.590378 0.461891 0.087877 0.107167
0 0.603595 0.389017 0.082876 0.115741
0 0.608239 0.323110 0.082162 0.091092
