0 0.437843 0.480174 0.102166 0.138246
0 0.321745 0.469993 0.111454 0.143604
0 0.255658 0.433020 0.072159 0.136103
0 0.529292 0.487676 0.089306 0.146819
0 0.593950 0.467314 0.067158 0.095379
0 0.645748 0.486604 0.063586 0.157536
0 0.696116 0.445880 0.088592 0.144676
0 0.431056 0.647355 0.055727 0.142533
0 0.383902 0.640925 0.064300 0.168253
0 0.348180 0.624314 0.072874 0.158608
0 0.309599 0.613597 0.060014 0.105024
0 0.479638 0.654321 0.062872 0.143604
0 0.531079 0.652713 0.068587 0.163966
0 0.576803 0.646819 0.067158 0.167181
0 0.611454 0.625922 0.063586 0.136103
0 0.642890 0.607703 0.069302 0.121099
