0 0.462191 0.400463 0.125000 0.210648
0 0.385802 0.396412 0.100309 0.190972
0 0.328704 0.394676 0.103395 0.208333
0 0.275077 0.396991 0.047068 0.143519
0 0.261188 0.435185 0.067130 0.115741
0 0.210830 0.410465 0.081164 0.153957
0 0.159288 0.350477 0.071856 0.162760
0 0.564140 0.389540 0.133102 0.217737
0 0.647087 0.392072 0.088735 0.166377
0 0.704716 0.390263 0.064140 0.194589
0 0.745949 0.369647 0.066551 0.160590
0 0.794898 0.362413 0.087288 0.160590
0 0.836854 0.356988 0.034240 0.084635
0 0.506054 0.574516 0.078607 0.177951
0 0.442155 0.581788 0.094522 0.183738
0 0.371746 0.577124 0.072338 0.172888
0 0.204861 0.567130 0.125386 0.203993
0 0.142892 0.489728 0.082465 0.170718
0 0.567185 0.574116 0.081983 0.181568
0 0.618457 0.573945 0.081019 0.183738
0 0.667888 0.573374 0.075714 0.162037
0 0.712775 0.587156 0.067515 0.182292
0 0.316008 0.572498 0.068480 0.175362
0 0.795951 0.549902 0.124421 0.172888
