0 0.543009 0.499573 0.106260 0.181095
0 0.480614 0.491256 0.087688 0.174996
0 0.439160 0.469109 0.087823 0.210659
0 0.402730 0.466604 0.063037 0.188519
0 0.379963 0.470369 0.056643 0.157180
0 0.367808 0.451820 0.067392 0.168684
0 0.612967 0.506851 0.109707 0.181519
0 0.675556 0.517160 0.080364 0.149908
0 0.721124 0.512915 0.094445 0.188556
0 0.760628 0.529574 0.065056 0.177309
0 0.784439 0.535121 0.055940 0.158367
0 0.798260 0.540099 0.053514 0.159342
0 0.811220 0.544970 0.043876 0.156885
0 0.566723 0.744561 0.084285 0.202586
0 0.607666 0.742372 0.085760 0.193855
0 0.651478 0.759560 0.095102 0.207733
0 0.695233 0.762965 0.065827 0.169765
0 0.721459 0.752408 0.064626 0.153068
0 0.748455 0.749818 0.055759 0.143067
0 0.753477 0.719602 0.078867 0.144631
0 0.521574 0.731145 0.082154 0.192140
0 0.480018 0.724075 0.072653 0.176969
0 0.434563 0.730958 0.091950 0.195889
0 0.406228 0.712390 0.087211 0.171118
0 0.378947 0.695920 0.085579 0.178556
0 0.352630 0.664479 0.062245 0.133679
