0 0.396960 0.380199 0.128242 0.256990
0 0.303737 0.395720 0.126731 0.266650
0 0.233043 0.389774 0.098083 0.267037
0 0.196941 0.388513 0.073635 0.202361
0 0.163376 0.407508 0.089711 0.212635
0 0.126833 0.392324 0.085232 0.190279
0 0.093755 0.410640 0.058537 0.167148
0 0.500783 0.379652 0.133991 0.262741
0 0.577299 0.391364 0.112219 0.221745
0 0.635761 0.376021 0.089998 0.247330
0 0.675473 0.406615 0.045185 0.181944
0 0.699668 0.410446 0.055524 0.189415
0 0.728551 0.415054 0.048916 0.167645
0 0.751621 0.418259 0.041885 0.164208
0 0.462770 0.525331 0.066290 0.132352
0 0.520046 0.533329 0.068614 0.138017
0 0.582884 0.549918 0.078586 0.149534
0 0.630619 0.541188 0.059535 0.152060
0 0.663693 0.563136 0.034802 0.128859
0 0.693959 0.543400 0.072984 0.141361
0 0.413014 0.509986 0.065172 0.091626
0 0.359262 0.531872 0.096283 0.147417
0 0.295394 0.555690 0.111395 0.145210
0 0.236451 0.551804 0.082196 0.144190
0 0.180458 0.568128 0.086739 0.169877
0 0.136002 0.559264 0.061288 0.154401
0 0.102394 0.510107 0.058828 0.118757
