0 0.433708 0.153880 0.063938 0.098266
0 0.377957 0.145691 0.080312 0.121663
0 0.312850 0.170258 0.087329 0.159098
0 0.270745 0.265600 0.095127 0.143890
0 0.264117 0.365621 0.099025 0.138041
0 0.231758 0.468566 0.124756 0.191853
0 0.193552 0.597249 0.132554 0.180155
0 0.475033 0.130484 0.063938 0.107625
0 0.528834 0.132238 0.077973 0.127512
0 0.572109 0.166749 0.083431 0.173136
0 0.621232 0.242788 0.092788 0.152079
0 0.645404 0.331696 0.094347 0.152079
0 0.701544 0.421773 0.116179 0.198872
0 0.724156 0.560984 0.120858 0.159098
