0 0.446416 0.591628 0.060728 0.127529
0 0.401763 0.598594 0.072874 0.137174
0 0.349966 0.615205 0.067873 0.148963
0 0.305670 0.608239 0.050726 0.128601
0 0.274949 0.612526 0.059299 0.132888
0 0.491427 0.597522 0.057870 0.128601
0 0.532507 0.591092 0.061443 0.122171
0 0.578232 0.596451 0.062872 0.122171
0 0.615741 0.594843 0.039295 0.108239
0 0.633959 0.582519 0.044296 0.090021
0 0.658250 0.551440 0.101452 0.152178
0 0.388546 0.433556 0.080733 0.137174
0 0.334962 0.427662 0.067873 0.157536
0 0.458205 0.424447 0.090021 0.144676
0 0.521076 0.418017 0.058585 0.151106
0 0.570730 0.433020 0.065015 0.155393
0 0.603595 0.446416 0.063586 0.150034
0 0.633959 0.446952 0.035722 0.129672
