0 0.408515 0.449080 0.113244 0.193405
0 0.336907 0.454011 0.077258 0.177459
0 0.278668 0.451762 0.074187 0.178469
0 0.239051 0.452660 0.057334 0.140092
0 0.206422 0.452014 0.051605 0.135105
0 0.188454 0.468860 0.041986 0.100622
0 0.159948 0.464463 0.047514 0.086852
0 0.500696 0.439537 0.114688 0.191137
0 0.572743 0.450488 0.083507 0.162554
0 0.624655 0.451891 0.071898 0.179521
0 0.651687 0.458132 0.054324 0.142278
0 0.675101 0.462795 0.041836 0.127563
0 0.692848 0.464222 0.041880 0.113505
0 0.712681 0.445510 0.027579 0.094009
0 0.462126 0.595305 0.072709 0.150271
0 0.529567 0.608265 0.072832 0.152621
0 0.588237 0.618739 0.078578 0.172841
0 0.634512 0.617492 0.063371 0.150954
0 0.668100 0.613964 0.048472 0.134941
0 0.691582 0.597418 0.060635 0.128548
0 0.410214 0.593902 0.071450 0.156064
0 0.354888 0.609762 0.075366 0.156269
0 0.304890 0.622396 0.073694 0.169070
0 0.262883 0.615172 0.063433 0.152129
0 0.222822 0.622574 0.058839 0.138999
0 0.191544 0.617733 0.077532 0.152867
0 0.182019 0.533406 0.064393 0.095938
