0 0.474537 0.226852 0.054784 0.097222
0 0.439429 0.232639 0.066358 0.090278
0 0.404707 0.257523 0.069444 0.093750
0 0.376157 0.313079 0.061728 0.091435
0 0.355710 0.386574 0.071759 0.106481
0 0.338349 0.472801 0.094136 0.144676
0 0.326775 0.568866 0.101852 0.133102
0 0.510031 0.221644 0.045525 0.086806
0 0.551698 0.234375 0.056327 0.103009
0 0.586420 0.252894 0.060957 0.121528
0 0.615741 0.322917 0.070216 0.104167
0 0.636574 0.398148 0.076389 0.111111
0 0.650463 0.491319 0.094907 0.156250
0 0.670525 0.579861 0.105710 0.087963
