0 0.514939 0.466178 0.086806 0.183256
0 0.444209 0.444477 0.054655 0.075553
0 0.572274 0.445280 0.060014 0.135031
0 0.617820 0.471001 0.086806 0.176826
0 0.665509 0.479842 0.047154 0.149498
0 0.356331 0.438047 0.073945 0.114133
0 0.326860 0.465374 0.092164 0.149498
0 0.277563 0.471804 0.064300 0.136638
0 0.427598 0.644612 0.075017 0.170396
0 0.354188 0.630144 0.076089 0.147891
0 0.494577 0.651845 0.067515 0.178434
0 0.563700 0.642200 0.081447 0.191294
0 0.634967 0.620499 0.067515 0.106096
0 0.688550 0.534497 0.106096 0.152713
0 0.326325 0.598798 0.069659 0.117348
