0 0.429349 0.316833 0.168966 0.240900
0 0.344952 0.323754 0.113565 0.185490
0 0.286263 0.327973 0.118638 0.197466
0 0.242860 0.353982 0.107346 0.150507
0 0.201863 0.353417 0.078390 0.153185
0 0.168143 0.329260 0.054800 0.101661
0 0.151036 0.330464 0.030209 0.080082
0 0.532889 0.331992 0.136143 0.213504
0 0.606408 0.310183 0.098185 0.188324
0 0.665929 0.261681 0.101530 0.186556
0 0.705764 0.310409 0.061243 0.143453
0 0.720308 0.318629 0.042976 0.141533
0 0.747095 0.305039 0.060051 0.135298
0 0.523866 0.590697 0.114484 0.210782
0 0.584594 0.582775 0.101565 0.164254
0 0.637096 0.579566 0.102732 0.223097
0 0.677671 0.558874 0.079923 0.155677
0 0.707121 0.547113 0.083796 0.145489
0 0.711224 0.496853 0.110707 0.146198
0 0.461799 0.596728 0.105290 0.175296
0 0.407472 0.591606 0.108262 0.156537
0 0.338502 0.608604 0.105175 0.194356
0 0.295752 0.586558 0.109501 0.168322
0 0.235750 0.575533 0.087819 0.130019
0 0.208450 0.535615 0.131301 0.167435
0 0.180776 0.488696 0.113750 0.154995
0 0.178379 0.421246 0.092483 0.107199
