0 0.425407 0.157520 0.096695 0.126135
0 0.380913 0.191167 0.092075 0.127540
0 0.367257 0.263070 0.097297 0.128746
0 0.366524 0.351240 0.100109 0.119508
0 0.365389 0.425752 0.111760 0.127141
0 0.371052 0.513820 0.130042 0.163494
0 0.380933 0.620164 0.143501 0.178960
0 0.490022 0.131602 0.108080 0.168310
0 0.542787 0.149670 0.094688 0.160275
0 0.594448 0.174869 0.105601 0.150436
0 0.638310 0.241743 0.123681 0.164497
0 0.684515 0.310826 0.117118 0.143208
0 0.722151 0.398387 0.146983 0.179764
0 0.770300 0.491772 0.144171 0.189001
