0 0.482837 0.171542 0.092396 0.152495
0 0.425628 0.148654 0.096675 0.138780
0 0.391973 0.201742 0.115851 0.152199
0 0.322941 0.259484 0.128693 0.182674
0 0.302782 0.376343 0.114481 0.154427
0 0.254648 0.508637 0.152759 0.234090
0 0.210060 0.677603 0.147366 0.217182
0 0.170149 0.824923 0.123936 0.199869
0 0.538148 0.152537 0.091400 0.150059
0 0.592727 0.155524 0.087392 0.157927
0 0.648302 0.156213 0.102857 0.155758
0 0.693528 0.238854 0.112864 0.144893
0 0.700769 0.360495 0.137084 0.162275
0 0.743716 0.505526 0.167681 0.243614
0 0.768028 0.672771 0.151931 0.224625
