0 0.447347 0.400601 0.152748 0.242870
0 0.369235 0.416207 0.129632 0.200344
0 0.295283 0.434310 0.118718 0.200172
0 0.236777 0.454125 0.110216 0.181619
0 0.190743 0.457973 0.089657 0.166254
0 0.156630 0.460958 0.076145 0.157592
0 0.132288 0.465150 0.068080 0.142594
0 0.546283 0.392062 0.150004 0.233194
0 0.629070 0.374078 0.116224 0.211538
0 0.681621 0.358002 0.111193 0.208586
0 0.738808 0.366619 0.086996 0.163593
0 0.772203 0.364323 0.065731 0.155146
0 0.797543 0.355197 0.055503 0.135214
0 0.816831 0.344967 0.044818 0.143240
0 0.453032 0.579233 0.104270 0.193566
0 0.402355 0.595063 0.113986 0.189085
0 0.338065 0.613399 0.104126 0.227594
0 0.283678 0.601280 0.098857 0.175879
0 0.228908 0.599651 0.074893 0.156725
0 0.201899 0.599626 0.065337 0.136097
0 0.172811 0.578135 0.080725 0.125017
0 0.515633 0.565281 0.107519 0.198018
0 0.580197 0.562784 0.109872 0.203981
0 0.648421 0.556078 0.117494 0.230856
0 0.703205 0.519276 0.097803 0.171697
0 0.747855 0.508782 0.088564 0.162456
0 0.784039 0.506427 0.085605 0.151555
0 0.803108 0.468998 0.096489 0.130195
