0 0.358395 0.298049 0.062970 0.096418
0 0.316227 0.305322 0.063595 0.086246
0 0.265231 0.312399 0.068289 0.113929
0 0.229353 0.379648 0.083955 0.119845
0 0.201681 0.458577 0.093014 0.119501
0 0.167303 0.543842 0.118493 0.168322
0 0.127004 0.652821 0.112611 0.153034
0 0.404171 0.306670 0.055900 0.093527
0 0.435462 0.344601 0.067688 0.107058
0 0.472936 0.364611 0.065336 0.114807
0 0.483335 0.434755 0.082290 0.109472
0 0.479487 0.522691 0.089097 0.118022
0 0.487000 0.621429 0.118331 0.175126
0 0.506937 0.727601 0.117553 0.148921
