0 0.473208 0.457669 0.094307 0.169324
0 0.404264 0.451775 0.070730 0.155393
0 0.349251 0.449096 0.063586 0.152178
0 0.317101 0.451775 0.045010 0.125386
0 0.294239 0.474280 0.046439 0.121099
0 0.272805 0.486604 0.046439 0.109311
0 0.561085 0.458741 0.092878 0.158608
0 0.633959 0.444273 0.067158 0.151106
0 0.685042 0.447488 0.072159 0.161823
0 0.710405 0.460348 0.041438 0.127529
0 0.730410 0.464635 0.042867 0.114669
0 0.756487 0.466778 0.042152 0.118956
0 0.774706 0.466778 0.031436 0.097522
0 0.518218 0.631280 0.057156 0.152178
0 0.568230 0.638246 0.071445 0.172539
0 0.622528 0.632888 0.060014 0.159679
0 0.662180 0.623778 0.052155 0.143604
0 0.686471 0.611990 0.050726 0.137174
0 0.720408 0.612526 0.051440 0.125386
0 0.737554 0.587877 0.051440 0.108239
0 0.475352 0.637174 0.057156 0.146819
0 0.429270 0.628065 0.066444 0.154321
0 0.381759 0.615205 0.052869 0.152178
0 0.346751 0.614133 0.058585 0.130744
0 0.314958 0.613062 0.057870 0.109311
0 0.288523 0.600737 0.059299 0.114669
