0 0.435226 0.342746 0.127738 0.280971
0 0.332522 0.335722 0.112332 0.284802
0 0.252927 0.327420 0.103346 0.291188
0 0.203822 0.311456 0.073176 0.236271
0 0.181676 0.317203 0.046859 0.189017
0 0.162740 0.289106 0.034662 0.150702
0 0.552372 0.335083 0.130947 0.273308
0 0.656039 0.312095 0.104629 0.275862
0 0.737881 0.290556 0.091150 0.289911
0 0.808811 0.273780 0.073818 0.242656
0 0.846041 0.275057 0.049426 0.178799
0 0.877755 0.229694 0.033260 0.126386
0 0.892428 0.214117 0.028539 0.089882
0 0.463791 0.589234 0.091150 0.181354
0 0.391256 0.579655 0.083447 0.195402
0 0.331881 0.556667 0.071251 0.200511
0 0.276356 0.540064 0.064190 0.185185
0 0.240089 0.497280 0.039156 0.148148
0 0.212167 0.470460 0.046217 0.125160
0 0.536004 0.584764 0.087940 0.169860
0 0.612667 0.562051 0.099494 0.178799
0 0.693685 0.533678 0.095001 0.162197
0 0.742374 0.482593 0.089866 0.139208
0 0.796615 0.434061 0.078953 0.108557
0 0.839622 0.385530 0.054561 0.100894
0 0.908310 0.175652 0.021400 0.057160
0 0.862881 0.323699 0.028497 0.065844
0 0.884254 0.286205 0.034472 0.053041
