0 0.327166 0.200341 0.077859 0.100701
0 0.290759 0.234978 0.079445 0.113708
0 0.264726 0.294310 0.108052 0.151632
0 0.244613 0.380817 0.109149 0.133794
0 0.233976 0.474117 0.108462 0.137916
0 0.224913 0.589150 0.153034 0.206231
0 0.227243 0.730391 0.153830 0.194705
0 0.369710 0.177037 0.074638 0.106497
0 0.420749 0.182711 0.079747 0.107397
0 0.467966 0.209375 0.100947 0.151440
0 0.518171 0.272195 0.097365 0.139141
0 0.564007 0.346509 0.100024 0.150216
0 0.613694 0.431994 0.152328 0.190197
0 0.659950 0.570569 0.134126 0.191230
