0 0.469967 0.713452 0.107298 0.153117
0 0.409325 0.680437 0.079400 0.123691
0 0.372208 0.620316 0.089728 0.125238
0 0.363592 0.526728 0.105678 0.129351
0 0.353831 0.431912 0.129744 0.162199
0 0.341941 0.307312 0.126161 0.172743
0 0.337154 0.194843 0.111462 0.159190
0 0.532021 0.717402 0.088725 0.141799
0 0.588612 0.684915 0.065658 0.114913
0 0.634582 0.638986 0.097392 0.118392
0 0.652829 0.547524 0.106175 0.143594
0 0.678758 0.451577 0.125660 0.181024
0 0.706872 0.338475 0.119540 0.164214
0 0.721802 0.217188 0.116462 0.143953
