0 0.472136 0.401942 0.097165 0.191830
0 0.408193 0.400334 0.065015 0.143604
0 0.360325 0.388546 0.063586 0.167181
0 0.332104 0.406229 0.035722 0.121099
0 0.308885 0.409444 0.039295 0.118956
0 0.287809 0.396584 0.045725 0.097522
0 0.552155 0.412123 0.090021 0.165038
0 0.617170 0.404621 0.070016 0.150034
0 0.660751 0.409444 0.055727 0.159679
0 0.688972 0.420696 0.040724 0.128601
0 0.714692 0.415338 0.042152 0.137174
0 0.741841 0.406764 0.042152 0.135031
0 0.560371 0.531614 0.055013 0.151106
0 0.603595 0.527328 0.061443 0.125386
0 0.637174 0.534294 0.050011 0.141461
0 0.668967 0.532150 0.043581 0.137174
0 0.700760 0.521969 0.050011 0.125386
0 0.730053 0.506966 0.044296 0.114669
0 0.517147 0.532150 0.062872 0.124314
0 0.474280 0.528935 0.061443 0.120027
0 0.425340 0.518218 0.062157 0.130744
0 0.376400 0.512860 0.055727 0.135031
0 0.343178 0.511253 0.045010 0.114669
0 0.319959 0.497857 0.050011 0.113597
0 0.297096 0.482317 0.047154 0.103952
