0 0.477941 0.675127 0.079709 0.148810
0 0.433957 0.638050 0.068646 0.121401
0 0.398742 0.585744 0.070384 0.124707
0 0.374760 0.510311 0.092519 0.112746
0 0.357974 0.427060 0.088990 0.112684
0 0.357965 0.326451 0.123966 0.162686
0 0.331704 0.213029 0.111833 0.141307
0 0.541585 0.694141 0.089144 0.121507
0 0.597351 0.667756 0.072768 0.126513
0 0.642203 0.626177 0.083108 0.112582
0 0.670552 0.552540 0.080817 0.116070
0 0.695388 0.477958 0.090074 0.107411
0 0.716600 0.375073 0.118516 0.187287
0 0.744916 0.269664 0.116970 0.166092
