0 0.450346 0.445345 0.073588 0.146819
0 0.394976 0.463027 0.061443 0.124314
0 0.345322 0.471601 0.057870 0.115741
0 0.307813 0.480174 0.050011 0.113597
0 0.282093 0.484461 0.038580 0.085734
0 0.256730 0.469993 0.039295 0.095379
0 0.516075 0.435164 0.076446 0.147891
0 0.575732 0.450167 0.058585 0.128601
0 0.622885 0.461956 0.051440 0.126457
0 0.656822 0.481246 0.043581 0.117884
0 0.680398 0.492498 0.027864 0.088949
0 0.700046 0.484997 0.027149 0.097522
0 0.521791 0.615741 0.056441 0.125386
0 0.563586 0.617884 0.052869 0.131816
0 0.610025 0.628065 0.055727 0.137174
0 0.654678 0.625922 0.053584 0.096451
0 0.687543 0.625386 0.057870 0.101809
0 0.700403 0.619492 0.069302 0.100737
0 0.711834 0.576089 0.059299 0.078232
0 0.480710 0.620563 0.061443 0.130744
0 0.439629 0.619492 0.055013 0.137174
0 0.399620 0.643068 0.059299 0.137174
0 0.362469 0.645212 0.053584 0.126457
0 0.321745 0.628065 0.090735 0.141461
0 0.303169 0.578768 0.077875 0.115741
