0 0.441698 0.325140 0.128265 0.269784
0 0.334255 0.348871 0.116604 0.232314
0 0.260961 0.383843 0.093284 0.247302
0 0.192664 0.393835 0.086620 0.207334
0 0.146855 0.381345 0.071628 0.167366
0 0.101046 0.357614 0.063300 0.154876
0 0.564965 0.313899 0.131596 0.257294
0 0.671575 0.342626 0.114939 0.279776
0 0.747368 0.380096 0.096615 0.259792
0 0.814832 0.432554 0.098281 0.239808
0 0.868137 0.442546 0.051639 0.179856
0 0.905617 0.423811 0.069963 0.162370
0 0.536647 0.697342 0.104944 0.234812
0 0.622435 0.709832 0.093284 0.229816
0 0.708222 0.702338 0.101612 0.249800
0 0.794843 0.736061 0.108276 0.212330
0 0.854811 0.726069 0.121602 0.202338
0 0.892291 0.691097 0.126599 0.232314
0 0.936434 0.618655 0.101612 0.182354
0 0.465019 0.682354 0.091618 0.239808
0 0.375900 0.677358 0.109941 0.229816
0 0.311767 0.708583 0.081623 0.277278
0 0.244422 0.730530 0.102802 0.262647
0 0.175887 0.674860 0.169433 0.268357
0 0.130673 0.562093 0.136118 0.202695
