0 0.429729 0.375475 0.100584 0.147776
0 0.375303 0.396143 0.077160 0.122975
0 0.334312 0.435929 0.083361 0.113674
0 0.311921 0.503100 0.084050 0.119874
0 0.299865 0.580088 0.069582 0.108507
0 0.298832 0.674645 0.078538 0.142609
0 0.288842 0.780568 0.047536 0.114707
0 0.497244 0.363591 0.085428 0.128142
0 0.553737 0.372892 0.064760 0.124008
0 0.596795 0.398727 0.088872 0.126075
0 0.632964 0.466415 0.086806 0.118841
0 0.656388 0.531519 0.078538 0.118841
0 0.669822 0.620908 0.088872 0.169478
0 0.690834 0.721664 0.044092 0.091973
