0 0.369534 0.871044 0.122872 0.189255
0 0.300715 0.796632 0.091411 0.145879
0 0.239972 0.725911 0.131598 0.186917
0 0.192184 0.621628 0.137914 0.165999
0 0.160777 0.531341 0.155274 0.158678
0 0.151056 0.379375 0.162690 0.219711
0 0.111343 0.278783 0.147279 0.232385
0 0.092106 0.132446 0.123065 0.144342
0 0.479253 0.877807 0.115078 0.167844
0 0.566704 0.828399 0.105798 0.154308
0 0.632020 0.751952 0.133547 0.192270
0 0.663507 0.642252 0.135966 0.160646
0 0.713592 0.331918 0.140593 0.242721
0 0.724943 0.176567 0.136889 0.187102
