0 0.449309 0.422996 0.108333 0.175279
0 0.380442 0.424905 0.085478 0.138595
0 0.324784 0.415918 0.091758 0.155247
0 0.281769 0.429929 0.082555 0.143530
0 0.263817 0.449590 0.056193 0.112767
0 0.241235 0.446362 0.057042 0.113930
0 0.217965 0.440491 0.055873 0.115904
0 0.529482 0.421335 0.105523 0.169641
0 0.589280 0.410720 0.076445 0.151249
0 0.632765 0.406471 0.077539 0.142914
0 0.663889 0.414106 0.061944 0.125119
0 0.682436 0.420012 0.048688 0.103376
0 0.697409 0.411627 0.027832 0.094464
0 0.516239 0.642270 0.070223 0.129311
0 0.559169 0.636453 0.069827 0.126087
0 0.603983 0.648953 0.075767 0.134227
0 0.637795 0.625162 0.072297 0.123214
0 0.664168 0.614832 0.059908 0.114282
0 0.688985 0.588872 0.053044 0.098618
0 0.471179 0.639619 0.069374 0.128149
0 0.421150 0.646853 0.079029 0.137803
0 0.373082 0.658210 0.081782 0.148728
0 0.329710 0.651534 0.071260 0.126263
0 0.301820 0.649503 0.058362 0.124679
0 0.269781 0.640344 0.068960 0.113276
0 0.229011 0.610435 0.070657 0.115602
