0 0.483065 0.233616 0.102412 0.125115
0 0.416669 0.267682 0.073390 0.122260
0 0.385012 0.339338 0.092742 0.154310
0 0.353294 0.407470 0.095609 0.139091
0 0.333727 0.475977 0.088518 0.136618
0 0.310614 0.543371 0.106120 0.158068
0 0.299950 0.628176 0.119107 0.139502
0 0.563844 0.238082 0.115560 0.160582
0 0.629377 0.289238 0.087920 0.147179
0 0.655713 0.361644 0.109810 0.145212
0 0.674834 0.447105 0.105484 0.121645
0 0.690649 0.500304 0.107112 0.125198
0 0.707225 0.574644 0.124401 0.173656
0 0.723369 0.646641 0.109421 0.122889
