0 0.407787 0.402109 0.149697 0.237690
0 0.332682 0.409555 0.104787 0.188265
0 0.279277 0.401489 0.114896 0.216462
0 0.244549 0.406990 0.070038 0.136821
0 0.227368 0.416687 0.084191 0.146879
0 0.195724 0.411353 0.060178 0.140264
0 0.507054 0.399734 0.148262 0.225908
0 0.573155 0.389264 0.101138 0.191735
0 0.621223 0.397171 0.074637 0.166452
0 0.653663 0.385751 0.077107 0.173169
0 0.688754 0.387953 0.067594 0.145656
0 0.708205 0.372309 0.063591 0.135182
0 0.455488 0.660651 0.101005 0.179062
0 0.397150 0.661023 0.099563 0.178834
0 0.340793 0.661450 0.109040 0.182444
0 0.300961 0.637089 0.091078 0.157810
0 0.237596 0.613498 0.103751 0.125377
0 0.236985 0.558399 0.078199 0.073535
0 0.213648 0.519788 0.093709 0.090143
0 0.513870 0.662121 0.094113 0.182891
0 0.564792 0.658490 0.103199 0.189953
0 0.627396 0.664833 0.106312 0.191852
0 0.661128 0.627342 0.105271 0.158652
0 0.706939 0.610109 0.099652 0.126133
0 0.712827 0.564835 0.093907 0.122412
0 0.716312 0.511540 0.107494 0.137918
