0 0.435351 0.299897 0.167162 0.236676
0 0.338971 0.288078 0.158272 0.225247
0 0.278703 0.259167 0.144716 0.213912
0 0.228515 0.228019 0.131253 0.182674
0 0.173548 0.208157 0.115856 0.180291
0 0.144330 0.157725 0.079754 0.105147
0 0.537080 0.331859 0.174940 0.246676
0 0.624905 0.344962 0.144623 0.233816
0 0.685285 0.360206 0.129383 0.218577
0 0.721965 0.391496 0.092777 0.178480
0 0.759643 0.361106 0.077754 0.189257
0 0.780064 0.370418 0.066538 0.155862
0 0.399063 0.569783 0.140042 0.231866
0 0.332775 0.549822 0.164607 0.237537
0 0.263031 0.511209 0.132219 0.234246
0 0.205834 0.483256 0.128021 0.203974
0 0.146765 0.463409 0.127268 0.228917
0 0.104503 0.355070 0.176892 0.258513
0 0.458359 0.581920 0.136792 0.233906
0 0.518940 0.597459 0.120918 0.213497
0 0.569810 0.596783 0.139438 0.237308
0 0.614614 0.595483 0.113772 0.182545
0 0.656905 0.600589 0.128966 0.200006
0 0.732877 0.520324 0.199641 0.244230
