0 0.398910 0.923694 0.130227 0.152613
0 0.331978 0.884968 0.121202 0.150594
0 0.281349 0.791794 0.106249 0.160113
0 0.254802 0.680523 0.127314 0.168944
0 0.214348 0.567391 0.126637 0.156030
0 0.199630 0.434780 0.147875 0.200931
0 0.158412 0.290609 0.148920 0.188107
0 0.494658 0.923886 0.121483 0.152229
0 0.572809 0.885296 0.095649 0.154406
0 0.622184 0.806305 0.118067 0.189066
0 0.652042 0.684309 0.138049 0.177234
0 0.674423 0.567884 0.128494 0.158703
0 0.701361 0.439565 0.146695 0.211172
0 0.727099 0.304834 0.131163 0.176873
