0 0.422100 0.155998 0.087760 0.189178
0 0.374214 0.192039 0.103487 0.194143
0 0.323609 0.251597 0.109335 0.170790
0 0.272116 0.349897 0.115389 0.159168
0 0.235730 0.462015 0.120369 0.175674
0 0.208151 0.630307 0.158032 0.272500
0 0.176267 0.820971 0.140331 0.244044
0 0.167507 0.945959 0.094193 0.108082
0 0.484496 0.144347 0.091094 0.200964
0 0.546581 0.159693 0.098507 0.177638
0 0.598226 0.204558 0.099948 0.170626
0 0.669465 0.296021 0.117281 0.177965
0 0.701918 0.406937 0.124981 0.171063
0 0.751765 0.528111 0.165240 0.237442
0 0.784046 0.718829 0.144697 0.225355
0 0.813039 0.900474 0.111237 0.190104
