0 0.487952 0.395982 0.094832 0.182426
0 0.416422 0.393439 0.077187 0.163716
0 0.355482 0.397752 0.072020 0.157131
0 0.314468 0.406050 0.045958 0.152347
0 0.286620 0.403287 0.049453 0.145913
0 0.571004 0.396698 0.095974 0.165127
0 0.630539 0.394576 0.058705 0.138497
0 0.672529 0.400883 0.054620 0.152498
0 0.237896 0.383558 0.068071 0.137578
0 0.529600 0.527395 0.068502 0.203616
0 0.588118 0.529082 0.072360 0.176621
0 0.635883 0.535288 0.075720 0.203742
0 0.678218 0.519927 0.051392 0.132957
0 0.709027 0.547550 0.047515 0.158868
0 0.481358 0.535278 0.066396 0.165693
0 0.434048 0.534479 0.071431 0.164698
0 0.381078 0.519698 0.061608 0.180764
0 0.334337 0.530804 0.060569 0.121210
0 0.290313 0.532114 0.055304 0.150345
0 0.261370 0.549407 0.072568 0.188532
