0 0.467495 0.416633 0.086640 0.140065
0 0.533711 0.410042 0.083035 0.150221
0 0.412294 0.428368 0.074287 0.128038
0 0.585489 0.405768 0.061693 0.137723
0 0.451799 0.553727 0.059277 0.117940
0 0.490967 0.546993 0.056565 0.118833
0 0.531316 0.549559 0.056946 0.126094
0 0.570512 0.543344 0.056837 0.124020
0 0.611234 0.546411 0.058725 0.146878
0 0.416076 0.573283 0.061343 0.157361
0 0.625166 0.402128 0.056068 0.148808
0 0.659280 0.418025 0.042239 0.148083
0 0.674364 0.421395 0.043661 0.135743
0 0.370205 0.438896 0.063806 0.125419
0 0.379887 0.573055 0.046488 0.119511
0 0.643155 0.544634 0.056543 0.133315
0 0.664768 0.537191 0.046442 0.112509
0 0.686260 0.533637 0.049894 0.092413
0 0.693932 0.513332 0.049981 0.081796
0 0.359558 0.574100 0.038189 0.107949
0 0.339440 0.573359 0.041688 0.099006
0 0.331976 0.557790 0.053596 0.094075
0 0.695257 0.428947 0.036293 0.116865
0 0.707429 0.429674 0.026157 0.084651
0 0.347294 0.458779 0.052922 0.115095
0 0.328250 0.467933 0.042132 0.119731
0 0.313758 0.476598 0.038832 0.098868
0 0.299528 0.480256 0.032822 0.089449
