0 0.497325 0.133123 0.087190 0.109690
0 0.447228 0.151937 0.089617 0.123357
0 0.397023 0.199283 0.121707 0.164624
0 0.341312 0.275738 0.121792 0.146076
0 0.292060 0.362798 0.121320 0.150336
0 0.235309 0.471823 0.171867 0.224262
0 0.178817 0.611288 0.172012 0.212281
0 0.548720 0.127976 0.084175 0.115548
0 0.596383 0.154777 0.089556 0.116790
0 0.631563 0.200570 0.114285 0.164003
0 0.654628 0.283060 0.109818 0.150957
0 0.668627 0.375001 0.113250 0.162672
0 0.681752 0.479500 0.170178 0.207489
0 0.669421 0.634628 0.151254 0.207489
