0 0.506002 0.873468 0.122948 0.169279
0 0.418179 0.868719 0.112983 0.171248
0 0.371018 0.786422 0.141936 0.193181
0 0.318795 0.666516 0.164836 0.195723
0 0.299041 0.528953 0.151751 0.182639
0 0.267310 0.381532 0.169684 0.227949
0 0.245599 0.233215 0.166377 0.202178
0 0.604897 0.858042 0.134529 0.178052
0 0.682606 0.869047 0.110200 0.175485
0 0.712602 0.747360 0.117195 0.167036
0 0.744028 0.625698 0.170290 0.180819
0 0.777746 0.495500 0.152693 0.154799
0 0.788262 0.343457 0.163893 0.223562
0 0.809475 0.192672 0.152050 0.199786
