0 0.298402 0.161062 0.090186 0.117373
0 0.258403 0.197208 0.084293 0.110673
0 0.222024 0.245393 0.116558 0.146973
0 0.190026 0.326113 0.120093 0.149969
0 0.206322 0.416363 0.128029 0.143901
0 0.212265 0.528311 0.170051 0.216616
0 0.232380 0.675492 0.123957 0.179683
0 0.344961 0.133211 0.091211 0.113551
0 0.394077 0.153166 0.095784 0.122970
0 0.438958 0.138184 0.093728 0.125492
0 0.496512 0.198456 0.118917 0.150678
0 0.544063 0.265548 0.118490 0.161830
0 0.599219 0.353665 0.158264 0.203216
0 0.657951 0.478670 0.143535 0.189026
