0 0.377798 0.882264 0.161376 0.207885
0 0.301413 0.866075 0.130593 0.194443
0 0.255200 0.782013 0.146810 0.192623
0 0.251753 0.652636 0.156569 0.174631
0 0.238153 0.538714 0.161520 0.183051
0 0.241091 0.381083 0.206294 0.251422
0 0.257699 0.222087 0.203210 0.218503
0 0.485343 0.910542 0.153376 0.175253
0 0.559591 0.920998 0.108210 0.158003
0 0.635921 0.839259 0.169735 0.208267
0 0.689306 0.737017 0.158972 0.191258
0 0.761149 0.636352 0.182975 0.199653
0 0.818192 0.494601 0.198688 0.254916
0 0.877818 0.353351 0.208161 0.226924
