0 0.458919 0.422304 0.087877 0.163966
0 0.391047 0.415874 0.069302 0.129672
0 0.337463 0.400334 0.073588 0.145748
0 0.293524 0.408908 0.065729 0.135031
0 0.273520 0.426055 0.042867 0.107167
0 0.251729 0.420160 0.043581 0.108239
0 0.229581 0.411587 0.042152 0.110382
0 0.537866 0.430341 0.085734 0.158608
0 0.597880 0.427126 0.058585 0.143604
0 0.641104 0.428198 0.060728 0.135031
0 0.670753 0.439450 0.047154 0.118956
0 0.688257 0.447488 0.036437 0.098594
0 0.703975 0.441058 0.016432 0.092164
0 0.498214 0.645748 0.055013 0.122171
0 0.541081 0.645212 0.055013 0.118956
0 0.583591 0.662894 0.060014 0.126457
0 0.619670 0.643604 0.057870 0.115741
0 0.646819 0.636638 0.046439 0.108239
0 0.674326 0.614133 0.041438 0.093236
0 0.454275 0.637710 0.054298 0.121099
0 0.404264 0.638782 0.062872 0.129672
0 0.355681 0.644140 0.064300 0.140389
0 0.313886 0.632352 0.056441 0.118956
0 0.286737 0.626993 0.043581 0.118956
0 0.256373 0.614133 0.055727 0.106096
0 0.219936 0.579840 0.057156 0.108239
