0 0.441119 0.239819 0.097289 0.142165
0 0.374275 0.259795 0.087319 0.117501
0 0.333235 0.324543 0.105775 0.140602
0 0.296877 0.416707 0.126271 0.137910
0 0.270397 0.493979 0.108187 0.146107
0 0.238491 0.608163 0.132301 0.201156
0 0.196150 0.734486 0.147974 0.187454
0 0.520737 0.246911 0.096640 0.136876
0 0.582873 0.265277 0.084120 0.119713
0 0.625463 0.333583 0.105775 0.140602
0 0.643684 0.410975 0.112360 0.151829
0 0.657964 0.498620 0.113936 0.136396
0 0.666029 0.615028 0.145285 0.207959
0 0.687541 0.738454 0.132578 0.175146
0 0.677198 0.844549 0.115049 0.131324
