0 0.399939 0.692305 0.135299 0.186166
0 0.342157 0.647507 0.124523 0.176025
0 0.318303 0.555959 0.147453 0.189423
0 0.333389 0.437153 0.153002 0.186074
0 0.323058 0.364585 0.135604 0.157232
0 0.340543 0.271549 0.148814 0.170444
0 0.362718 0.178375 0.111584 0.109691
0 0.485706 0.719475 0.130413 0.167931
0 0.563166 0.722082 0.122770 0.163465
0 0.624891 0.668821 0.132167 0.180491
0 0.670139 0.597185 0.150210 0.175654
0 0.731371 0.521456 0.128659 0.155372
0 0.764644 0.442423 0.132489 0.163652
0 0.805041 0.361111 0.115092 0.134811
