0 0.477265 0.152778 0.078538 0.144676
0 0.421462 0.176546 0.093695 0.142609
0 0.362902 0.209615 0.089561 0.150876
0 0.303001 0.285706 0.096523 0.137714
0 0.229938 0.439845 0.133000 0.216252
0 0.189327 0.600512 0.116756 0.229959
0 0.172576 0.785545 0.109649 0.240619
0 0.532996 0.161154 0.075130 0.143153
0 0.584775 0.196942 0.081222 0.153813
0 0.623355 0.241868 0.105588 0.167519
0 0.662443 0.343902 0.078176 0.152290
0 0.689348 0.450506 0.105588 0.146199
0 0.743665 0.678180 0.133000 0.211684
0 0.746203 0.846461 0.117771 0.204069
