0 0.451878 0.906855 0.148165 0.186290
0 0.371950 0.873226 0.122342 0.184898
0 0.328004 0.758033 0.128939 0.199507
0 0.311125 0.631460 0.147216 0.164743
0 0.297456 0.507163 0.159871 0.188843
0 0.296595 0.338949 0.197429 0.281340
0 0.277873 0.201190 0.166695 0.189560
0 0.551495 0.901508 0.159644 0.196984
0 0.629550 0.855036 0.122388 0.177313
0 0.697366 0.780042 0.129754 0.159112
0 0.734602 0.651397 0.152556 0.175424
0 0.775679 0.535441 0.166426 0.187002
0 0.811610 0.390493 0.197744 0.276313
0 0.857125 0.244612 0.174997 0.204348
