0 0.502383 0.242461 0.129256 0.198294
0 0.429620 0.223040 0.160551 0.233210
0 0.373708 0.276271 0.161880 0.196261
0 0.291070 0.358025 0.178943 0.198256
0 0.227808 0.456125 0.145841 0.165149
0 0.165018 0.588249 0.228969 0.293197
0 0.089731 0.753409 0.179463 0.250446
0 0.570262 0.231876 0.137776 0.217364
0 0.622719 0.276303 0.144898 0.224788
0 0.655232 0.363096 0.144603 0.214547
0 0.684202 0.482913 0.156861 0.197269
0 0.667009 0.596337 0.132602 0.148291
0 0.660917 0.733641 0.217533 0.283567
0 0.649628 0.889474 0.208418 0.221052
