0 0.414970 0.338815 0.160512 0.472412
0 0.325413 0.435282 0.117018 0.269769
0 0.268021 0.407418 0.125384 0.319721
0 0.206777 0.459338 0.121722 0.309661
0 0.544769 0.325570 0.159636 0.494729
0 0.652699 0.422609 0.117010 0.316946
0 0.723524 0.454983 0.103230 0.301567
0 0.767980 0.373780 0.161206 0.492300
0 0.864636 0.338046 0.149715 0.352850
0 0.908529 0.240684 0.109615 0.199986
0 0.538475 0.668038 0.116315 0.297058
0 0.616469 0.699376 0.110682 0.325350
0 0.693870 0.721236 0.121418 0.370811
0 0.767968 0.723561 0.109448 0.290022
0 0.822381 0.668604 0.151456 0.295410
0 0.872151 0.574508 0.103193 0.223154
0 0.454707 0.681444 0.104626 0.301615
0 0.375029 0.688156 0.116327 0.337309
0 0.301476 0.720201 0.128726 0.318139
0 0.225761 0.709089 0.114894 0.258848
0 0.155453 0.684034 0.138035 0.247894
0 0.115044 0.596035 0.130876 0.230002
