0 0.519573 0.189763 0.107744 0.154011
0 0.445061 0.199041 0.115437 0.149090
0 0.378577 0.239924 0.143812 0.190084
0 0.304707 0.360563 0.157264 0.195129
0 0.247616 0.484769 0.168152 0.201813
0 0.184826 0.637662 0.212082 0.292001
0 0.110858 0.820645 0.197914 0.239048
0 0.586844 0.207052 0.094523 0.126071
0 0.649704 0.241343 0.108494 0.130133
0 0.702427 0.304574 0.129895 0.155441
0 0.729211 0.416709 0.147527 0.200707
0 0.730538 0.547352 0.172761 0.199515
0 0.724811 0.711179 0.217166 0.267953
0 0.724981 0.894080 0.204430 0.211841
