0 0.361545 0.731161 0.146996 0.184642
0 0.320713 0.686316 0.119288 0.176393
0 0.296202 0.613294 0.105762 0.153458
0 0.297203 0.513404 0.117926 0.147784
0 0.298197 0.427720 0.128287 0.129927
0 0.314233 0.323922 0.173105 0.214972
0 0.331859 0.184296 0.145001 0.164159
0 0.438817 0.760502 0.123621 0.156074
0 0.507567 0.757032 0.102944 0.132800
0 0.563868 0.710875 0.116052 0.142666
0 0.612733 0.630846 0.116506 0.152202
0 0.657831 0.558412 0.109640 0.123603
0 0.703652 0.460299 0.158015 0.210584
0 0.761764 0.342840 0.161203 0.221882
