0 0.474910 0.340198 0.177767 0.297577
0 0.366486 0.325688 0.140248 0.264608
0 0.281236 0.285573 0.154582 0.315340
0 0.213734 0.301020 0.123763 0.245848
0 0.139817 0.284505 0.124906 0.221209
0 0.092710 0.267823 0.087741 0.173427
0 0.593633 0.351841 0.151747 0.282931
0 0.691487 0.334026 0.119515 0.272689
0 0.781344 0.340631 0.113521 0.279587
0 0.820099 0.366630 0.103030 0.253930
0 0.862615 0.387934 0.080386 0.202471
0 0.908880 0.356813 0.080656 0.167860
0 0.515149 0.636374 0.099976 0.219028
0 0.587009 0.647685 0.113791 0.244976
0 0.659877 0.666620 0.125591 0.285590
0 0.727447 0.659972 0.115453 0.245121
0 0.756656 0.632382 0.126568 0.221355
0 0.795536 0.628248 0.147821 0.238057
0 0.824829 0.583029 0.126965 0.170555
0 0.439360 0.637552 0.103919 0.224560
0 0.369800 0.621256 0.113665 0.248396
0 0.283674 0.627577 0.141005 0.298191
0 0.218828 0.624092 0.122652 0.263547
0 0.198004 0.567572 0.100704 0.176876
0 0.153233 0.568031 0.129088 0.216707
0 0.139948 0.497584 0.127441 0.197889
