0 0.372411 0.175207 0.122853 0.140854
0 0.322276 0.218555 0.137276 0.151310
0 0.285363 0.293527 0.136422 0.180661
0 0.267368 0.403141 0.151128 0.181333
0 0.262878 0.533712 0.149424 0.187561
0 0.280648 0.766661 0.183410 0.249921
0 0.312571 0.917896 0.186434 0.164208
0 0.439696 0.157411 0.114900 0.152427
0 0.504393 0.142477 0.133392 0.180072
0 0.577276 0.187853 0.114929 0.186322
0 0.631158 0.277011 0.156681 0.217395
0 0.692109 0.360079 0.123512 0.196736
0 0.821901 0.536471 0.202659 0.277714
0 0.903897 0.701520 0.167347 0.234774
