0 0.465098 0.471402 0.119882 0.246195
0 0.386188 0.496270 0.083462 0.211380
0 0.331558 0.492540 0.077392 0.169104
0 0.282998 0.491296 0.068287 0.136775
0 0.261753 0.519895 0.047042 0.119367
0 0.234438 0.507460 0.056147 0.124341
0 0.208641 0.496270 0.062217 0.126828
0 0.565252 0.480105 0.110777 0.238735
0 0.682100 0.492540 0.101672 0.198946
0 0.735971 0.498757 0.051595 0.171591
0 0.764044 0.500000 0.037937 0.149209
0 0.795912 0.481349 0.062217 0.151696
0 0.834608 0.463941 0.045525 0.146722
0 0.539455 0.657913 0.077392 0.186511
0 0.596361 0.661643 0.069805 0.179051
0 0.650991 0.664130 0.088015 0.203919
0 0.707897 0.640505 0.065252 0.161643
0 0.740523 0.616881 0.066770 0.164130
0 0.783772 0.600716 0.095602 0.171591
0 0.829297 0.568388 0.074357 0.126828
0 0.477238 0.656670 0.080427 0.203919
0 0.415779 0.638019 0.075875 0.196459
0 0.353562 0.639262 0.088015 0.208893
0 0.305537 0.618941 0.072580 0.143241
0 0.283685 0.598478 0.067897 0.135567
0 0.251297 0.601675 0.062434 0.113825
0 0.207984 0.590804 0.067897 0.127894
