0 0.464506 0.901042 0.130401 0.181713
0 0.367284 0.872106 0.122685 0.165509
0 0.305170 0.771412 0.129630 0.204861
0 0.248457 0.663194 0.127315 0.166667
0 0.225309 0.524306 0.139660 0.173611
0 0.223380 0.366319 0.160494 0.228009
0 0.205633 0.205440 0.117284 0.221065
0 0.229167 0.084491 0.074846 0.081019
0 0.626929 0.891204 0.109568 0.164352
0 0.702546 0.823495 0.128086 0.190972
0 0.761960 0.706019 0.128086 0.196759
0 0.805170 0.597222 0.120370 0.182870
0 0.833333 0.451389 0.145833 0.277778
0 0.839892 0.278356 0.126543 0.195602
