0 0.404525 0.284688 0.076026 0.122549
0 0.359137 0.304262 0.073756 0.110635
0 0.312046 0.311921 0.072622 0.112337
0 0.297862 0.401280 0.094181 0.141272
0 0.288784 0.478724 0.089642 0.119145
0 0.278572 0.573189 0.125953 0.199142
0 0.255878 0.682972 0.098720 0.170207
0 0.456155 0.281284 0.065813 0.115741
0 0.497572 0.268519 0.078295 0.110635
0 0.545797 0.288943 0.065813 0.117443
0 0.571895 0.362983 0.083969 0.139570
0 0.590618 0.433619 0.087373 0.117443
0 0.618419 0.503404 0.088508 0.131059
0 0.624092 0.599571 0.095316 0.136166
0 0.641680 0.682121 0.076026 0.103826
