0 0.465720 0.458117 0.150857 0.201003
0 0.399535 0.475368 0.107597 0.176866
0 0.341134 0.471219 0.114104 0.192827
0 0.312089 0.497351 0.070802 0.139407
0 0.295880 0.489809 0.062847 0.135364
0 0.280054 0.478597 0.063704 0.131770
0 0.532288 0.442546 0.142364 0.194357
0 0.594449 0.421160 0.111367 0.177859
0 0.646877 0.397967 0.111633 0.199232
0 0.685974 0.413664 0.061824 0.132905
0 0.696188 0.392953 0.057028 0.124519
0 0.706530 0.379775 0.060470 0.118341
0 0.712887 0.349375 0.042146 0.081206
0 0.515380 0.592652 0.083946 0.128782
0 0.469541 0.613764 0.109787 0.158646
0 0.421110 0.626300 0.120603 0.199014
0 0.380295 0.624433 0.098256 0.155557
0 0.353590 0.601642 0.080308 0.109278
0 0.318144 0.607905 0.081855 0.128987
0 0.288559 0.582413 0.092674 0.133753
0 0.561210 0.593444 0.090010 0.145487
0 0.604708 0.590413 0.095663 0.161940
0 0.650518 0.576341 0.115448 0.187780
0 0.691989 0.561276 0.084840 0.154060
0 0.708865 0.542021 0.077114 0.125227
0 0.725240 0.514636 0.114026 0.131383
0 0.741322 0.468283 0.083699 0.106452
