0 0.477138 0.107232 0.067873 0.106096
0 0.419267 0.113126 0.075017 0.122171
0 0.361754 0.146884 0.078589 0.159679
0 0.320673 0.243334 0.099308 0.146819
0 0.291381 0.338713 0.105024 0.151106
0 0.253872 0.445880 0.127172 0.204690
0 0.218150 0.595379 0.137174 0.195045
0 0.177069 0.688615 0.082162 0.113597
0 0.531436 0.112054 0.059299 0.111454
0 0.582519 0.124378 0.067158 0.123242
0 0.629672 0.166174 0.084305 0.166109
0 0.663252 0.267983 0.101452 0.133959
0 0.678612 0.358539 0.106453 0.139318
0 0.691830 0.479102 0.142890 0.198260
0 0.713263 0.637710 0.120027 0.183256
0 0.729695 0.771133 0.124314 0.141461
