0 0.483410 0.832176 0.134259 0.180556
0 0.380401 0.806713 0.114969 0.201389
0 0.319444 0.739583 0.144290 0.224537
0 0.275849 0.594329 0.152778 0.207176
0 0.241512 0.466435 0.162809 0.189815
0 0.197145 0.308449 0.203704 0.292824
0 0.148920 0.137153 0.155093 0.262731
0 0.590664 0.790509 0.152778 0.203704
0 0.689043 0.730324 0.131944 0.210648
0 0.741127 0.626157 0.132716 0.208333
0 0.766204 0.468750 0.161265 0.210648
0 0.792438 0.335648 0.155093 0.192130
0 0.807099 0.151620 0.195216 0.259259
0 0.857253 0.042245 0.141204 0.072917
