0 0.491044 0.452464 0.097828 0.165344
0 0.433174 0.450397 0.073027 0.165344
0 0.380815 0.448330 0.075783 0.148810
0 0.344301 0.450397 0.038580 0.128142
0 0.323849 0.444346 0.041768 0.111906
0 0.294330 0.430761 0.048536 0.094273
0 0.264773 0.417693 0.042936 0.101740
0 0.563834 0.452378 0.087609 0.163966
0 0.628938 0.445144 0.074749 0.151910
0 0.674351 0.437910 0.067515 0.156732
0 0.713333 0.446952 0.037776 0.124180
0 0.726997 0.454186 0.031346 0.092834
0 0.749904 0.447555 0.032150 0.096451
0 0.771203 0.433690 0.039384 0.085600
0 0.552984 0.625989 0.053048 0.120563
0 0.599601 0.620563 0.067515 0.138648
0 0.651444 0.633825 0.069927 0.126591
0 0.689220 0.620563 0.053852 0.126591
0 0.709314 0.603082 0.040992 0.098862
0 0.719637 0.583252 0.067346 0.099496
0 0.747895 0.557870 0.060239 0.108634
0 0.510368 0.625000 0.059317 0.122975
0 0.469377 0.627170 0.060282 0.124421
0 0.421875 0.633681 0.059799 0.137442
0 0.384742 0.614511 0.045332 0.120804
0 0.361593 0.601852 0.047261 0.101273
0 0.347126 0.583767 0.090664 0.118634
0 0.325907 0.526620 0.058835 0.056424
