0 0.463207 0.353137 0.066025 0.090644
0 0.425565 0.362510 0.066662 0.103425
0 0.389047 0.392887 0.071884 0.126225
0 0.367657 0.429798 0.082183 0.116712
0 0.353742 0.489754 0.096466 0.118213
0 0.323777 0.568729 0.106760 0.148962
0 0.314800 0.658496 0.094697 0.134980
0 0.503124 0.341359 0.062416 0.096622
0 0.543076 0.343660 0.058659 0.087750
0 0.569477 0.354425 0.054185 0.098935
0 0.584376 0.379398 0.080302 0.132407
0 0.605791 0.438890 0.060763 0.094329
0 0.648348 0.493453 0.082744 0.142200
0 0.677484 0.574882 0.075641 0.135096
