0 0.417196 0.286286 0.094471 0.146441
0 0.352253 0.300509 0.107419 0.154632
0 0.290631 0.339456 0.113164 0.168706
0 0.235728 0.442336 0.134433 0.192359
0 0.207948 0.556081 0.146178 0.161672
0 0.166525 0.721988 0.181899 0.269974
0 0.118318 0.881246 0.167006 0.192814
0 0.475688 0.283056 0.098655 0.146660
0 0.546263 0.297456 0.104269 0.158223
0 0.611394 0.343676 0.129102 0.202097
0 0.661703 0.432556 0.125999 0.190665
0 0.694498 0.551363 0.137273 0.198769
0 0.721873 0.709545 0.176125 0.287201
0 0.757893 0.882763 0.170458 0.234475
