0 0.473345 0.423759 0.187103 0.334854
0 0.373454 0.439201 0.155192 0.284431
0 0.295956 0.456253 0.154946 0.253675
0 0.242641 0.481851 0.117112 0.210699
0 0.195285 0.474497 0.101689 0.181906
0 0.172003 0.511480 0.142502 0.210721
0 0.148422 0.517388 0.177680 0.197906
0 0.572137 0.407205 0.193204 0.311473
0 0.663643 0.378158 0.178560 0.295115
0 0.732825 0.366035 0.126295 0.228452
0 0.790802 0.366689 0.112041 0.218312
0 0.840144 0.368358 0.102362 0.198005
0 0.878548 0.356919 0.093285 0.176588
0 0.554651 0.771612 0.142890 0.246418
0 0.619649 0.762952 0.141259 0.233818
0 0.686474 0.738702 0.140372 0.254527
0 0.740180 0.703754 0.147360 0.210437
0 0.792963 0.682233 0.125553 0.195143
0 0.810269 0.657672 0.166190 0.210412
0 0.840821 0.596754 0.156935 0.204928
0 0.484600 0.779267 0.136969 0.224385
0 0.408202 0.781532 0.155797 0.253840
0 0.351978 0.810345 0.128459 0.222731
0 0.305972 0.773582 0.143460 0.207222
0 0.267127 0.748675 0.159664 0.218970
0 0.228778 0.742219 0.189344 0.228424
