0 0.418884 0.367107 0.190978 0.273125
0 0.333090 0.393992 0.151924 0.238661
0 0.248683 0.377497 0.152938 0.295093
0 0.206118 0.400891 0.099779 0.211777
0 0.186278 0.413730 0.096792 0.211088
0 0.153074 0.438502 0.126224 0.225305
0 0.090915 0.383837 0.106898 0.202817
0 0.531539 0.332250 0.207147 0.303367
0 0.640492 0.317124 0.157266 0.252618
0 0.705541 0.299157 0.137773 0.266144
0 0.772686 0.278347 0.124189 0.247102
0 0.806601 0.309448 0.075885 0.178692
0 0.822721 0.283901 0.076944 0.158790
0 0.599669 0.581373 0.146586 0.252273
0 0.664991 0.566292 0.141418 0.257442
0 0.721557 0.562671 0.149751 0.299659
0 0.773054 0.549012 0.139554 0.270796
0 0.799654 0.524585 0.110401 0.205747
0 0.841498 0.474224 0.144483 0.212555
0 0.500523 0.606622 0.140901 0.255202
0 0.427862 0.608651 0.146498 0.242710
0 0.357514 0.618993 0.150406 0.262698
0 0.287929 0.646265 0.146932 0.262956
0 0.251874 0.612709 0.132827 0.214105
0 0.170455 0.610860 0.159327 0.206439
