0 0.319602 0.286737 0.062872 0.096451
0 0.283522 0.237440 0.072159 0.090021
0 0.258159 0.297990 0.081447 0.116812
0 0.237440 0.374078 0.082876 0.110382
0 0.204218 0.440522 0.085019 0.110382
0 0.188143 0.538044 0.105738 0.155393
0 0.168496 0.656464 0.107882 0.150034
0 0.151349 0.764168 0.079304 0.153249
0 0.363897 0.270662 0.055727 0.098594
0 0.411051 0.261017 0.064300 0.100737
0 0.451417 0.242798 0.067873 0.124314
0 0.464992 0.319959 0.075017 0.120027
0 0.485354 0.405157 0.085734 0.110382
0 0.514646 0.493034 0.108596 0.148963
0 0.547511 0.592700 0.095736 0.138246
0 0.573588 0.718621 0.085019 0.160751
