0 0.438111 0.725453 0.109311 0.137442
0 0.424447 0.648293 0.104488 0.166377
0 0.351305 0.666377 0.112526 0.144676
0 0.346483 0.536169 0.112526 0.168789
0 0.308706 0.446952 0.120563 0.139853
0 0.273341 0.333623 0.152713 0.212191
0 0.262088 0.229938 0.114133 0.154321
0 0.545010 0.742332 0.114133 0.176022
0 0.601273 0.691696 0.091628 0.142265
0 0.659144 0.633825 0.107703 0.161555
0 0.678434 0.514468 0.114133 0.154321
0 0.712995 0.410783 0.112526 0.168789
0 0.753183 0.305893 0.138246 0.195313
0 0.771669 0.178096 0.139853 0.151910
