0 0.411748 0.273025 0.090382 0.144009
0 0.374967 0.278543 0.080453 0.132933
0 0.334595 0.298958 0.100225 0.143238
0 0.304528 0.336283 0.104917 0.130433
0 0.308459 0.384611 0.127734 0.158696
0 0.298264 0.486988 0.139764 0.172445
0 0.304067 0.593290 0.128771 0.177230
0 0.454400 0.271522 0.091625 0.143243
0 0.493655 0.277562 0.079788 0.127392
0 0.538840 0.274819 0.101554 0.154319
0 0.572430 0.324884 0.109969 0.147817
0 0.607399 0.383736 0.101867 0.121072
0 0.640494 0.459492 0.143107 0.174354
0 0.674234 0.570395 0.122098 0.156216
