0 0.390046 0.647569 0.129630 0.190972
0 0.317901 0.582755 0.116512 0.160880
0 0.256944 0.498843 0.133488 0.196759
0 0.212963 0.365741 0.150463 0.175926
0 0.180556 0.253472 0.141204 0.162037
0 0.158565 0.106481 0.160494 0.201389
0 0.095679 0.037616 0.081019 0.065972
0 0.498071 0.681134 0.140432 0.184028
0 0.578318 0.612847 0.117284 0.151620
0 0.636960 0.523727 0.128086 0.172454
0 0.677855 0.411458 0.137346 0.167824
0 0.712191 0.284722 0.138117 0.162037
0 0.745370 0.159144 0.139660 0.214120
0 0.766204 0.043981 0.099537 0.085648
