0 0.478849 0.235017 0.112615 0.233686
0 0.400218 0.232271 0.090320 0.193454
0 0.350251 0.230526 0.084329 0.177000
0 0.298878 0.235711 0.080500 0.155980
0 0.256045 0.229563 0.088202 0.177135
0 0.212183 0.164055 0.073491 0.132528
0 0.577437 0.232644 0.132019 0.257571
0 0.710050 0.233203 0.113313 0.209342
0 0.766184 0.291579 0.081230 0.176892
0 0.802716 0.289365 0.067205 0.174081
0 0.847658 0.235101 0.057879 0.106454
0 0.538649 0.510458 0.079555 0.195399
0 0.593514 0.538545 0.090758 0.250328
0 0.657326 0.554732 0.099154 0.269187
0 0.713811 0.525298 0.079146 0.205828
0 0.757232 0.514601 0.093662 0.200533
0 0.798486 0.466024 0.135738 0.208965
0 0.844520 0.358290 0.101291 0.175272
0 0.481020 0.528220 0.078773 0.239466
0 0.419392 0.527231 0.098464 0.249437
0 0.362576 0.532807 0.100777 0.315658
0 0.307970 0.464016 0.082617 0.172299
0 0.244169 0.514132 0.098281 0.133393
0 0.230458 0.451422 0.116877 0.111996
0 0.221903 0.374352 0.152955 0.148067
0 0.187921 0.270222 0.139413 0.181244
