0 0.352518 0.849774 0.222559 0.281936
0 0.292668 0.795019 0.190269 0.251758
0 0.269192 0.653690 0.178654 0.234156
0 0.265348 0.510452 0.179514 0.211619
0 0.284373 0.394852 0.210748 0.230337
0 0.316689 0.232622 0.241164 0.302652
0 0.345828 0.081152 0.190666 0.162304
0 0.461030 0.892517 0.186378 0.214965
0 0.554148 0.880618 0.162592 0.225713
0 0.637966 0.802694 0.197397 0.247458
0 0.716755 0.701913 0.183376 0.210584
0 0.780684 0.591175 0.175374 0.227068
0 0.857759 0.431378 0.263798 0.335625
0 0.908686 0.267718 0.182629 0.315235
0 0.958908 0.162399 0.082184 0.121834
