0 0.388592 0.914861 0.098027 0.141731
0 0.312664 0.868157 0.092157 0.133386
0 0.259802 0.809713 0.101285 0.163115
0 0.231772 0.714281 0.120023 0.153847
0 0.214089 0.623579 0.107068 0.145007
0 0.188344 0.533649 0.127751 0.188768
0 0.168141 0.428082 0.128407 0.172946
0 0.470579 0.924660 0.111153 0.150679
0 0.531933 0.850107 0.093742 0.130852
0 0.583696 0.784291 0.097743 0.162868
0 0.613360 0.678205 0.109211 0.150446
0 0.640231 0.586613 0.123663 0.130300
0 0.655076 0.488838 0.134748 0.162811
0 0.677377 0.386244 0.131119 0.136111
