0 0.467006 0.476708 0.177106 0.248597
0 0.364053 0.451377 0.129375 0.233704
0 0.280276 0.414120 0.164128 0.263538
0 0.203860 0.365264 0.140498 0.258791
0 0.146204 0.350698 0.127193 0.249589
0 0.085567 0.349473 0.139553 0.247991
0 0.616717 0.485725 0.191738 0.252557
0 0.730748 0.498422 0.138136 0.231791
0 0.826538 0.460551 0.153657 0.286736
0 0.915393 0.439758 0.108344 0.258658
0 0.961320 0.461638 0.077360 0.216111
0 0.974035 0.459132 0.051931 0.217491
0 0.576372 0.718894 0.128194 0.220204
0 0.655285 0.708114 0.117161 0.216559
0 0.733788 0.737672 0.129890 0.260007
0 0.797130 0.743214 0.108224 0.240963
0 0.846323 0.752959 0.125383 0.257469
0 0.879789 0.735210 0.169371 0.237739
0 0.918352 0.725525 0.145581 0.227084
0 0.487807 0.713975 0.119597 0.207663
0 0.403969 0.702287 0.125049 0.221001
0 0.319412 0.690536 0.136099 0.281985
0 0.238925 0.673700 0.125688 0.244635
0 0.191055 0.648835 0.121414 0.212109
0 0.121302 0.691705 0.106668 0.255832
0 0.099182 0.621209 0.156720 0.223772
0 0.086587 0.533045 0.164457 0.181579
