0 0.461314 0.405925 0.202923 0.293908
0 0.358504 0.370488 0.143022 0.267606
0 0.292264 0.368300 0.137479 0.271875
0 0.229210 0.373373 0.101158 0.188872
0 0.603365 0.440463 0.193901 0.274479
0 0.716152 0.453093 0.167164 0.285504
0 0.778245 0.483024 0.139603 0.268053
0 0.832778 0.509389 0.100323 0.231746
0 0.433538 0.774543 0.136320 0.209763
0 0.354598 0.757832 0.133027 0.222823
0 0.283919 0.747044 0.144382 0.259452
0 0.213637 0.693894 0.145552 0.250214
0 0.520581 0.804407 0.135426 0.228492
0 0.595974 0.813792 0.141005 0.264103
0 0.656024 0.810981 0.129323 0.285127
0 0.719583 0.771381 0.123450 0.220085
