0 0.324083 0.147026 0.155531 0.233522
0 0.271097 0.199578 0.146304 0.178789
0 0.222456 0.207891 0.156024 0.199737
0 0.239898 0.356380 0.199864 0.214611
0 0.206990 0.476973 0.181886 0.223822
0 0.196823 0.647959 0.212205 0.314420
0 0.195357 0.913548 0.165682 0.172903
0 0.385292 0.105437 0.132544 0.195173
0 0.463800 0.117584 0.149785 0.211230
0 0.516163 0.179349 0.173568 0.239146
0 0.610840 0.223753 0.139269 0.200715
0 0.624369 0.363868 0.186657 0.212044
0 0.716715 0.486378 0.231466 0.311811
0 0.799819 0.690622 0.212329 0.293268
0 0.857827 0.853540 0.185800 0.196080
