0 0.480209 0.343621 0.141952 0.233806
0 0.387899 0.358387 0.093541 0.196889
0 0.323077 0.353465 0.080412 0.187045
0 0.302563 0.387921 0.068925 0.152589
0 0.279999 0.393458 0.061540 0.136592
0 0.239793 0.367001 0.059899 0.123056
0 0.209433 0.351619 0.036924 0.102136
0 0.587699 0.356542 0.135388 0.210425
0 0.685342 0.352850 0.097643 0.195659
0 0.755087 0.354081 0.076310 0.203042
0 0.794883 0.373154 0.050873 0.152589
0 0.820730 0.370693 0.046770 0.137822
0 0.853125 0.359892 0.042748 0.079956
0 0.456999 0.557738 0.075255 0.186693
0 0.389130 0.568813 0.084398 0.183529
0 0.340953 0.551937 0.058375 0.172981
0 0.286797 0.569868 0.076661 0.135010
0 0.518539 0.548772 0.094244 0.172981
0 0.601882 0.549300 0.107607 0.186693
0 0.676082 0.534533 0.095651 0.171926
0 0.731292 0.511856 0.089321 0.181419
0 0.765051 0.487069 0.066815 0.127626
0 0.807953 0.468083 0.100574 0.123407
0 0.839251 0.415345 0.061892 0.085436
0 0.268921 0.504209 0.091900 0.143975
0 0.237331 0.438374 0.058258 0.100906
