0 0.375911 0.278464 0.134739 0.255870
0 0.303669 0.259393 0.077294 0.119438
0 0.298785 0.364005 0.130075 0.256396
0 0.235010 0.369239 0.112286 0.243870
0 0.176063 0.335656 0.076190 0.117849
0 0.172591 0.388070 0.106742 0.148395
0 0.716706 0.257666 0.123048 0.277153
0 0.789588 0.263647 0.083037 0.270271
0 0.818230 0.219386 0.092777 0.115371
0 0.819090 0.323354 0.162916 0.309012
0 0.906065 0.354087 0.078333 0.215426
0 0.537378 0.592115 0.127854 0.254264
0 0.456324 0.610667 0.115219 0.252956
0 0.383824 0.614724 0.106443 0.249064
0 0.325329 0.603013 0.092984 0.240795
0 0.266068 0.605307 0.094044 0.236906
0 0.190854 0.610866 0.129153 0.220400
0 0.157775 0.545307 0.121696 0.168378
0 0.611635 0.572377 0.105110 0.246652
0 0.680550 0.582395 0.100745 0.258113
0 0.735327 0.604009 0.085052 0.252205
0 0.779835 0.594817 0.099178 0.247338
0 0.831814 0.593946 0.085495 0.230781
0 0.885225 0.611930 0.092936 0.222108
