0 0.369443 0.195741 0.088706 0.131808
0 0.341117 0.229142 0.091906 0.125214
0 0.313605 0.270928 0.130461 0.157898
0 0.294828 0.342638 0.105544 0.125143
0 0.297065 0.420546 0.114108 0.129300
0 0.297882 0.538628 0.145478 0.186137
0 0.334171 0.668713 0.141176 0.170083
0 0.405152 0.181871 0.090044 0.132166
0 0.454658 0.179361 0.091643 0.128869
0 0.497888 0.188211 0.101571 0.152020
0 0.556431 0.243504 0.091106 0.126863
0 0.597604 0.319584 0.115459 0.138976
0 0.652325 0.422146 0.161005 0.197749
0 0.709604 0.536928 0.145753 0.191799
