0 0.532956 0.161608 0.085710 0.132004
0 0.494637 0.190829 0.082486 0.135870
0 0.450976 0.213933 0.101215 0.138334
0 0.412811 0.278893 0.103518 0.120618
0 0.378331 0.342144 0.131121 0.155311
0 0.329343 0.437187 0.141775 0.186401
0 0.289513 0.569883 0.137246 0.179370
0 0.575949 0.180711 0.074917 0.114539
0 0.615235 0.199026 0.095827 0.146292
0 0.644711 0.242657 0.123430 0.180985
0 0.657515 0.312638 0.096687 0.131303
0 0.661768 0.391596 0.119223 0.142162
0 0.661292 0.492799 0.156805 0.204767
0 0.669590 0.628251 0.135082 0.183461
