0 0.448146 0.351425 0.141225 0.242027
0 0.360105 0.343003 0.145638 0.255222
0 0.285672 0.322578 0.121650 0.247271
0 0.238664 0.338168 0.087750 0.249644
0 0.204371 0.355985 0.086634 0.195073
0 0.137400 0.209259 0.093601 0.123002
0 0.561920 0.326283 0.141885 0.283542
0 0.649877 0.325790 0.108402 0.275260
0 0.711906 0.307753 0.105440 0.303608
0 0.752468 0.303228 0.071295 0.276335
0 0.786686 0.332944 0.055266 0.247324
0 0.821127 0.333552 0.075255 0.253949
0 0.853832 0.281812 0.066984 0.152895
0 0.465621 0.622390 0.095131 0.189442
0 0.396027 0.607482 0.097456 0.233386
0 0.333267 0.612421 0.099619 0.250058
0 0.160662 0.397240 0.137563 0.227674
0 0.521653 0.605927 0.107245 0.219502
0 0.592328 0.612554 0.115652 0.256545
0 0.660817 0.625047 0.112694 0.262369
0 0.733553 0.629370 0.099253 0.194328
0 0.782809 0.602643 0.062884 0.140668
0 0.795994 0.530651 0.070905 0.147419
