0 0.463349 0.449219 0.095486 0.177951
0 0.391493 0.439815 0.079090 0.190972
0 0.341821 0.439091 0.070409 0.206887
0 0.306134 0.453559 0.051119 0.137442
0 0.271412 0.452112 0.056906 0.134549
0 0.244888 0.461516 0.048225 0.118634
0 0.536169 0.437645 0.081019 0.160590
0 0.596772 0.426794 0.071373 0.156250
0 0.644676 0.406539 0.062693 0.185185
0 0.682292 0.399306 0.039545 0.144676
0 0.707369 0.392072 0.041474 0.135995
0 0.729070 0.379051 0.038580 0.135995
0 0.450518 0.661309 0.051025 0.129742
0 0.401670 0.679977 0.065338 0.167077
0 0.364023 0.665976 0.053515 0.140942
0 0.333532 0.652442 0.062226 0.126941
0 0.301797 0.655242 0.078405 0.130675
0 0.270062 0.619306 0.077160 0.133475
0 0.491898 0.662864 0.057870 0.150463
0 0.531581 0.649223 0.056768 0.134755
0 0.577601 0.652530 0.065035 0.166171
0 0.617560 0.633929 0.068893 0.135582
0 0.646219 0.620288 0.073302 0.113261
0 0.671847 0.604167 0.094797 0.125661
0 0.691138 0.564484 0.098104 0.128968
