0 0.447160 0.396150 0.143723 0.219608
0 0.391665 0.360124 0.110075 0.184094
0 0.343089 0.362700 0.097722 0.181693
0 0.309342 0.354939 0.088394 0.164278
0 0.279907 0.350920 0.060598 0.133709
0 0.261958 0.338316 0.065058 0.144234
0 0.525903 0.407200 0.131029 0.189653
0 0.590377 0.417128 0.098827 0.168907
0 0.637600 0.419797 0.087674 0.186054
0 0.668008 0.441983 0.074188 0.158081
0 0.695104 0.438787 0.066138 0.145651
0 0.719622 0.437694 0.068474 0.132826
0 0.466234 0.613693 0.100325 0.184892
0 0.508090 0.628339 0.091056 0.166189
0 0.554965 0.643961 0.107085 0.203107
0 0.591035 0.623629 0.094819 0.181407
0 0.621406 0.608049 0.082867 0.148903
0 0.648885 0.598417 0.083181 0.138099
0 0.677501 0.550336 0.069026 0.109996
0 0.418244 0.605146 0.098798 0.196909
0 0.376813 0.595009 0.095955 0.178972
0 0.335215 0.578590 0.101084 0.195422
0 0.306301 0.546929 0.083688 0.168861
0 0.283939 0.528000 0.083522 0.151445
0 0.251332 0.511766 0.066711 0.127896
0 0.248388 0.467966 0.073431 0.112784
