0 0.477832 0.452378 0.098862 0.185667
0 0.420364 0.453583 0.065908 0.154321
0 0.372942 0.462023 0.057870 0.163966
0 0.344811 0.441527 0.041795 0.185667
0 0.328453 0.462071 0.028153 0.120433
0 0.315159 0.469892 0.029717 0.121997
0 0.291177 0.454251 0.039102 0.111049
0 0.549769 0.448777 0.086024 0.170483
0 0.614677 0.442912 0.069862 0.161881
0 0.663424 0.436655 0.067255 0.193162
0 0.700179 0.437046 0.050050 0.181431
0 0.724683 0.461680 0.033367 0.154060
0 0.743452 0.455033 0.027110 0.134510
0 0.498936 0.622779 0.068819 0.166573
0 0.456446 0.623952 0.074554 0.159535
0 0.401443 0.651714 0.068819 0.160317
0 0.363384 0.616523 0.039623 0.139984
0 0.350611 0.596581 0.047443 0.123561
0 0.322719 0.596190 0.041708 0.099318
0 0.309129 0.573607 0.032150 0.088328
0 0.547536 0.617291 0.064760 0.143643
0 0.597828 0.634859 0.067515 0.160177
0 0.650187 0.632275 0.067515 0.173611
0 0.682223 0.621424 0.059937 0.178778
0 0.706294 0.607474 0.041336 0.128968
0 0.727238 0.604580 0.039131 0.121528
0 0.739363 0.581019 0.043541 0.119048
0 0.757551 0.541749 0.049052 0.080192
