0 0.394463 0.849241 0.110307 0.239727
0 0.315538 0.802542 0.111167 0.191764
0 0.275070 0.727117 0.132357 0.183505
0 0.245981 0.570533 0.133079 0.153228
0 0.223336 0.447888 0.151763 0.154863
0 0.225224 0.299149 0.158535 0.251531
0 0.213650 0.123889 0.182760 0.247778
0 0.478790 0.873306 0.126093 0.208240
0 0.558680 0.840502 0.100308 0.183229
0 0.624747 0.760277 0.129851 0.193399
0 0.686625 0.639892 0.132803 0.188600
0 0.733759 0.541323 0.137453 0.183951
0 0.776884 0.410312 0.166444 0.264865
0 0.829771 0.255766 0.146338 0.227709
