0 0.467114 0.423036 0.114991 0.201978
0 0.390311 0.425671 0.094735 0.180669
0 0.325363 0.434854 0.088722 0.173248
0 0.282056 0.446811 0.060517 0.166183
0 0.252022 0.445938 0.063770 0.159573
0 0.556120 0.417582 0.114914 0.183584
0 0.619726 0.410851 0.073100 0.152344
0 0.665173 0.414460 0.069783 0.166994
0 0.198360 0.428461 0.083037 0.152065
0 0.521560 0.560638 0.088445 0.222639
0 0.584362 0.558061 0.090545 0.194093
0 0.635986 0.561129 0.096167 0.223315
0 0.680179 0.541509 0.064871 0.145879
0 0.715246 0.568782 0.062669 0.173267
0 0.470481 0.572692 0.083355 0.181972
0 0.419749 0.575380 0.088659 0.181287
0 0.361909 0.563520 0.079368 0.197712
0 0.312678 0.578913 0.073795 0.134018
0 0.265624 0.583613 0.070353 0.164745
0 0.235920 0.604299 0.091660 0.206832
