0 0.451683 0.397985 0.119699 0.210792
0 0.384799 0.408844 0.081720 0.157813
0 0.332547 0.406170 0.066933 0.170845
0 0.300133 0.419893 0.042336 0.145429
0 0.528844 0.399344 0.104166 0.186589
0 0.597317 0.410305 0.087108 0.176874
0 0.641385 0.402703 0.058678 0.167902
0 0.671491 0.418038 0.046468 0.144678
0 0.692633 0.442772 0.028574 0.110996
0 0.707962 0.451020 0.027231 0.116079
0 0.453327 0.500404 0.050944 0.077011
0 0.424073 0.492812 0.042298 0.057901
0 0.382057 0.496201 0.069784 0.083369
0 0.337128 0.489205 0.053428 0.071969
0 0.501160 0.500129 0.049161 0.067750
0 0.543372 0.500300 0.051718 0.071479
0 0.585156 0.502802 0.058712 0.083162
0 0.625401 0.496128 0.049085 0.085425
0 0.648800 0.502679 0.040062 0.085110
0 0.262542 0.483032 0.074984 0.095046
0 0.260353 0.397856 0.066528 0.111829
0 0.307489 0.502030 0.037808 0.059910
