0 0.518133 0.175926 0.087963 0.145833
0 0.449074 0.176505 0.085648 0.156250
0 0.392747 0.189815 0.102623 0.157407
0 0.330247 0.254051 0.102623 0.151620
0 0.262731 0.320602 0.115741 0.164352
0 0.232253 0.491898 0.142747 0.219907
0 0.178627 0.649306 0.148148 0.203704
0 0.148534 0.804977 0.114198 0.202546
0 0.574074 0.192130 0.088735 0.166667
0 0.625000 0.221065 0.108796 0.164352
0 0.663966 0.304977 0.091049 0.170139
0 0.700231 0.406829 0.106481 0.153935
0 0.730324 0.510417 0.092593 0.175926
0 0.762731 0.660301 0.135802 0.223380
0 0.768519 0.833912 0.130401 0.207176
