0 0.476326 0.818287 0.135031 0.173611
0 0.398405 0.801890 0.102881 0.154321
0 0.348251 0.736304 0.144033 0.196759
0 0.303241 0.629244 0.138889 0.140818
0 0.281379 0.440201 0.167181 0.221836
0 0.266590 0.306134 0.145319 0.219907
0 0.255658 0.195216 0.136317 0.148534
0 0.583591 0.829861 0.123457 0.152392
0 0.660108 0.794174 0.096451 0.127315
0 0.701260 0.704475 0.140175 0.179398
0 0.730838 0.585841 0.135031 0.150463
0 0.749486 0.498071 0.126029 0.133102
0 0.767490 0.390046 0.167181 0.221836
0 0.787423 0.255015 0.160751 0.214120
