0 0.540581 0.338554 0.093694 0.146398
0 0.468822 0.327842 0.083312 0.159206
0 0.410802 0.321507 0.075756 0.158678
0 0.368887 0.312882 0.068676 0.164949
0 0.620015 0.348095 0.101683 0.163874
0 0.686584 0.351611 0.088241 0.165190
0 0.726177 0.377157 0.081917 0.171514
0 0.762924 0.394532 0.053132 0.146945
0 0.788500 0.419668 0.056867 0.157357
0 0.823842 0.381139 0.049555 0.138801
0 0.558747 0.632517 0.062838 0.135218
0 0.604121 0.635120 0.071667 0.132452
0 0.648683 0.654750 0.068676 0.164949
0 0.689486 0.668422 0.055874 0.153904
0 0.727057 0.641439 0.094529 0.147585
0 0.512539 0.630994 0.072058 0.159547
0 0.463967 0.636139 0.070589 0.149294
0 0.417556 0.615810 0.078303 0.152089
0 0.380512 0.608095 0.066415 0.143363
0 0.353943 0.586307 0.084310 0.141231
0 0.323713 0.470305 0.119811 0.186570
