0 0.410227 0.159455 0.080128 0.178063
0 0.364227 0.192842 0.094967 0.182514
0 0.315260 0.248486 0.100902 0.160256
0 0.264809 0.340856 0.106838 0.149127
0 0.228454 0.446581 0.111289 0.164708
0 0.199519 0.605725 0.145418 0.255965
0 0.166132 0.786013 0.129095 0.229256
0 0.155745 0.911770 0.087547 0.115741
0 0.469581 0.149439 0.083096 0.189192
0 0.528193 0.165020 0.090515 0.166934
0 0.576419 0.208422 0.091999 0.160256
0 0.642450 0.296341 0.108321 0.166934
0 0.671385 0.402066 0.115741 0.160256
0 0.716643 0.517806 0.152837 0.222578
0 0.744094 0.699208 0.133547 0.211449
0 0.768578 0.886173 0.102386 0.206998
