0 0.465961 0.350872 0.191042 0.256688
0 0.361787 0.301400 0.161556 0.244994
0 0.281516 0.268813 0.133338 0.248678
0 0.229704 0.244701 0.108850 0.216214
0 0.210171 0.186652 0.087652 0.215508
0 0.207935 0.083796 0.082584 0.167592
0 0.593243 0.388420 0.194007 0.259857
0 0.702271 0.379868 0.146876 0.259966
0 0.776918 0.386758 0.140297 0.267226
0 0.843737 0.346290 0.096802 0.208461
0 0.914688 0.281202 0.129895 0.186583
0 0.543220 0.558942 0.136695 0.220327
0 0.624724 0.587744 0.139698 0.219261
0 0.699883 0.604392 0.149569 0.275242
0 0.767485 0.606126 0.146666 0.258777
0 0.823562 0.605827 0.140016 0.251223
0 0.905598 0.519280 0.150774 0.203665
0 0.463607 0.548300 0.147672 0.222262
0 0.385609 0.541337 0.131597 0.203475
0 0.298312 0.529340 0.150376 0.273789
0 0.239243 0.482424 0.140987 0.238632
0 0.190149 0.471815 0.116595 0.244860
0 0.180592 0.353907 0.156297 0.195217
