0 0.437746 0.386489 0.172338 0.267303
0 0.324669 0.386637 0.126178 0.238305
0 0.252294 0.412557 0.108931 0.237099
0 0.206848 0.442838 0.076909 0.188227
0 0.171835 0.436052 0.057720 0.170932
0 0.146030 0.439205 0.067575 0.171621
0 0.117435 0.429150 0.054743 0.140044
0 0.568911 0.381410 0.163563 0.270371
0 0.673150 0.395514 0.114848 0.263283
0 0.740693 0.415108 0.099071 0.259726
0 0.793136 0.454713 0.063986 0.178733
0 0.822546 0.454291 0.054952 0.178101
0 0.855321 0.439977 0.050763 0.153265
0 0.882409 0.436171 0.041130 0.120685
0 0.425708 0.635353 0.116889 0.210658
0 0.352938 0.631503 0.105867 0.204978
0 0.280020 0.647472 0.108110 0.237041
0 0.220954 0.648298 0.085853 0.210942
0 0.185310 0.621021 0.067144 0.165455
0 0.153451 0.610161 0.069730 0.143463
0 0.125522 0.588169 0.057800 0.138083
0 0.122914 0.538558 0.034999 0.079759
0 0.500491 0.641961 0.111921 0.222928
0 0.583941 0.649371 0.107683 0.215774
0 0.659434 0.664094 0.104012 0.240456
0 0.710866 0.660135 0.095716 0.204961
0 0.752425 0.644468 0.078836 0.159513
0 0.784980 0.631633 0.082508 0.134831
0 0.807017 0.625304 0.075679 0.126248
0 0.820857 0.592273 0.088877 0.130912
