0 0.425000 0.429678 0.129955 0.214425
0 0.335656 0.407749 0.095841 0.202242
0 0.271085 0.409576 0.099903 0.196150
0 0.221134 0.394956 0.071475 0.171784
0 0.187833 0.414449 0.050357 0.154727
0 0.149144 0.401920 0.061114 0.180970
0 0.115163 0.399550 0.040567 0.125652
0 0.090138 0.354900 0.030557 0.064802
0 0.535846 0.420096 0.132764 0.220484
0 0.625146 0.383744 0.097466 0.204678
0 0.689421 0.369915 0.082714 0.224435
0 0.740788 0.379003 0.045308 0.154101
0 0.764233 0.369915 0.038460 0.118540
0 0.795861 0.379863 0.049619 0.162907
0 0.821936 0.375685 0.014683 0.111263
0 0.510836 0.641334 0.085947 0.178761
0 0.445490 0.638344 0.088162 0.204678
0 0.377485 0.643993 0.089491 0.231925
0 0.308152 0.627379 0.086390 0.164141
0 0.256096 0.629373 0.054935 0.166800
0 0.206256 0.631034 0.078416 0.147528
0 0.157523 0.592158 0.057150 0.130914
0 0.123188 0.519391 0.057593 0.104997
0 0.573303 0.631034 0.086833 0.182084
0 0.636878 0.617411 0.079302 0.201356
0 0.690484 0.609104 0.078416 0.219298
0 0.744755 0.584184 0.077973 0.154838
0 0.781969 0.582523 0.042531 0.131579
0 0.810766 0.572222 0.055821 0.142876
0 0.827822 0.534676 0.062467 0.138224
0 0.853961 0.499123 0.066011 0.092371
