0 0.463165 0.084239 0.092420 0.168478
0 0.382048 0.122401 0.083112 0.155955
0 0.339495 0.207467 0.095080 0.155955
0 0.320545 0.335066 0.118351 0.158318
0 0.292952 0.453804 0.117686 0.178403
0 0.263032 0.578450 0.130984 0.229206
0 0.234109 0.746810 0.130319 0.232750
0 0.540293 0.084830 0.085771 0.169660
0 0.608444 0.117675 0.095745 0.210302
0 0.644681 0.202741 0.093750 0.172495
0 0.670944 0.325614 0.115691 0.160681
0 0.692221 0.434310 0.115691 0.174858
0 0.732114 0.553639 0.119681 0.226843
0 0.755386 0.730860 0.128989 0.217391
