0 0.464635 0.305893 0.114133 0.185667
0 0.368988 0.349296 0.109311 0.180845
0 0.313529 0.393904 0.104488 0.202546
0 0.275752 0.485532 0.128601 0.173611
0 0.234761 0.557870 0.130208 0.154321
0 0.224312 0.651910 0.160751 0.197724
0 0.204218 0.748360 0.126993 0.120563
0 0.565908 0.305893 0.120563 0.180845
0 0.646743 0.341890 0.104718 0.188079
0 0.711502 0.387876 0.125386 0.207713
0 0.743538 0.461764 0.126075 0.190146
0 0.770751 0.523251 0.103340 0.164311
0 0.775229 0.630208 0.108162 0.132275
0 0.780740 0.702546 0.105407 0.152943
0 0.576242 0.796241 0.068893 0.118496
0 0.632734 0.799686 0.073486 0.152943
0 0.693820 0.821043 0.076242 0.132275
0 0.737912 0.829310 0.045010 0.057870
0 0.514238 0.794174 0.073486 0.122630
0 0.450397 0.825865 0.079916 0.180500
0 0.379207 0.832066 0.097369 0.148810
0 0.321796 0.832066 0.078079 0.099206
