0 0.551466 0.846326 0.121455 0.146351
0 0.490429 0.804838 0.096793 0.126547
0 0.444749 0.780141 0.108920 0.138674
0 0.414175 0.688528 0.110748 0.127750
0 0.388954 0.604602 0.116812 0.133814
0 0.347364 0.506713 0.151562 0.187995
0 0.305057 0.423180 0.150154 0.176265
0 0.254964 0.342878 0.137225 0.154834
0 0.616277 0.834033 0.108709 0.150000
0 0.637045 0.765705 0.100423 0.141107
0 0.654788 0.685243 0.112760 0.141907
0 0.639885 0.591011 0.135410 0.147554
0 0.625686 0.503048 0.119034 0.136644
0 0.611395 0.400931 0.154192 0.186375
0 0.615906 0.301859 0.135199 0.158881
0 0.585936 0.212672 0.142289 0.144718
