0 0.442933 0.865910 0.142265 0.203752
0 0.368988 0.815273 0.103684 0.160349
0 0.302678 0.738715 0.118956 0.159144
0 0.277360 0.606096 0.148695 0.168789
0 0.254051 0.485532 0.153517 0.200135
0 0.249228 0.316141 0.174415 0.237510
0 0.219489 0.160614 0.105292 0.124180
0 0.545412 0.868924 0.139853 0.214603
0 0.615339 0.873746 0.080376 0.115741
0 0.660751 0.794174 0.098862 0.185667
0 0.704958 0.705560 0.076357 0.138648
0 0.726257 0.610315 0.147891 0.177228
0 0.752781 0.473476 0.152713 0.166377
0 0.763230 0.309510 0.165574 0.255594
0 0.805427 0.193166 0.126190 0.189284
