0 0.274890 0.273662 0.067197 0.102812
0 0.234141 0.300641 0.069906 0.108786
0 0.202137 0.344670 0.082961 0.112640
0 0.190344 0.413357 0.093722 0.119246
0 0.207959 0.501792 0.111125 0.116467
0 0.204594 0.608277 0.143331 0.193488
0 0.205500 0.768217 0.148028 0.202044
0 0.320938 0.256784 0.066301 0.091825
0 0.365794 0.260249 0.074735 0.104414
0 0.413415 0.276717 0.080460 0.111029
0 0.462881 0.324110 0.093482 0.118115
0 0.493208 0.407480 0.100954 0.126181
0 0.541336 0.491202 0.144598 0.192678
0 0.602792 0.611681 0.137399 0.182511
