0 0.589297 0.243188 0.114070 0.147151
0 0.525913 0.261631 0.094890 0.132807
0 0.461421 0.284205 0.113196 0.151519
0 0.417151 0.350282 0.125291 0.139419
0 0.369247 0.414499 0.127051 0.138357
0 0.315040 0.495627 0.172304 0.211843
0 0.266450 0.580031 0.157723 0.180324
0 0.641594 0.279342 0.127538 0.170702
0 0.676875 0.352564 0.100387 0.126610
0 0.706319 0.423336 0.108778 0.142665
0 0.696516 0.508391 0.133456 0.150811
0 0.688025 0.601768 0.130799 0.140895
0 0.669161 0.707422 0.169193 0.192601
0 0.654168 0.800828 0.149105 0.159606
