0 0.427855 0.826389 0.145062 0.164352
0 0.338735 0.784144 0.108796 0.158565
0 0.277006 0.694444 0.107253 0.192130
0 0.248843 0.552662 0.125000 0.156250
0 0.244213 0.430556 0.140432 0.148148
0 0.226466 0.302083 0.148148 0.222222
0 0.214892 0.153356 0.129630 0.170139
0 0.530093 0.824074 0.122685 0.168981
0 0.601466 0.772569 0.098765 0.165509
0 0.662809 0.679398 0.104167 0.185185
0 0.691744 0.553241 0.135802 0.141204
0 0.704861 0.449074 0.125000 0.125000
0 0.729552 0.310185 0.148148 0.201389
0 0.764275 0.170139 0.140432 0.152778
