0 0.365373 0.232449 0.099939 0.135821
0 0.321541 0.271245 0.120325 0.154495
0 0.275951 0.351543 0.152697 0.198828
0 0.243211 0.473528 0.162843 0.177862
0 0.249242 0.593119 0.158507 0.185491
0 0.244811 0.751843 0.200650 0.276517
0 0.264950 0.906272 0.183267 0.187456
0 0.421695 0.217282 0.107638 0.139417
0 0.488926 0.207883 0.114871 0.150067
0 0.557213 0.218304 0.145262 0.211907
0 0.640956 0.286862 0.135521 0.185415
0 0.680043 0.420580 0.148095 0.189783
0 0.746784 0.534303 0.201311 0.270682
0 0.830497 0.681564 0.198518 0.288060
0 0.900565 0.847851 0.167476 0.207109
