0 0.463060 0.901219 0.085629 0.185305
0 0.427747 0.872353 0.089830 0.193788
0 0.351487 0.827746 0.098566 0.229982
0 0.296312 0.736625 0.111406 0.191762
0 0.263330 0.593600 0.133973 0.207773
0 0.222905 0.431812 0.148743 0.280114
0 0.185640 0.224400 0.149083 0.260898
0 0.529931 0.902988 0.086917 0.181723
0 0.557887 0.849982 0.092133 0.171002
0 0.620059 0.830631 0.105263 0.188050
0 0.675877 0.730028 0.112333 0.206194
0 0.718054 0.597931 0.128526 0.205276
0 0.757375 0.416498 0.136095 0.290705
0 0.806670 0.225022 0.148004 0.276497
