0 0.426848 0.320091 0.155581 0.248028
0 0.326356 0.334338 0.103106 0.213374
0 0.262043 0.349666 0.096937 0.181958
0 0.224011 0.367970 0.073321 0.185074
0 0.187814 0.360874 0.064963 0.167806
0 0.154974 0.337763 0.057694 0.166106
0 0.135990 0.336819 0.052150 0.154993
0 0.111416 0.306647 0.045769 0.131904
0 0.533411 0.306622 0.157513 0.252929
0 0.632110 0.318373 0.114406 0.227273
0 0.693350 0.327930 0.089495 0.200505
0 0.741877 0.344995 0.067989 0.165634
0 0.770622 0.331552 0.049415 0.172677
0 0.793104 0.320353 0.059163 0.175742
0 0.814367 0.314654 0.051017 0.150147
0 0.844965 0.281828 0.070351 0.131240
0 0.470393 0.550508 0.097350 0.210588
0 0.406063 0.544874 0.092856 0.203124
0 0.339405 0.561472 0.088858 0.225486
0 0.283238 0.541933 0.090846 0.174382
0 0.246945 0.548081 0.077994 0.149650
0 0.200040 0.535717 0.071607 0.149203
0 0.167917 0.503666 0.080614 0.138427
0 0.158832 0.438114 0.072068 0.105483
0 0.527715 0.546413 0.112294 0.201929
0 0.593608 0.550401 0.092215 0.198823
0 0.656768 0.564466 0.095963 0.211853
0 0.714008 0.547140 0.086548 0.174592
0 0.742645 0.530524 0.069927 0.147894
0 0.777748 0.520334 0.091202 0.168108
0 0.805773 0.490867 0.092378 0.144356
0 0.813968 0.423677 0.078549 0.117002
