0 0.343935 0.326880 0.174251 0.309857
0 0.272316 0.350573 0.123543 0.278832
0 0.210989 0.388845 0.139010 0.275516
0 0.166128 0.420335 0.101632 0.227115
0 0.093694 0.394606 0.125736 0.174305
0 0.447673 0.333153 0.167870 0.299303
0 0.531947 0.336925 0.117296 0.300906
0 0.592808 0.358313 0.107376 0.269227
0 0.639341 0.390805 0.085915 0.253135
0 0.700874 0.383328 0.132248 0.236263
0 0.382046 0.683067 0.133042 0.306514
0 0.287858 0.713174 0.122633 0.263912
0 0.224292 0.717329 0.114539 0.224519
0 0.188146 0.681925 0.114338 0.236749
0 0.128631 0.692423 0.107502 0.230006
0 0.100458 0.679119 0.105180 0.190891
0 0.440249 0.668907 0.108340 0.266819
0 0.502601 0.668882 0.115286 0.282754
0 0.573313 0.676994 0.126487 0.285147
0 0.624212 0.685945 0.104375 0.232953
0 0.655424 0.663685 0.093497 0.206382
0 0.690711 0.630919 0.115034 0.203041
0 0.736227 0.614012 0.066235 0.160117
