0 0.443287 0.273148 0.070988 0.129630
0 0.393133 0.306134 0.083333 0.126157
0 0.339120 0.369213 0.094136 0.150463
0 0.293210 0.458333 0.094907 0.155093
0 0.257330 0.553241 0.117284 0.131944
0 0.248457 0.701389 0.148920 0.217593
0 0.228395 0.851852 0.116512 0.201389
0 0.488040 0.261574 0.067901 0.127315
0 0.546296 0.277778 0.074846 0.120370
0 0.607639 0.295718 0.089506 0.170139
0 0.663194 0.376157 0.084877 0.175926
0 0.699074 0.476852 0.116512 0.141204
0 0.724151 0.614005 0.134259 0.190972
0 0.760031 0.782407 0.127315 0.226852
