0 0.441772 0.396048 0.090735 0.173611
0 0.377829 0.378901 0.065729 0.150034
0 0.336748 0.375150 0.049297 0.166109
0 0.306027 0.383723 0.036437 0.136103
0 0.287094 0.398191 0.035722 0.117884
0 0.267090 0.386938 0.032865 0.121099
0 0.248514 0.367648 0.021433 0.127529
0 0.516790 0.396584 0.085019 0.178969
0 0.576089 0.400870 0.065015 0.155393
0 0.621456 0.402478 0.057156 0.167181
0 0.647891 0.407300 0.040009 0.136103
0 0.666467 0.391761 0.022862 0.150034
0 0.678969 0.373007 0.030721 0.146819
0 0.692544 0.378901 0.019290 0.124314
0 0.488212 0.571266 0.052155 0.138246
0 0.531436 0.585734 0.060014 0.152178
0 0.574303 0.614669 0.064300 0.205761
0 0.613955 0.610382 0.046439 0.162894
0 0.627529 0.591628 0.070730 0.163966
0 0.656107 0.568051 0.095022 0.174683
0 0.446059 0.571802 0.057870 0.162894
0 0.401763 0.567515 0.062157 0.158608
0 0.351395 0.590556 0.061443 0.189686
