0 0.461414 0.122360 0.064157 0.103225
0 0.416277 0.138960 0.076358 0.108515
0 0.374539 0.172127 0.072212 0.112663
0 0.349335 0.249512 0.079876 0.116527
0 0.329833 0.355065 0.119443 0.174765
0 0.292493 0.483153 0.117645 0.170202
0 0.272791 0.607205 0.085889 0.160215
0 0.511612 0.119410 0.068262 0.109059
0 0.556310 0.139251 0.067010 0.112299
0 0.595175 0.182467 0.074129 0.108360
0 0.628282 0.260815 0.085468 0.122466
0 0.658979 0.363418 0.130470 0.184412
0 0.699191 0.500647 0.123278 0.166158
0 0.724112 0.632782 0.106852 0.163900
