0 0.333271 0.803007 0.171738 0.218343
0 0.261802 0.741068 0.129258 0.193168
0 0.221241 0.643172 0.166172 0.193577
0 0.224493 0.522166 0.183750 0.183460
0 0.233620 0.368852 0.193546 0.260927
0 0.239003 0.201430 0.199307 0.278964
0 0.275536 0.054908 0.147126 0.109816
0 0.415855 0.849470 0.159433 0.209184
0 0.499919 0.859120 0.148008 0.196813
0 0.581965 0.827021 0.159823 0.222794
0 0.653168 0.723481 0.185051 0.228825
0 0.727757 0.596272 0.195173 0.277033
0 0.793882 0.447955 0.192667 0.264140
0 0.863554 0.291813 0.182609 0.231734
