0 0.454990 0.118484 0.082162 0.130744
0 0.392833 0.133488 0.093593 0.113597
0 0.346751 0.192966 0.101452 0.196116
0 0.321745 0.301740 0.111454 0.192901
0 0.277806 0.384795 0.123600 0.193973
0 0.242441 0.547689 0.181470 0.230410
0 0.216364 0.737912 0.145033 0.216478
0 0.525363 0.119020 0.081447 0.151106
0 0.597880 0.117413 0.083591 0.143604
0 0.661465 0.151170 0.083591 0.183256
0 0.703261 0.237440 0.114312 0.162894
0 0.738983 0.302276 0.117170 0.196116
0 0.762560 0.473744 0.152892 0.236840
0 0.799354 0.648963 0.175040 0.229338
