0 0.462951 0.272758 0.187518 0.257573
0 0.376032 0.256943 0.127349 0.197405
0 0.315750 0.245348 0.133243 0.210024
0 0.264990 0.259834 0.118990 0.161024
0 0.223828 0.248195 0.089307 0.162165
0 0.196369 0.214752 0.062129 0.107775
0 0.178804 0.211346 0.035591 0.084175
0 0.563200 0.315986 0.152173 0.227522
0 0.643176 0.313863 0.111662 0.199465
0 0.716253 0.281067 0.115010 0.197831
0 0.743240 0.340917 0.071098 0.151183
0 0.755677 0.353126 0.052172 0.148186
0 0.786341 0.346666 0.069416 0.142716
0 0.484259 0.574205 0.129707 0.223508
0 0.547596 0.582620 0.113801 0.174860
0 0.601371 0.593562 0.118286 0.235537
0 0.647847 0.583669 0.091026 0.164818
0 0.680699 0.579771 0.094447 0.154540
0 0.698404 0.530241 0.122212 0.156773
0 0.420084 0.563523 0.118255 0.186443
0 0.366719 0.543694 0.120271 0.167286
0 0.292626 0.542198 0.119200 0.206069
0 0.255497 0.508444 0.122204 0.179494
0 0.198008 0.481135 0.097730 0.138829
0 0.181274 0.433545 0.144614 0.179798
0 0.166053 0.378800 0.125838 0.166004
0 0.181849 0.310196 0.101262 0.115584
