0 0.477238 0.377894 0.123457 0.225694
0 0.395833 0.385995 0.107253 0.190972
0 0.325617 0.380208 0.096451 0.204861
0 0.278935 0.399306 0.067901 0.168981
0 0.245182 0.404904 0.049383 0.141204
0 0.575231 0.369792 0.128601 0.217014
0 0.664288 0.375579 0.099666 0.166860
0 0.721193 0.349055 0.079733 0.210262
0 0.774241 0.364969 0.057227 0.184221
0 0.804141 0.359182 0.042438 0.137924
0 0.830183 0.346161 0.058513 0.146605
0 0.861368 0.317226 0.043724 0.138889
0 0.546618 0.553048 0.071373 0.168789
0 0.607382 0.556906 0.075874 0.178434
0 0.667824 0.559317 0.084877 0.200617
0 0.719907 0.543403 0.086163 0.186150
0 0.761060 0.513985 0.079733 0.165895
0 0.804462 0.511092 0.081662 0.140818
0 0.840471 0.466725 0.085520 0.146605
0 0.484568 0.563175 0.087449 0.171682
0 0.431199 0.564140 0.083591 0.171682
0 0.370435 0.582465 0.079090 0.206404
0 0.318994 0.562211 0.088092 0.179398
0 0.284915 0.552566 0.061085 0.146605
0 0.247621 0.547743 0.061085 0.140818
0 0.217400 0.503376 0.075231 0.125386
0 0.225201 0.405766 0.045758 0.130545
0 0.198509 0.382550 0.030057 0.117759
