0 0.379615 0.044539 0.058585 0.081447
0 0.328175 0.071331 0.074303 0.126457
0 0.292095 0.142061 0.072159 0.096451
0 0.279235 0.217614 0.095022 0.106096
0 0.257802 0.309778 0.112168 0.155393
0 0.238512 0.422304 0.099308 0.157536
0 0.218507 0.539652 0.067873 0.147891
0 0.427483 0.038645 0.048583 0.076089
0 0.474637 0.044003 0.057156 0.086806
0 0.513575 0.069187 0.073588 0.135031
0 0.558228 0.123843 0.074303 0.117884
0 0.573945 0.194037 0.085734 0.118956
0 0.618956 0.349430 0.098594 0.155393
0 0.650749 0.454454 0.086448 0.148963
