0 0.483640 0.847510 0.111623 0.180477
0 0.391203 0.837047 0.087205 0.138627
0 0.325799 0.750732 0.116855 0.190940
0 0.249058 0.659186 0.144761 0.201402
0 0.221153 0.542791 0.155225 0.204018
0 0.195863 0.426397 0.156969 0.190940
0 0.189759 0.293001 0.130808 0.175246
0 0.197607 0.151758 0.136040 0.170015
0 0.609216 0.844894 0.136040 0.175246
0 0.700781 0.847510 0.081973 0.122934
0 0.762697 0.769042 0.118599 0.206633
0 0.826357 0.657878 0.158714 0.214480
0 0.869960 0.553254 0.141272 0.177861
0 0.890017 0.457784 0.156969 0.164783
0 0.912690 0.350544 0.163946 0.201402
0 0.915306 0.213225 0.158714 0.183093
