0 0.458026 0.514426 0.097974 0.156916
0 0.389153 0.527927 0.079966 0.152044
0 0.346034 0.519133 0.070890 0.165535
0 0.522293 0.532322 0.098398 0.170140
0 0.469433 0.613615 0.062586 0.120855
0 0.505393 0.623455 0.053035 0.087054
0 0.551956 0.614140 0.071979 0.161235
0 0.596473 0.619708 0.071725 0.166707
0 0.624239 0.646685 0.050871 0.120929
0 0.656086 0.635524 0.058895 0.120532
0 0.432208 0.596968 0.067089 0.138830
0 0.397729 0.608457 0.049999 0.110963
0 0.363466 0.634470 0.073114 0.123974
0 0.316100 0.614705 0.061958 0.147172
0 0.286507 0.583105 0.095759 0.156723
0 0.275382 0.527458 0.096664 0.108452
