0 0.411315 0.429745 0.099100 0.190163
0 0.342585 0.422967 0.070138 0.173866
0 0.290696 0.414588 0.069867 0.186959
0 0.257418 0.427107 0.036764 0.156324
0 0.239481 0.418272 0.037039 0.122486
0 0.224191 0.406793 0.033707 0.089615
0 0.501258 0.424677 0.113870 0.196138
0 0.577297 0.431163 0.089472 0.185460
0 0.634286 0.429322 0.073397 0.183807
0 0.668009 0.435425 0.059586 0.184416
0 0.696515 0.444629 0.042943 0.145621
0 0.712820 0.447935 0.029749 0.122232
0 0.728740 0.441377 0.022617 0.105605
0 0.472567 0.671578 0.067299 0.175951
0 0.519925 0.663382 0.075393 0.178417
0 0.578548 0.677468 0.087209 0.183197
0 0.610539 0.649581 0.082304 0.146996
0 0.622600 0.628112 0.100916 0.117074
0 0.652156 0.607255 0.111156 0.139268
0 0.684605 0.566250 0.097192 0.135505
0 0.423422 0.668220 0.063463 0.170358
0 0.377115 0.656753 0.064692 0.163850
0 0.325150 0.650560 0.069336 0.150910
0 0.291959 0.618755 0.101714 0.160775
0 0.279293 0.584384 0.121055 0.130880
