0 0.496657 0.402319 0.111447 0.175297
0 0.413072 0.395577 0.073699 0.183387
0 0.354652 0.376699 0.086281 0.177994
0 0.301625 0.359169 0.073699 0.186084
0 0.266573 0.361866 0.075496 0.159115
0 0.219838 0.374002 0.086281 0.177994
0 0.601812 0.406365 0.120434 0.188781
0 0.693486 0.413107 0.091674 0.213053
0 0.766286 0.386138 0.104257 0.207659
0 0.835490 0.372654 0.070104 0.207659
0 0.877732 0.402319 0.050331 0.159115
0 0.917278 0.403668 0.061116 0.167206
0 0.954127 0.399622 0.066508 0.175297
0 0.571254 0.672006 0.066508 0.153722
0 0.631471 0.662567 0.082686 0.145631
0 0.694385 0.685491 0.089876 0.186084
0 0.745614 0.677400 0.080889 0.180690
0 0.798641 0.690885 0.075496 0.164509
0 0.830997 0.678749 0.100661 0.172600
0 0.862453 0.674703 0.102459 0.180690
0 0.507442 0.676052 0.071901 0.172600
0 0.445427 0.658522 0.077294 0.180690
0 0.381615 0.663916 0.079091 0.207659
0 0.332183 0.658522 0.088079 0.175297
0 0.293536 0.643689 0.064711 0.145631
0 0.270168 0.682794 0.086281 0.191478
0 0.251528 0.627184 0.117307 0.161165
0 0.244176 0.551133 0.126833 0.134628
