0 0.459380 0.330970 0.152353 0.242922
0 0.359992 0.331092 0.100968 0.208982
0 0.295537 0.337193 0.094926 0.178213
0 0.256164 0.349762 0.071801 0.181265
0 0.222030 0.337946 0.063616 0.164352
0 0.193335 0.311055 0.056498 0.162687
0 0.175055 0.307552 0.051069 0.151803
0 0.155338 0.274939 0.044820 0.129190
0 0.564550 0.332431 0.154245 0.247723
0 0.658657 0.357281 0.112033 0.222595
0 0.716739 0.374897 0.087639 0.196379
0 0.761470 0.398061 0.066580 0.162225
0 0.791176 0.388942 0.048391 0.169123
0 0.814504 0.381144 0.057936 0.172125
0 0.835899 0.378514 0.049960 0.147057
0 0.870044 0.350846 0.068892 0.128538
0 0.470201 0.560385 0.095331 0.206254
0 0.408588 0.546153 0.090930 0.198943
0 0.341688 0.553166 0.087016 0.220846
0 0.289886 0.526560 0.088962 0.170793
0 0.253854 0.527576 0.076376 0.146569
0 0.210055 0.509191 0.070122 0.146132
0 0.183274 0.473727 0.078942 0.135577
0 0.183399 0.408910 0.070573 0.103312
0 0.526344 0.564226 0.109964 0.197773
0 0.589698 0.577075 0.090302 0.194731
0 0.649027 0.599325 0.093973 0.207493
0 0.706894 0.590322 0.084753 0.170999
0 0.736928 0.578110 0.068476 0.144850
0 0.772356 0.573010 0.089310 0.164648
0 0.803548 0.548251 0.090462 0.141385
0 0.820653 0.484200 0.076919 0.114593
