0 0.463704 0.408035 0.114199 0.190958
0 0.391113 0.416822 0.094723 0.159327
0 0.323833 0.421508 0.082329 0.156984
0 0.284882 0.426194 0.077018 0.131211
0 0.245930 0.428537 0.050460 0.114809
0 0.230438 0.450210 0.046034 0.071463
0 0.189273 0.421508 0.048689 0.110123
0 0.564624 0.419165 0.100035 0.166356
0 0.633674 0.415650 0.084100 0.159327
0 0.681921 0.365861 0.076132 0.153469
0 0.708479 0.426780 0.046034 0.132382
0 0.737693 0.422680 0.037181 0.105437
0 0.784612 0.408621 0.061968 0.072634
0 0.478754 0.531045 0.082329 0.125353
0 0.418999 0.524016 0.081444 0.125353
0 0.360571 0.532803 0.067280 0.124181
0 0.314538 0.526945 0.056657 0.131211
0 0.272930 0.522845 0.044263 0.094893
0 0.544263 0.534560 0.071706 0.118324
0 0.599592 0.533974 0.056657 0.128867
0 0.647396 0.531631 0.051345 0.103094
0 0.677052 0.519330 0.054001 0.132382
0 0.712020 0.522259 0.040722 0.107780
0 0.736365 0.516401 0.034525 0.077320
0 0.756283 0.507615 0.047804 0.062091
