0 0.433556 0.413194 0.115026 0.227195
0 0.350680 0.375150 0.079304 0.189686
0 0.255658 0.387474 0.127886 0.190758
0 0.192787 0.397119 0.057870 0.143604
0 0.154564 0.368720 0.064300 0.112526
0 0.542867 0.373543 0.119313 0.190758
0 0.688972 0.377829 0.122885 0.216478
0 0.754701 0.384259 0.055727 0.154321
0 0.783279 0.377293 0.042867 0.131816
0 0.808642 0.345143 0.043581 0.112526
0 0.420696 0.691294 0.079304 0.129672
0 0.354967 0.650570 0.082162 0.163966
0 0.287809 0.656464 0.087877 0.171468
0 0.245656 0.648963 0.065015 0.137174
0 0.214935 0.621099 0.116455 0.143604
0 0.175283 0.562693 0.134316 0.151106
0 0.488212 0.703082 0.078589 0.155393
0 0.547868 0.702546 0.079304 0.154321
0 0.618241 0.667181 0.082876 0.192901
0 0.672539 0.655393 0.071445 0.184328
0 0.721122 0.655928 0.082876 0.168253
0 0.755416 0.635031 0.070016 0.141461
0 0.752201 0.584662 0.145033 0.158608
0 0.776492 0.512860 0.119313 0.150034
