0 0.445965 0.354513 0.211334 0.398816
0 0.312733 0.322923 0.144981 0.365633
0 0.227691 0.289463 0.143508 0.394073
0 0.146043 0.282443 0.127225 0.359201
0 0.094459 0.257873 0.113592 0.337489
0 0.055966 0.246011 0.101600 0.339246
0 0.616491 0.365127 0.211516 0.401423
0 0.752038 0.326129 0.157141 0.415785
0 0.837711 0.325569 0.138108 0.391101
0 0.900096 0.345653 0.097575 0.331179
0 0.939086 0.337898 0.104532 0.331666
0 0.956909 0.317254 0.086181 0.349311
0 0.598635 0.832921 0.144447 0.308509
0 0.700781 0.821722 0.151404 0.308995
0 0.798214 0.815433 0.129160 0.312629
0 0.874960 0.805078 0.119370 0.296376
0 0.483530 0.817011 0.150394 0.319304
0 0.374834 0.809411 0.147196 0.298321
0 0.262569 0.802871 0.167238 0.312697
0 0.169063 0.777990 0.148473 0.316575
