0 0.519253 0.203670 0.109295 0.160036
0 0.471550 0.213456 0.124500 0.165148
0 0.463075 0.296608 0.140466 0.180841
0 0.433499 0.377026 0.138048 0.156326
0 0.445483 0.485850 0.147159 0.172257
0 0.455491 0.624560 0.176459 0.240295
0 0.455615 0.790483 0.181640 0.215741
0 0.574768 0.179808 0.104669 0.155684
0 0.626373 0.190544 0.128526 0.167265
0 0.687703 0.228630 0.122264 0.164549
0 0.744649 0.278676 0.129578 0.173773
0 0.790486 0.391609 0.148818 0.186192
0 0.851687 0.508215 0.193462 0.252115
0 0.921566 0.645523 0.156868 0.181761
