0 0.461158 0.105860 0.082643 0.163605
0 0.395043 0.143043 0.095866 0.163605
0 0.309920 0.183944 0.123965 0.195831
0 0.276037 0.330198 0.125618 0.195831
0 0.253723 0.475211 0.150411 0.173521
0 0.213228 0.611549 0.175204 0.252845
0 0.176865 0.853239 0.178509 0.240450
0 0.529752 0.094705 0.080990 0.166084
0 0.601651 0.133128 0.089255 0.178478
0 0.677683 0.165353 0.099172 0.198309
0 0.727269 0.280620 0.135535 0.200788
0 0.752888 0.429352 0.137188 0.190873
0 0.772723 0.621465 0.163634 0.252845
0 0.812392 0.813577 0.160328 0.240450
