0 0.478600 0.462023 0.104890 0.173611
0 0.412290 0.461570 0.065104 0.160048
0 0.358640 0.443034 0.067515 0.175420
0 0.324882 0.460214 0.036169 0.130208
0 0.311595 0.449086 0.028738 0.128142
0 0.299587 0.434618 0.030707 0.124008
0 0.544848 0.464144 0.097632 0.168887
0 0.608426 0.459715 0.068893 0.160029
0 0.663344 0.451153 0.062988 0.183059
0 0.696019 0.475659 0.028345 0.125779
0 0.710782 0.458829 0.025589 0.118103
0 0.723773 0.449086 0.031100 0.110426
0 0.737355 0.422217 0.022046 0.075586
0 0.491347 0.600446 0.053461 0.114914
0 0.443122 0.608714 0.072751 0.139716
0 0.394621 0.608300 0.072751 0.180225
0 0.356867 0.596313 0.061177 0.139716
0 0.337577 0.568274 0.055179 0.094880
0 0.302810 0.565245 0.051141 0.115741
0 0.281501 0.533955 0.061459 0.117759
0 0.534067 0.612686 0.055179 0.131218
0 0.575563 0.620761 0.056525 0.147368
0 0.621994 0.619078 0.070431 0.169574
0 0.664612 0.615377 0.047104 0.141984
0 0.685248 0.601583 0.047104 0.113049
0 0.707454 0.580050 0.085235 0.109012
0 0.734146 0.540684 0.059665 0.090843
