0 0.473765 0.505787 0.096451 0.141204
0 0.407407 0.534144 0.073302 0.093750
0 0.347608 0.543403 0.066358 0.128472
0 0.300540 0.568866 0.075617 0.128472
0 0.248843 0.575810 0.074074 0.140046
0 0.695216 0.532407 0.087191 0.185185
0 0.742284 0.529514 0.042438 0.133102
0 0.481867 0.593750 0.083333 0.162037
0 0.420910 0.599537 0.081790 0.145833
0 0.375772 0.614583 0.065586 0.159722
0 0.325617 0.645833 0.059414 0.101852
0 0.285108 0.660301 0.055556 0.112269
0 0.244985 0.674190 0.073302 0.108796
0 0.540509 0.580440 0.070988 0.170139
0 0.591049 0.557870 0.093364 0.138889
0 0.639660 0.542824 0.073302 0.162037
0 0.681182 0.599465 0.049029 0.093437
0 0.708108 0.619056 0.029739 0.071132
0 0.775222 0.550938 0.057067 0.119358
