0 0.458731 0.348955 0.172996 0.268554
0 0.350723 0.349317 0.140806 0.252081
0 0.280662 0.365198 0.136954 0.246921
0 0.247880 0.407468 0.114780 0.197908
0 0.196512 0.399382 0.087200 0.158964
0 0.232115 0.458941 0.139224 0.113290
0 0.146511 0.395777 0.084166 0.169740
0 0.567053 0.346360 0.165711 0.233248
0 0.651642 0.325661 0.125550 0.255326
0 0.707186 0.335292 0.091348 0.242634
0 0.740959 0.362625 0.068685 0.191427
0 0.766866 0.371039 0.069510 0.174363
0 0.798142 0.365042 0.070115 0.169829
0 0.500324 0.563806 0.115451 0.244467
0 0.428807 0.584521 0.122039 0.255431
0 0.362161 0.572129 0.115694 0.229295
0 0.297459 0.542740 0.097724 0.185445
0 0.238693 0.568389 0.102083 0.165633
0 0.176606 0.543059 0.104730 0.173989
0 0.566788 0.567187 0.125957 0.260681
0 0.635784 0.575382 0.119257 0.262926
0 0.698240 0.561317 0.119630 0.245790
0 0.730366 0.527023 0.088078 0.174658
0 0.768314 0.533877 0.103633 0.169847
0 0.791619 0.507224 0.097538 0.147008
