0 0.502501 0.443737 0.086448 0.152178
0 0.448202 0.435700 0.055013 0.140389
0 0.406050 0.431949 0.063586 0.137174
0 0.374614 0.438379 0.037866 0.105024
0 0.353181 0.426590 0.036437 0.105024
0 0.333533 0.419624 0.041438 0.114669
0 0.311028 0.395512 0.032150 0.100737
0 0.297096 0.353717 0.022862 0.051440
0 0.577875 0.453382 0.087163 0.143604
0 0.637889 0.448024 0.051440 0.122171
0 0.679684 0.448560 0.050726 0.129672
0 0.704332 0.454454 0.034294 0.111454
0 0.725766 0.451239 0.025720 0.090021
0 0.741127 0.449631 0.032150 0.097522
0 0.754701 0.427662 0.013575 0.070730
0 0.561800 0.594307 0.053584 0.133959
0 0.605381 0.600737 0.049297 0.136103
0 0.636817 0.593236 0.057870 0.144676
0 0.667896 0.573410 0.048583 0.122171
0 0.696473 0.566444 0.050011 0.103952
0 0.707190 0.525184 0.085734 0.077160
0 0.517861 0.606096 0.051440 0.144676
0 0.473565 0.603416 0.057156 0.147891
0 0.429627 0.594843 0.060728 0.139318
0 0.402120 0.573945 0.048583 0.118956
0 0.379615 0.546618 0.055013 0.096451
0 0.349608 0.502143 0.097880 0.086806
0 0.309957 0.441058 0.060014 0.069659
