0 0.474460 0.508574 0.124155 0.160263
0 0.402439 0.524059 0.091716 0.108209
0 0.340710 0.521688 0.091519 0.141645
0 0.288583 0.538031 0.100798 0.143449
0 0.235424 0.534919 0.101505 0.154744
0 0.691196 0.578383 0.123442 0.202525
0 0.738927 0.584652 0.068450 0.141624
0 0.465448 0.598284 0.115067 0.178581
0 0.403235 0.592209 0.110365 0.162046
0 0.355070 0.598491 0.096832 0.172805
0 0.298724 0.620032 0.079375 0.113621
0 0.255311 0.626636 0.077538 0.123306
0 0.212398 0.632736 0.094646 0.123284
0 0.526807 0.596372 0.104273 0.184294
0 0.581849 0.583604 0.120611 0.157342
0 0.633494 0.577998 0.105015 0.176627
0 0.664073 0.642835 0.067330 0.103166
0 0.687240 0.667709 0.043655 0.077062
0 0.767762 0.612533 0.080433 0.130703
