0 0.380698 0.264954 0.091194 0.135558
0 0.325780 0.317363 0.100742 0.155869
0 0.259874 0.341136 0.110930 0.180734
0 0.231663 0.443188 0.127700 0.173048
0 0.219604 0.541810 0.143555 0.185319
0 0.210448 0.674848 0.184778 0.245788
0 0.196465 0.834101 0.169041 0.229071
0 0.450686 0.281236 0.102177 0.144913
0 0.519332 0.279714 0.103859 0.167466
0 0.580615 0.300121 0.112370 0.190978
0 0.630732 0.395228 0.126383 0.179558
0 0.660543 0.486224 0.141795 0.172797
0 0.696754 0.633781 0.188530 0.240736
0 0.741673 0.788239 0.158652 0.197483
