0 0.431366 0.385779 0.133723 0.202574
0 0.366488 0.369603 0.104975 0.167698
0 0.319798 0.370099 0.100694 0.178198
0 0.286176 0.374997 0.065499 0.132548
0 0.264407 0.371329 0.056793 0.111558
0 0.233120 0.365698 0.063838 0.105432
0 0.203816 0.345952 0.061999 0.103592
0 0.498870 0.402224 0.106700 0.177872
0 0.559648 0.408710 0.085725 0.159901
0 0.611592 0.416010 0.084313 0.172353
0 0.638677 0.441396 0.058412 0.141831
0 0.661723 0.454558 0.043434 0.106518
0 0.681551 0.465410 0.050622 0.105156
0 0.705612 0.458810 0.041760 0.083354
0 0.427126 0.545953 0.081557 0.118992
0 0.386527 0.540247 0.076212 0.137216
0 0.338668 0.541335 0.075477 0.139485
0 0.300789 0.524085 0.063786 0.127563
0 0.275668 0.506240 0.063588 0.129908
0 0.243793 0.500447 0.058066 0.109365
0 0.465838 0.557217 0.072443 0.133524
0 0.511903 0.563246 0.081212 0.139039
0 0.556588 0.577100 0.084185 0.131748
0 0.593680 0.577857 0.072688 0.135272
0 0.617184 0.582576 0.070295 0.126370
0 0.641344 0.580452 0.070162 0.101854
0 0.665692 0.552852 0.080466 0.116664
0 0.254740 0.448403 0.059858 0.060234
