0 0.465959 0.474721 0.138884 0.175973
0 0.401600 0.521733 0.102180 0.119137
0 0.339552 0.546557 0.103337 0.154791
0 0.295232 0.585662 0.113301 0.157092
0 0.241327 0.605982 0.114517 0.169168
0 0.710875 0.448363 0.139851 0.221021
0 0.760804 0.433555 0.078748 0.153833
0 0.496540 0.567404 0.129946 0.195142
0 0.432383 0.588777 0.124258 0.177315
0 0.387550 0.616189 0.110274 0.188242
0 0.341346 0.662291 0.089248 0.124408
0 0.301351 0.687930 0.087686 0.134664
0 0.261626 0.712850 0.105920 0.135335
0 0.556335 0.538506 0.118675 0.200797
0 0.605111 0.501653 0.134987 0.172714
0 0.653681 0.473379 0.119152 0.192650
0 0.712440 0.524039 0.075982 0.112769
0 0.746283 0.538441 0.049681 0.083965
0 0.801573 0.448436 0.091073 0.142671
