0 0.418419 0.788749 0.126993 0.213397
0 0.342866 0.782721 0.110918 0.215808
0 0.283388 0.704958 0.109311 0.178434
0 0.264098 0.560282 0.149498 0.176022
0 0.223508 0.446952 0.145480 0.183256
0 0.192564 0.303482 0.160751 0.245949
0 0.163628 0.172671 0.122171 0.177228
0 0.522103 0.798997 0.122171 0.197724
0 0.605292 0.770665 0.102077 0.148293
0 0.653517 0.676022 0.111722 0.168789
0 0.665172 0.543403 0.154321 0.176022
0 0.700135 0.446349 0.139050 0.153115
0 0.721033 0.289014 0.158340 0.238715
0 0.748762 0.136502 0.135031 0.189284
