0 0.449910 0.383526 0.159239 0.250074
0 0.392871 0.361404 0.109294 0.218794
0 0.340313 0.361430 0.109667 0.210457
0 0.301305 0.381263 0.077843 0.187940
0 0.275133 0.374421 0.069983 0.194017
0 0.236533 0.347305 0.086476 0.213645
0 0.534751 0.400855 0.122723 0.215749
0 0.597839 0.402554 0.090699 0.190692
0 0.644100 0.403396 0.103951 0.215791
0 0.684476 0.425891 0.073243 0.201458
0 0.705893 0.448478 0.055413 0.158194
0 0.728845 0.412592 0.072930 0.186164
0 0.755309 0.417051 0.061726 0.177746
0 0.507120 0.589772 0.096176 0.184323
0 0.549398 0.596778 0.083821 0.179286
0 0.592252 0.605668 0.091890 0.213136
0 0.633799 0.618631 0.073558 0.172158
0 0.675815 0.585086 0.125818 0.164492
0 0.455664 0.585268 0.101005 0.179049
0 0.406226 0.584036 0.096615 0.187898
0 0.359966 0.583194 0.108445 0.226905
0 0.311406 0.574813 0.081898 0.195480
0 0.278753 0.555080 0.079181 0.166980
0 0.242170 0.533513 0.088080 0.194968
