0 0.439272 0.447488 0.122885 0.208976
0 0.366398 0.469993 0.075732 0.157536
0 0.312457 0.464635 0.065015 0.148963
0 0.269233 0.457133 0.058585 0.136103
0 0.223151 0.429270 0.060728 0.166109
0 0.550011 0.456061 0.128601 0.198260
0 0.648248 0.452311 0.085019 0.173611
0 0.713263 0.444273 0.072159 0.183256
0 0.761488 0.447488 0.071445 0.155393
0 0.794353 0.437843 0.041438 0.133959
0 0.821502 0.437307 0.044296 0.130744
0 0.853295 0.420160 0.040724 0.107167
0 0.537151 0.645212 0.068587 0.173611
0 0.596451 0.634495 0.078589 0.171468
0 0.656464 0.644140 0.075732 0.173611
0 0.711477 0.652178 0.074303 0.163966
0 0.746485 0.632888 0.065729 0.155393
0 0.806141 0.616277 0.113597 0.195045
0 0.478924 0.651106 0.077875 0.193973
0 0.413909 0.641997 0.076446 0.180041
0 0.363183 0.632888 0.066444 0.163966
0 0.315672 0.637710 0.077160 0.165038
0 0.285308 0.615741 0.067873 0.153249
0 0.256016 0.589485 0.103595 0.165038
0 0.209934 0.528399 0.082876 0.126457
