0 0.447031 0.087187 0.092414 0.142347
0 0.381356 0.105484 0.103957 0.124505
0 0.334464 0.170564 0.115401 0.212709
0 0.311866 0.287379 0.125940 0.209656
0 0.268136 0.377497 0.138922 0.211250
0 0.236511 0.552354 0.201943 0.252222
0 0.215801 0.755979 0.162598 0.236024
0 0.522039 0.085139 0.092410 0.164013
0 0.599251 0.080728 0.094415 0.156101
0 0.668263 0.114326 0.095890 0.198344
0 0.716008 0.204679 0.127868 0.177795
0 0.756486 0.272424 0.132150 0.213294
0 0.787988 0.454221 0.171730 0.258009
0 0.833713 0.639523 0.195051 0.250841
