0 0.430341 0.102409 0.077160 0.107167
0 0.368184 0.137774 0.087163 0.147891
0 0.316387 0.217614 0.095022 0.168253
0 0.263517 0.306563 0.103595 0.163966
0 0.217793 0.426590 0.129315 0.213263
0 0.179212 0.581983 0.130744 0.198260
0 0.168496 0.737376 0.135031 0.204690
0 0.493213 0.095979 0.072874 0.117884
0 0.547511 0.109375 0.084305 0.133959
0 0.593236 0.163495 0.092878 0.171468
0 0.641818 0.261553 0.097165 0.157536
0 0.680041 0.356932 0.096451 0.163966
0 0.723623 0.509109 0.133602 0.223980
0 0.745413 0.688079 0.124314 0.215406
