0 0.434799 0.438079 0.098765 0.172454
0 0.374228 0.431713 0.076389 0.143519
0 0.332176 0.438079 0.070988 0.153935
0 0.302469 0.446759 0.043981 0.115741
0 0.282368 0.446210 0.038580 0.097193
0 0.253433 0.445097 0.046000 0.090515
0 0.224497 0.431001 0.044516 0.089031
0 0.497774 0.444355 0.076666 0.152837
0 0.553419 0.442501 0.059354 0.138741
0 0.601199 0.442501 0.056387 0.150611
0 0.628848 0.461965 0.036107 0.125386
0 0.651304 0.470916 0.026709 0.094225
0 0.670565 0.478192 0.033634 0.091999
0 0.691432 0.469188 0.028193 0.072709
0 0.451280 0.583096 0.060838 0.100902
0 0.413936 0.583096 0.053419 0.118708
0 0.370905 0.590144 0.052430 0.120934
0 0.334550 0.579386 0.043032 0.111289
0 0.309628 0.566475 0.042537 0.113515
0 0.280142 0.565290 0.040064 0.094967
0 0.487627 0.588349 0.050369 0.115741
0 0.529943 0.587947 0.057870 0.119760
0 0.572006 0.594779 0.061621 0.112526
0 0.605559 0.590760 0.050369 0.117348
0 0.627358 0.592037 0.049297 0.109311
0 0.648881 0.587058 0.052405 0.086323
0 0.667345 0.559076 0.060121 0.098862
0 0.283419 0.516958 0.048225 0.048627
