0 0.438866 0.299462 0.117707 0.131461
0 0.372349 0.341097 0.111660 0.111660
0 0.329353 0.395350 0.124740 0.118225
0 0.321974 0.476853 0.144231 0.122513
0 0.319794 0.541581 0.136580 0.117758
0 0.326295 0.632418 0.158907 0.171938
0 0.332072 0.731992 0.160771 0.153532
0 0.521742 0.288927 0.122876 0.136631
0 0.591587 0.297002 0.111605 0.135495
0 0.654967 0.327513 0.107678 0.122880
0 0.696007 0.393229 0.137355 0.122152
0 0.724795 0.458840 0.124948 0.109745
0 0.756295 0.539832 0.156430 0.143399
0 0.803640 0.620749 0.143711 0.143711
