0 0.460239 0.380742 0.137398 0.232295
0 0.359529 0.356682 0.129238 0.231437
0 0.292055 0.366249 0.093935 0.218044
0 0.255200 0.392394 0.076248 0.172614
0 0.225566 0.393034 0.063883 0.147109
0 0.182404 0.382723 0.067059 0.161966
0 0.159772 0.371491 0.054951 0.138908
0 0.566142 0.360641 0.133318 0.231866
0 0.641801 0.391665 0.083916 0.164948
0 0.702624 0.346296 0.107613 0.229164
0 0.747715 0.374965 0.057373 0.165789
0 0.769878 0.367995 0.047454 0.152039
0 0.797036 0.343797 0.054991 0.154646
0 0.565715 0.586190 0.091321 0.189327
0 0.629553 0.616601 0.108711 0.216571
0 0.701417 0.617399 0.107999 0.232835
0 0.711441 0.565596 0.132098 0.176284
0 0.739159 0.542435 0.157354 0.173657
0 0.752384 0.475579 0.141895 0.152227
0 0.788471 0.416444 0.104041 0.127124
0 0.504087 0.600888 0.109088 0.200272
0 0.437156 0.610622 0.111662 0.216386
0 0.366175 0.603235 0.102199 0.210110
0 0.322535 0.586224 0.098879 0.170152
0 0.287279 0.580481 0.086842 0.147761
0 0.253099 0.569901 0.150716 0.158753
0 0.222203 0.532167 0.132123 0.144018
