0 0.426284 0.321222 0.147432 0.237682
0 0.329834 0.311921 0.139164 0.264550
0 0.268519 0.350157 0.101962 0.229415
0 0.224427 0.333623 0.093695 0.212880
0 0.179646 0.319155 0.067515 0.188079
0 0.149333 0.313988 0.056493 0.169478
0 0.123498 0.300037 0.036513 0.125041
0 0.542754 0.304030 0.135031 0.266993
0 0.631313 0.325731 0.091190 0.263047
0 0.686115 0.330992 0.079791 0.289352
0 0.730833 0.367819 0.058747 0.210438
0 0.764152 0.367819 0.053486 0.165720
0 0.809308 0.348090 0.056117 0.189394
0 0.829200 0.347470 0.021495 0.096726
0 0.496185 0.612526 0.109311 0.265239
0 0.570666 0.599666 0.097522 0.236304
0 0.626393 0.601273 0.095379 0.242734
0 0.697124 0.618956 0.103952 0.191294
0 0.729810 0.557067 0.171468 0.205761
0 0.781786 0.502411 0.118956 0.157536
0 0.429741 0.594843 0.117884 0.249164
0 0.362226 0.598058 0.122171 0.229874
0 0.301140 0.639853 0.115741 0.242734
0 0.257202 0.586002 0.072874 0.147891
0 0.218086 0.568319 0.084662 0.183256
0 0.207369 0.524916 0.142533 0.157536
0 0.150570 0.450971 0.093236 0.192901
