0 0.414937 0.480370 0.083161 0.113583
0 0.356363 0.471459 0.065540 0.141308
0 0.312016 0.450962 0.063895 0.147411
0 0.285266 0.443483 0.042741 0.140034
0 0.269948 0.467321 0.033168 0.093437
0 0.245504 0.461635 0.048785 0.118239
0 0.222136 0.461227 0.038086 0.107540
0 0.485485 0.472836 0.082791 0.125840
0 0.542343 0.462872 0.060607 0.126329
0 0.589254 0.453610 0.063142 0.137762
0 0.623245 0.448068 0.044662 0.149704
0 0.649348 0.442387 0.039374 0.147859
0 0.670618 0.445827 0.026907 0.136253
0 0.450350 0.580154 0.053237 0.096911
0 0.494799 0.580930 0.055951 0.099625
0 0.538500 0.586361 0.057517 0.112983
0 0.581465 0.595782 0.047692 0.110145
0 0.599847 0.587099 0.038488 0.091988
0 0.628482 0.589599 0.051964 0.074893
0 0.653306 0.555685 0.059625 0.081026
0 0.411286 0.576471 0.053202 0.094911
0 0.369382 0.582742 0.055062 0.099609
0 0.322933 0.594604 0.054615 0.124930
0 0.286725 0.605643 0.045318 0.101439
0 0.253973 0.609740 0.049458 0.109509
0 0.237735 0.584780 0.029879 0.082506
0 0.224924 0.554543 0.040431 0.076025
