0 0.461316 0.413758 0.157630 0.236799
0 0.365203 0.391813 0.136340 0.204865
0 0.301552 0.360597 0.114849 0.233952
0 0.246490 0.384625 0.097793 0.181629
0 0.207396 0.388978 0.090902 0.178066
0 0.172495 0.405907 0.076848 0.160816
0 0.141905 0.401965 0.056236 0.081730
0 0.567406 0.425237 0.150694 0.239288
0 0.657355 0.447385 0.118995 0.207336
0 0.722984 0.490397 0.119931 0.222955
0 0.770251 0.536944 0.068881 0.160320
0 0.798458 0.536113 0.058691 0.140342
0 0.812764 0.539119 0.047192 0.130133
0 0.518386 0.674079 0.103207 0.212330
0 0.572350 0.673598 0.114613 0.223735
0 0.632927 0.701773 0.125672 0.227250
0 0.683868 0.721585 0.090287 0.156822
0 0.714241 0.719443 0.080938 0.163001
0 0.738817 0.731274 0.080653 0.161386
0 0.757587 0.700429 0.095203 0.137336
0 0.459586 0.657880 0.102414 0.213756
0 0.394148 0.644675 0.110588 0.224590
0 0.320883 0.631757 0.130106 0.240557
0 0.261291 0.613752 0.113857 0.201683
0 0.214063 0.629582 0.072898 0.111485
