0 0.475621 0.290780 0.098404 0.115248
0 0.403369 0.320035 0.095745 0.095745
0 0.351950 0.365691 0.108156 0.100177
0 0.330674 0.444149 0.127660 0.101064
0 0.317376 0.507092 0.120567 0.097518
0 0.308067 0.597074 0.133865 0.149823
0 0.296543 0.695479 0.139184 0.130319
0 0.558511 0.294770 0.102837 0.119681
0 0.625443 0.314716 0.091312 0.120567
0 0.682181 0.355496 0.089539 0.108156
0 0.710993 0.426862 0.120567 0.101950
0 0.727837 0.496011 0.109929 0.091312
0 0.744681 0.580674 0.136525 0.120567
0 0.777039 0.667996 0.123227 0.123227
