0 0.623696 0.368910 0.120615 0.193817
0 0.668589 0.374283 0.064487 0.159307
0 0.693240 0.352138 0.082202 0.153687
0 0.706768 0.393995 0.087870 0.118884
0 0.334193 0.428698 0.122317 0.171054
0 0.287167 0.409546 0.058811 0.083276
0 0.284018 0.433227 0.081162 0.135678
0 0.247979 0.414040 0.051444 0.116747
0 0.474689 0.488223 0.087583 0.173949
0 0.434496 0.507633 0.099402 0.163614
0 0.390131 0.523456 0.100063 0.152075
0 0.332470 0.524845 0.101434 0.151199
0 0.518653 0.486549 0.103160 0.195946
0 0.607123 0.497788 0.112756 0.189810
0 0.646335 0.481782 0.096211 0.155928
0 0.707707 0.489831 0.105287 0.147346
