0 0.428801 0.382030 0.042092 0.083555
0 0.397955 0.396084 0.051298 0.083296
0 0.378304 0.435111 0.063963 0.098249
0 0.342927 0.467404 0.068631 0.102917
0 0.345729 0.528258 0.081565 0.096594
0 0.334418 0.604946 0.096953 0.142669
0 0.319676 0.663009 0.085467 0.068181
0 0.460586 0.378709 0.048436 0.083045
0 0.496521 0.373402 0.054195 0.092069
0 0.529511 0.412690 0.068385 0.108220
0 0.566299 0.429478 0.071340 0.109544
0 0.586567 0.496373 0.080134 0.096468
0 0.611409 0.566113 0.095616 0.143617
0 0.638437 0.623766 0.083076 0.073296
