0 0.480827 0.470187 0.134619 0.262445
0 0.399059 0.499140 0.095186 0.224619
0 0.341684 0.497229 0.087278 0.180084
0 0.290759 0.497703 0.076555 0.145864
0 0.269546 0.528457 0.053658 0.126841
0 0.240472 0.516423 0.063380 0.132387
0 0.213033 0.505637 0.069831 0.135216
0 0.586084 0.475645 0.124806 0.254292
0 0.708966 0.484403 0.113810 0.212252
0 0.765638 0.488949 0.060340 0.181747
0 0.795098 0.489225 0.045211 0.157787
0 0.827804 0.468509 0.070741 0.161282
0 0.867711 0.448847 0.053070 0.155458
0 0.565563 0.662965 0.087915 0.198331
0 0.625323 0.664793 0.079692 0.190233
0 0.682653 0.665401 0.099682 0.216966
0 0.741412 0.638555 0.074285 0.171820
0 0.774731 0.612598 0.075966 0.174482
0 0.819454 0.594073 0.106449 0.183357
0 0.865970 0.558521 0.082551 0.135660
0 0.500328 0.663938 0.091733 0.216688
0 0.435252 0.646637 0.086690 0.208702
0 0.370109 0.650217 0.099864 0.222179
0 0.319047 0.630674 0.081289 0.152799
0 0.295402 0.610024 0.076102 0.144584
0 0.261585 0.614561 0.069582 0.121595
0 0.215805 0.604751 0.075821 0.136541
