0 0.439479 0.466873 0.142306 0.213486
0 0.344609 0.452150 0.099778 0.203671
0 0.266095 0.425157 0.129220 0.228210
0 0.193307 0.387122 0.107956 0.225756
0 0.140147 0.378534 0.096506 0.218394
0 0.085351 0.382214 0.107956 0.215940
0 0.575242 0.463192 0.155391 0.215940
0 0.679109 0.465646 0.107956 0.201217
0 0.762529 0.423930 0.117770 0.250294
0 0.841043 0.398165 0.078513 0.228210
0 0.886025 0.414115 0.057249 0.191402
0 0.924463 0.410434 0.088328 0.193856
0 0.964538 0.393257 0.063792 0.198763
0 0.557249 0.676678 0.099778 0.191402
0 0.627584 0.660728 0.089963 0.188948
0 0.700733 0.681194 0.098142 0.227719
0 0.758309 0.681194 0.079822 0.212014
0 0.803455 0.686101 0.094216 0.225756
0 0.832243 0.667452 0.136090 0.204162
0 0.866920 0.655673 0.116462 0.196309
0 0.476969 0.679230 0.092908 0.180605
0 0.400419 0.675304 0.096833 0.192383
0 0.323214 0.671378 0.102068 0.247350
0 0.249280 0.662544 0.095525 0.213977
0 0.204135 0.643895 0.094216 0.184531
0 0.144596 0.688064 0.077205 0.225756
0 0.119079 0.626227 0.125622 0.192383
0 0.100759 0.547703 0.136090 0.153121
