0 0.427022 0.761642 0.123284 0.175144
0 0.356894 0.731278 0.115470 0.164043
0 0.299387 0.650282 0.101656 0.167768
0 0.269934 0.546380 0.132884 0.155879
0 0.248279 0.449536 0.123043 0.149327
0 0.240903 0.312243 0.154330 0.227740
0 0.225462 0.177346 0.117828 0.164208
0 0.514163 0.768920 0.130977 0.173336
0 0.578795 0.736729 0.096656 0.152173
0 0.629353 0.657369 0.111624 0.164947
0 0.678230 0.551246 0.125647 0.153028
0 0.703983 0.425743 0.143373 0.216420
0 0.738295 0.290773 0.141104 0.195153
0 0.759561 0.167325 0.111503 0.152039
