0 0.467207 0.796441 0.112847 0.157697
0 0.381366 0.742911 0.095486 0.149016
0 0.319637 0.658275 0.124421 0.167824
0 0.289738 0.543258 0.126350 0.134549
0 0.270448 0.447049 0.130208 0.127315
0 0.255015 0.332755 0.141782 0.190972
0 0.228974 0.216291 0.143711 0.166377
0 0.570409 0.802951 0.108989 0.153356
0 0.647087 0.757378 0.104167 0.157697
0 0.700135 0.690104 0.115741 0.179398
0 0.724248 0.589554 0.117670 0.151910
0 0.745467 0.491898 0.106096 0.133102
0 0.758488 0.384115 0.134066 0.195312
0 0.781154 0.280671 0.121528 0.173611
