0 0.439374 0.831721 0.115741 0.188079
0 0.366347 0.804853 0.088183 0.146743
0 0.306410 0.728381 0.103340 0.196346
0 0.287809 0.617808 0.112985 0.144676
0 0.265763 0.513434 0.124008 0.130208
0 0.260940 0.420428 0.119874 0.126075
0 0.251295 0.318122 0.122630 0.152943
0 0.260251 0.175513 0.140542 0.194279
0 0.530313 0.831721 0.107474 0.134342
0 0.600584 0.836888 0.099206 0.136409
0 0.668100 0.802786 0.090939 0.159144
0 0.697035 0.707713 0.110229 0.146743
0 0.737682 0.621941 0.125386 0.169478
0 0.775356 0.504823 0.106096 0.188079
0 0.806970 0.350502 0.128601 0.217014
