0 0.464025 0.457592 0.100460 0.148392
0 0.406216 0.441146 0.076548 0.130944
0 0.366142 0.423688 0.066592 0.145814
0 0.331969 0.424317 0.056785 0.137119
0 0.310071 0.424523 0.044745 0.100061
0 0.290049 0.404212 0.051899 0.107494
0 0.271102 0.377762 0.058404 0.104547
0 0.640060 0.445741 0.096712 0.177602
0 0.662872 0.478849 0.071105 0.135633
0 0.698131 0.486309 0.054862 0.105963
0 0.727427 0.468687 0.045110 0.110841
0 0.519555 0.580577 0.064521 0.110479
0 0.558099 0.607745 0.071225 0.133555
0 0.592498 0.619946 0.066261 0.156166
0 0.625570 0.624007 0.063746 0.109417
0 0.655858 0.618253 0.085133 0.120750
0 0.675900 0.576839 0.092923 0.115902
0 0.485898 0.608353 0.069139 0.132332
0 0.450930 0.579131 0.073035 0.111525
0 0.398729 0.584687 0.076102 0.131252
0 0.358436 0.571762 0.066210 0.124232
0 0.320806 0.569635 0.064297 0.119160
0 0.284761 0.543771 0.084547 0.126483
0 0.272300 0.496372 0.071484 0.109399
