0 0.763776 0.287472 0.024836 0.069418
0 0.768212 0.571438 0.046126 0.075717
0 0.750471 0.484670 0.028388 0.066264
0 0.725635 0.395534 0.056771 0.080452
0 0.252831 0.591946 0.037259 0.110426
0 0.291417 0.537441 0.025725 0.049062
0 0.330005 0.411234 0.039033 0.077463
0 0.180093 0.588792 0.058544 0.082033
0 0.233759 0.498080 0.031045 0.083614
0 0.261258 0.393167 0.041695 0.094657
0 0.306497 0.301668 0.055887 0.107281
0 0.780191 0.377394 0.059433 0.082033
0 0.391212 0.201490 0.063869 0.096238
0 0.496329 0.133653 0.096693 0.124631
0 0.613864 0.131286 0.095799 0.104118
0 0.705232 0.204648 0.054998 0.089922
