0 0.182284 0.370872 0.023153 0.124945
0 0.163701 0.434139 0.026613 0.131107
0 0.140634 0.250905 0.030160 0.090033
0 0.719886 0.450718 0.035486 0.085296
0 0.644042 0.690822 0.032826 0.154803
0 0.722990 0.736628 0.082494 0.183235
0 0.775770 0.609468 0.065640 0.146897
0 0.852946 0.502056 0.039033 0.074243
0 0.558885 0.675811 0.082500 0.219561
0 0.455099 0.693975 0.080727 0.186393
0 0.361515 0.684501 0.083387 0.157950
0 0.288331 0.617368 0.055887 0.235351
0 0.320711 0.397018 0.076287 0.217982
0 0.238214 0.301447 0.063867 0.216404
0 0.228454 0.530488 0.028387 0.137423
0 0.455099 0.453882 0.128621 0.233772
0 0.609892 0.472045 0.108220 0.194287
0 0.809036 0.316458 0.057654 0.173750
