0 0.670433 0.422583 0.066870 0.122405
0 0.423929 0.335694 0.038535 0.057425
0 0.561628 0.409738 0.071404 0.114843
0 0.867636 0.544229 0.066870 0.069508
0 0.700466 0.568406 0.077070 0.057425
0 0.625097 0.574455 0.037397 0.051380
0 0.528762 0.541207 0.078202 0.126933
0 0.459625 0.441473 0.044201 0.072534
0 0.462461 0.547256 0.027197 0.066489
0 0.361026 0.558588 0.039667 0.068006
0 0.226722 0.415028 0.061205 0.089153
0 0.779800 0.530630 0.058935 0.081598
0 0.950536 0.449782 0.098929 0.110315
0 0.821734 0.433918 0.102004 0.099734
0 0.311725 0.344003 0.056671 0.040807
0 0.367258 0.452050 0.090666 0.105779
