0 0.082061 0.232564 0.095105 0.096394
0 0.830810 0.142928 0.058329 0.021982
0 0.735080 0.142083 0.095097 0.023673
0 0.586092 0.144619 0.101436 0.025364
0 0.440269 0.144625 0.103980 0.049048
0 0.328686 0.108259 0.065936 0.087940
0 0.222813 0.071904 0.059597 0.076103
0 0.167019 0.045694 0.036776 0.074412
0 0.908161 0.432962 0.091301 0.104849
0 0.865046 0.568247 0.121730 0.111613
0 0.802918 0.661260 0.055793 0.060885
0 0.785802 0.773723 0.064668 0.103169
0 0.720500 0.860817 0.076079 0.108242
0 0.632372 0.870118 0.046910 0.059183
0 0.553119 0.873505 0.048186 0.086249
0 0.474505 0.855745 0.058329 0.071019
0 0.378774 0.842212 0.067204 0.091321
0 0.300793 0.798247 0.071008 0.138667
0 0.206327 0.624059 0.095105 0.027066
0 0.179064 0.501456 0.131864 0.093012
0 0.122003 0.377150 0.106507 0.087940
