0 0.198239 0.559730 0.062983 0.205336
0 0.469677 0.411259 0.125077 0.334844
0 0.636000 0.418363 0.129508 0.285887
0 0.759303 0.387566 0.042579 0.208489
0 0.840024 0.331493 0.074512 0.229029
0 0.752650 0.638705 0.070081 0.208489
0 0.570801 0.688459 0.077172 0.238501
0 0.668822 0.690036 0.072741 0.213237
0 0.476330 0.713729 0.078061 0.257458
0 0.378754 0.637914 0.074519 0.229017
0 0.295815 0.588867 0.054108 0.244664
0 0.329077 0.398621 0.079838 0.202182
0 0.235492 0.261205 0.073623 0.252722
0 0.140579 0.291930 0.054114 0.228873
0 0.826721 0.561307 0.095798 0.217962
