0 0.139928 0.549630 0.083652 0.084549
0 0.112680 0.700142 0.100121 0.111611
0 0.101906 0.854032 0.098861 0.128531
0 0.890220 0.841348 0.078573 0.069341
0 0.876913 0.705213 0.128011 0.115005
0 0.843964 0.557239 0.079848 0.062563
0 0.809742 0.433784 0.112802 0.076099
0 0.751443 0.287508 0.069704 0.121763
0 0.674765 0.173354 0.048162 0.096393
0 0.573375 0.119235 0.103926 0.103151
0 0.434598 0.114164 0.087449 0.065957
0 0.286314 0.165745 0.031686 0.033820
0 0.215968 0.290041 0.055763 0.082857
0 0.184286 0.431251 0.096317 0.094701
