0 0.281996 0.217446 0.096829 0.070699
0 0.197498 0.315562 0.081295 0.098735
0 0.871964 0.613149 0.054501 0.076100
0 0.883372 0.508300 0.112803 0.065949
0 0.834575 0.412748 0.129278 0.081171
0 0.805428 0.261393 0.055768 0.160652
0 0.698326 0.178527 0.057035 0.126837
0 0.572212 0.126950 0.157162 0.060888
0 0.402374 0.135406 0.141960 0.016912
0 0.930906 0.641053 0.027884 0.050737
0 0.847884 0.716308 0.062109 0.082871
0 0.927102 0.732375 0.035492 0.033815
0 0.152686 0.434736 0.134345 0.101464
0 0.096918 0.548041 0.119144 0.118385
0 0.098185 0.650354 0.121677 0.086242
0 0.138744 0.788182 0.065909 0.050737
