0 0.979641 0.489122 0.028712 0.132987
0 0.820970 0.336497 0.134488 0.145073
0 0.863283 0.490633 0.098221 0.151120
0 0.653232 0.357654 0.152628 0.132980
0 0.734078 0.507258 0.087643 0.160183
0 0.501365 0.418854 0.075556 0.131471
0 0.572383 0.533701 0.075556 0.131471
0 0.474919 0.528411 0.049868 0.051376
0 0.405403 0.433210 0.092182 0.093697
0 0.315494 0.449832 0.054400 0.087643
0 0.368382 0.532947 0.069517 0.081603
0 0.218777 0.430941 0.054407 0.068001
0 0.243712 0.534455 0.043821 0.060447
0 0.949396 0.347072 0.101208 0.120893
