0 0.682111 0.674744 0.068495 0.183783
0 0.618576 0.416728 0.112177 0.275685
0 0.442866 0.416733 0.110190 0.258006
0 0.830026 0.670327 0.060557 0.132536
0 0.765500 0.689765 0.048644 0.178487
0 0.152990 0.406130 0.034744 0.151973
0 0.220497 0.651769 0.034744 0.148446
0 0.208584 0.415849 0.050632 0.182025
0 0.299417 0.404361 0.085370 0.205000
0 0.289986 0.665910 0.044670 0.190859
0 0.380325 0.674739 0.072470 0.180256
0 0.474136 0.676513 0.067501 0.208528
0 0.582837 0.692413 0.062539 0.229734
0 0.741177 0.446774 0.061551 0.120174
