0 0.190778 0.578449 0.084899 0.093013
0 0.906119 0.153129 0.081105 0.060881
0 0.892813 0.244456 0.074764 0.091322
0 0.869370 0.336619 0.068430 0.062572
0 0.861132 0.427095 0.092507 0.091313
0 0.840226 0.553085 0.070964 0.109928
0 0.799040 0.679919 0.084899 0.120072
0 0.748986 0.794069 0.065896 0.145441
0 0.662813 0.830432 0.055761 0.103165
0 0.565873 0.842271 0.057028 0.086250
0 0.475266 0.843961 0.065896 0.103156
0 0.382126 0.863408 0.082365 0.057500
0 0.291523 0.816057 0.043086 0.114991
0 0.232594 0.695139 0.057022 0.109919
0 0.145792 0.474447 0.144468 0.054110
0 0.126786 0.393269 0.098841 0.091322
0 0.107773 0.232612 0.119117 0.148822
