0 0.809438 0.497360 0.057725 0.086134
0 0.221997 0.234424 0.073575 0.104276
0 0.296134 0.155846 0.081497 0.092182
0 0.400833 0.083312 0.103000 0.034756
0 0.536092 0.094642 0.097346 0.063473
0 0.657203 0.176243 0.054327 0.114843
0 0.741526 0.244245 0.080359 0.148089
0 0.779444 0.396872 0.099608 0.090672
0 0.846225 0.609948 0.088281 0.102757
0 0.856412 0.754258 0.117712 0.058935
0 0.186908 0.347762 0.084889 0.122400
0 0.162007 0.474699 0.071307 0.116361
0 0.164837 0.591056 0.113190 0.113333
0 0.144461 0.720257 0.110922 0.105785
