0 0.175318 0.617413 0.082401 0.086250
0 0.164542 0.463522 0.101423 0.140365
0 0.105592 0.267345 0.117900 0.150511
0 0.919497 0.222532 0.087476 0.162345
0 0.868157 0.433079 0.103960 0.170812
0 0.809836 0.594585 0.058317 0.081177
0 0.768635 0.733253 0.059583 0.084553
0 0.716023 0.812737 0.055780 0.071022
0 0.617137 0.864316 0.083673 0.032135
0 0.510643 0.869393 0.058317 0.059188
0 0.421265 0.873618 0.044378 0.050739
0 0.331888 0.868545 0.065923 0.033823
0 0.259624 0.833878 0.050711 0.133595
0 0.196238 0.740018 0.058317 0.094708
