0 0.393264 0.609884 0.110591 0.190263
0 0.622191 0.615046 0.088476 0.212396
0 0.293180 0.603251 0.091789 0.215339
0 0.730569 0.609151 0.084049 0.206491
0 0.803560 0.590713 0.044238 0.143064
0 0.852775 0.572275 0.047551 0.120950
0 0.899219 0.550152 0.065246 0.097351
0 0.134481 0.573013 0.037604 0.134216
0 0.094117 0.562690 0.032070 0.089970
0 0.059833 0.528761 0.034284 0.078170
0 0.224060 0.382745 0.090682 0.213862
0 0.777570 0.392331 0.089575 0.221244
0 0.204155 0.598084 0.084049 0.210910
0 0.856092 0.410768 0.045345 0.190273
0 0.944011 0.413721 0.050872 0.119474
0 0.540906 0.401921 0.158143 0.210920
0 0.683567 0.384960 0.096217 0.191739
0 0.362301 0.403397 0.161463 0.205015
0 0.131164 0.388645 0.088469 0.210920
0 0.079738 0.404869 0.058613 0.151921
0 0.036607 0.389383 0.029864 0.106188
0 0.511596 0.616522 0.097324 0.194681
