0 0.885780 0.764457 0.083638 0.088102
0 0.171693 0.529470 0.102646 0.094704
0 0.209712 0.419550 0.097573 0.094704
0 0.106432 0.813583 0.098843 0.131915
0 0.224921 0.304554 0.051958 0.067643
0 0.278776 0.206465 0.043082 0.037202
0 0.383323 0.145583 0.097573 0.064263
0 0.138747 0.644470 0.127996 0.098085
0 0.514481 0.146430 0.093776 0.062568
0 0.653244 0.192939 0.059557 0.091315
0 0.738780 0.312162 0.060827 0.103160
0 0.764127 0.428853 0.076032 0.052427
0 0.792639 0.536240 0.087434 0.040583
0 0.836359 0.644470 0.101382 0.054113
0 0.874375 0.893910 0.015205 0.042277
