0 0.745769 0.816821 0.039282 0.065958
0 0.106562 0.251137 0.134306 0.155579
0 0.119227 0.391500 0.139369 0.104853
0 0.143939 0.523411 0.059550 0.060884
0 0.180678 0.654474 0.069685 0.086253
0 0.231360 0.758474 0.046885 0.118379
0 0.335256 0.820205 0.062090 0.062579
0 0.437886 0.847263 0.054479 0.072716
0 0.533545 0.869247 0.040544 0.093021
0 0.638072 0.853179 0.046885 0.047347
0 0.810386 0.705205 0.064621 0.120074
0 0.845864 0.594437 0.057011 0.064263
0 0.873738 0.459989 0.089953 0.143747
0 0.910481 0.308637 0.089953 0.121758
