0 0.389025 0.892160 0.069685 0.150508
0 0.749471 0.211481 0.091221 0.071025
0 0.611376 0.158208 0.139363 0.069334
0 0.431467 0.139610 0.146967 0.076100
0 0.287035 0.142989 0.091221 0.059194
0 0.167938 0.353532 0.136835 0.162349
0 0.115358 0.634264 0.143165 0.121762
0 0.828027 0.955578 0.040545 0.057502
0 0.209747 0.883707 0.032942 0.028747
0 0.287032 0.891319 0.070952 0.108230
0 0.883772 0.665552 0.154570 0.096398
0 0.748841 0.906534 0.064616 0.125145
0 0.650650 0.881170 0.070952 0.142060
0 0.529022 0.872717 0.076021 0.158966
0 0.849567 0.444010 0.119094 0.082866
