0 0.151603 0.627531 0.117248 0.153892
0 0.215864 0.484625 0.092449 0.087941
0 0.269418 0.364559 0.077789 0.094703
0 0.325791 0.252941 0.064264 0.030436
0 0.403019 0.169228 0.054113 0.038892
0 0.539439 0.107504 0.096958 0.020297
0 0.658380 0.116806 0.064264 0.049040
0 0.776757 0.222500 0.039459 0.043970
0 0.811146 0.332421 0.049610 0.077792
0 0.822984 0.455031 0.071030 0.059188
0 0.828618 0.581021 0.086812 0.057504
0 0.826928 0.722234 0.117254 0.103159
0 0.798182 0.875279 0.075538 0.081169
0 0.088467 0.786492 0.105974 0.120070
