0 0.891780 0.299475 0.116656 0.155592
0 0.920946 0.137971 0.093830 0.123460
0 0.176618 0.598805 0.116664 0.064264
0 0.710452 0.668991 0.065938 0.065953
0 0.788440 0.567523 0.120463 0.089629
0 0.385208 0.797513 0.100178 0.062564
0 0.293274 0.763687 0.076077 0.096395
0 0.206417 0.726483 0.074811 0.103162
0 0.158232 0.496493 0.092571 0.072719
0 0.124629 0.358661 0.091297 0.114995
0 0.073907 0.198857 0.081158 0.113306
0 0.499332 0.779753 0.079884 0.033821
0 0.614718 0.740015 0.072278 0.038898
0 0.846131 0.454212 0.086224 0.113306
