0 0.460771 0.440157 0.097327 0.186763
0 0.395448 0.442130 0.075407 0.153883
0 0.345907 0.459885 0.067515 0.144676
0 0.315218 0.480271 0.062254 0.124947
0 0.290596 0.494232 0.043558 0.096139
0 0.273173 0.487698 0.029869 0.090539
0 0.259934 0.480650 0.022666 0.081019
0 0.539062 0.441623 0.090664 0.171441
0 0.602720 0.438368 0.061728 0.154803
0 0.648052 0.449219 0.050154 0.162037
0 0.686391 0.469112 0.027488 0.130932
0 0.701100 0.487558 0.016397 0.094039
0 0.713156 0.486111 0.016397 0.085359
0 0.483130 0.544060 0.056117 0.097327
0 0.439727 0.540772 0.055240 0.117056
0 0.396763 0.544060 0.064008 0.128893
0 0.350730 0.551294 0.059624 0.106534
0 0.322100 0.551451 0.026916 0.058543
0 0.302586 0.559526 0.039029 0.070656
0 0.274602 0.545317 0.032348 0.042735
0 0.528306 0.542774 0.051999 0.104418
0 0.576112 0.542774 0.054516 0.114483
0 0.621612 0.554096 0.064999 0.135870
0 0.655998 0.555983 0.048225 0.114483
0 0.679901 0.555983 0.025580 0.074225
0 0.696675 0.560072 0.028935 0.064790
0 0.711982 0.545604 0.028516 0.045919
