0 0.461777 0.414266 0.089306 0.162894
0 0.403549 0.426590 0.061443 0.136103
0 0.357467 0.414802 0.060728 0.159679
0 0.332104 0.423911 0.024291 0.102881
0 0.313529 0.400334 0.032865 0.100737
0 0.294239 0.387474 0.031436 0.081447
0 0.274591 0.359611 0.026435 0.075017
0 0.532865 0.410515 0.081447 0.155393
0 0.581447 0.424983 0.047154 0.122171
0 0.618956 0.438379 0.040724 0.151106
0 0.638960 0.429270 0.016432 0.083591
0 0.648963 0.441058 0.020719 0.087877
0 0.661465 0.424983 0.025720 0.083591
0 0.684328 0.404085 0.025720 0.073945
0 0.496785 0.561085 0.059299 0.102881
0 0.545010 0.579840 0.060014 0.133959
0 0.581804 0.625386 0.059299 0.152178
0 0.610740 0.605024 0.040009 0.113597
0 0.625386 0.582519 0.042152 0.092164
0 0.631459 0.562157 0.087163 0.100737
0 0.653607 0.526792 0.080018 0.096451
0 0.662180 0.480174 0.061443 0.073945
0 0.451417 0.557870 0.055727 0.087877
0 0.417838 0.610918 0.068587 0.114669
0 0.382116 0.588949 0.065729 0.135031
0 0.353181 0.575017 0.055013 0.113597
0 0.319959 0.560014 0.070016 0.105024
0 0.288166 0.525720 0.066444 0.105024
0 0.269233 0.492498 0.055727 0.092164
