0 0.440056 0.423141 0.113329 0.195312
0 0.354456 0.423141 0.089217 0.166377
0 0.293572 0.438513 0.080777 0.179036
0 0.254389 0.455693 0.067515 0.144676
0 0.218822 0.455693 0.042197 0.119358
0 0.193504 0.446651 0.061487 0.155527
0 0.542535 0.419524 0.113329 0.198929
0 0.626929 0.426758 0.079572 0.177228
0 0.681785 0.449363 0.061487 0.160952
0 0.714940 0.431279 0.045814 0.168186
0 0.732422 0.430375 0.034963 0.162760
0 0.750506 0.439417 0.025318 0.130208
0 0.532287 0.607603 0.071132 0.162760
0 0.595583 0.616645 0.081983 0.166377
0 0.658878 0.641059 0.073544 0.182653
0 0.703487 0.621166 0.061487 0.146484
0 0.740258 0.638346 0.060282 0.188079
0 0.761960 0.630208 0.053048 0.186270
0 0.762563 0.595848 0.119358 0.207972
0 0.467785 0.626591 0.077160 0.197121
0 0.408107 0.640155 0.080777 0.202546
0 0.342400 0.651005 0.079572 0.206163
0 0.289955 0.649197 0.063899 0.169994
0 0.257403 0.666377 0.097656 0.218822
0 0.221836 0.626591 0.081983 0.157335
0 0.189284 0.573242 0.135031 0.155527
