0 0.407407 0.346788 0.136574 0.244213
0 0.316358 0.342014 0.104167 0.228009
0 0.250000 0.320023 0.094907 0.211806
0 0.210262 0.326389 0.063272 0.155093
0 0.179784 0.322338 0.051698 0.140046
0 0.512971 0.333254 0.135031 0.241459
0 0.593790 0.339739 0.087803 0.206537
0 0.659975 0.302323 0.080486 0.209531
0 0.704154 0.317001 0.045225 0.153035
0 0.724997 0.319387 0.018218 0.115098
0 0.744750 0.312830 0.042489 0.151058
0 0.770249 0.300537 0.024494 0.116379
0 0.152789 0.312430 0.047787 0.136785
0 0.117735 0.265967 0.049905 0.112129
0 0.436439 0.552180 0.085198 0.202546
0 0.369995 0.552582 0.094843 0.185667
0 0.301944 0.563432 0.081983 0.205761
0 0.240859 0.559012 0.072338 0.176022
0 0.205493 0.530880 0.064836 0.166377
0 0.169324 0.506768 0.070730 0.131012
0 0.129672 0.455729 0.081447 0.122171
0 0.502347 0.555395 0.077696 0.172004
0 0.557002 0.548965 0.098058 0.194509
0 0.618356 0.569862 0.077160 0.208976
0 0.656400 0.550974 0.069659 0.159947
0 0.676405 0.538248 0.057513 0.158072
0 0.708019 0.532354 0.087163 0.155928
0 0.722129 0.473971 0.088234 0.119492
