0 0.468564 0.439986 0.092878 0.192901
0 0.392475 0.429805 0.079304 0.161823
0 0.336391 0.423911 0.080018 0.177898
0 0.297096 0.441594 0.045725 0.142533
0 0.272448 0.428198 0.037866 0.156464
0 0.258873 0.426055 0.030721 0.120027
0 0.246013 0.435164 0.026435 0.091092
0 0.545725 0.447488 0.090021 0.160751
0 0.615026 0.436235 0.075732 0.155393
0 0.662180 0.414266 0.072874 0.180041
0 0.694687 0.433020 0.036437 0.148963
0 0.709334 0.418553 0.028578 0.139318
0 0.722551 0.411051 0.022148 0.115741
0 0.527864 0.630208 0.058585 0.129672
0 0.572517 0.636103 0.070730 0.160751
0 0.610382 0.627529 0.067873 0.158608
0 0.655393 0.619492 0.049297 0.133959
0 0.669324 0.591628 0.054298 0.110382
0 0.690758 0.562693 0.098594 0.133959
0 0.701475 0.514468 0.097165 0.095379
0 0.486068 0.609311 0.059299 0.113597
0 0.437486 0.628065 0.069302 0.142533
0 0.377115 0.649498 0.077160 0.185400
0 0.327461 0.627529 0.067873 0.150034
0 0.308885 0.596451 0.060728 0.117884
0 0.270662 0.584126 0.071445 0.118956
0 0.256730 0.544474 0.072159 0.095379
