0 0.391204 0.347222 0.152006 0.243056
0 0.300926 0.395255 0.065586 0.181713
0 0.232253 0.351852 0.116512 0.215278
0 0.166281 0.388889 0.075617 0.182870
0 0.138117 0.402199 0.056327 0.146991
0 0.109568 0.386574 0.051698 0.131944
0 0.513503 0.351852 0.163580 0.247685
0 0.601466 0.380787 0.077160 0.187500
0 0.674769 0.310764 0.123457 0.258102
0 0.738040 0.383102 0.061728 0.173611
0 0.766204 0.378472 0.040895 0.162037
0 0.785872 0.354118 0.027730 0.124783
0 0.807715 0.316896 0.030048 0.089588
0 0.417673 0.539786 0.097140 0.213914
0 0.331556 0.542369 0.099895 0.210813
0 0.255773 0.526352 0.088872 0.220114
0 0.197214 0.524285 0.072338 0.195312
0 0.162767 0.514984 0.043403 0.139509
0 0.130043 0.482432 0.071649 0.136409
0 0.103283 0.434293 0.045814 0.091025
0 0.492624 0.531046 0.112904 0.204248
0 0.571487 0.514025 0.094749 0.197440
0 0.648364 0.523386 0.099855 0.199142
0 0.708220 0.501685 0.087940 0.193185
0 0.743396 0.498706 0.062977 0.125953
0 0.768927 0.472324 0.061842 0.102124
0 0.792472 0.425517 0.049927 0.081699
