0 0.435957 0.374421 0.139660 0.234954
0 0.342207 0.377315 0.108025 0.250000
0 0.268133 0.383681 0.087963 0.244213
0 0.228009 0.389468 0.066358 0.209491
0 0.208333 0.412037 0.081019 0.210648
0 0.164352 0.405671 0.070216 0.197917
0 0.136574 0.397569 0.062500 0.195602
0 0.544367 0.372685 0.145062 0.250000
0 0.643133 0.390625 0.109568 0.223380
0 0.696373 0.368056 0.091049 0.250000
0 0.739969 0.401620 0.042438 0.192130
0 0.771991 0.412616 0.037037 0.181713
0 0.798997 0.406829 0.040123 0.184028
0 0.819830 0.417824 0.037037 0.171296
0 0.456019 0.506944 0.076389 0.120370
0 0.390432 0.542824 0.090278 0.178241
0 0.331404 0.553819 0.087963 0.179398
0 0.274691 0.552083 0.077932 0.173611
0 0.225694 0.579282 0.070988 0.146991
0 0.179398 0.560185 0.058642 0.150463
0 0.151620 0.527199 0.054012 0.114583
0 0.516590 0.523148 0.069444 0.152778
0 0.583333 0.528356 0.088735 0.151620
0 0.645448 0.543981 0.081790 0.168981
0 0.697531 0.528935 0.070216 0.152778
0 0.734568 0.565972 0.031636 0.111111
0 0.759645 0.550347 0.074074 0.160880
0 0.792052 0.536458 0.035494 0.089120
