0 0.469907 0.442130 0.121142 0.245370
0 0.378472 0.443866 0.095679 0.190972
0 0.313657 0.432870 0.089506 0.199074
0 0.262346 0.429398 0.064043 0.187500
0 0.224923 0.432292 0.055556 0.158565
0 0.201003 0.425347 0.046296 0.146991
0 0.172068 0.403356 0.047068 0.142361
0 0.565586 0.453704 0.124228 0.219907
0 0.650463 0.450231 0.084105 0.217593
0 0.709491 0.451389 0.070988 0.199074
0 0.752315 0.473380 0.051698 0.164352
0 0.781636 0.473380 0.039352 0.148148
0 0.801470 0.470323 0.027204 0.140966
0 0.818040 0.454371 0.020774 0.100160
0 0.463909 0.678110 0.087117 0.193212
0 0.403238 0.674843 0.076538 0.196013
0 0.340701 0.664576 0.062226 0.201613
0 0.287809 0.648241 0.063471 0.200680
0 0.245184 0.633307 0.054137 0.157743
0 0.210026 0.619773 0.049781 0.162410
0 0.201003 0.567970 0.060359 0.118541
0 0.523646 0.679510 0.077160 0.192279
0 0.582450 0.679977 0.086494 0.196946
0 0.640009 0.690711 0.069693 0.199746
0 0.680456 0.673443 0.068449 0.182012
0 0.722459 0.671576 0.057870 0.161477
0 0.757616 0.662709 0.068449 0.147476
0 0.768658 0.602013 0.072338 0.123778
