0 0.470261 0.415003 0.147087 0.261622
0 0.368184 0.369792 0.122975 0.243538
0 0.287809 0.350502 0.086002 0.231481
0 0.244808 0.349296 0.054655 0.214603
0 0.213863 0.348693 0.047422 0.215808
0 0.571534 0.424648 0.118152 0.244743
0 0.665172 0.411989 0.081983 0.267650
0 0.722238 0.396316 0.083591 0.272473
0 0.752659 0.349348 0.033548 0.092467
0 0.758236 0.438985 0.037322 0.148450
0 0.785158 0.425460 0.055774 0.176756
0 0.492465 0.668186 0.081983 0.197121
0 0.426155 0.669090 0.091628 0.207972
0 0.349597 0.662760 0.103684 0.189887
0 0.292933 0.637894 0.079572 0.178132
0 0.248324 0.636538 0.081983 0.166377
0 0.559076 0.673159 0.095848 0.187174
0 0.622372 0.684010 0.076558 0.188983
0 0.677831 0.672255 0.072941 0.201642
0 0.718521 0.683105 0.061487 0.163665
0 0.736418 0.679977 0.055370 0.161823
0 0.766782 0.663634 0.074660 0.120563
