0 0.417138 0.358796 0.131944 0.215278
0 0.333419 0.364005 0.074074 0.153935
0 0.278164 0.351273 0.075617 0.184028
0 0.249228 0.371528 0.060957 0.131944
0 0.230324 0.382523 0.057099 0.116898
0 0.202546 0.372106 0.061728 0.135417
0 0.535494 0.364583 0.133488 0.199074
0 0.630787 0.374421 0.101852 0.200231
0 0.700231 0.369792 0.074074 0.195602
0 0.740355 0.387153 0.057099 0.142361
0 0.768519 0.407407 0.043981 0.125000
0 0.794367 0.401620 0.057099 0.138889
0 0.829090 0.385417 0.043210 0.118056
0 0.505015 0.588542 0.078704 0.170139
0 0.573688 0.597222 0.089506 0.175926
0 0.640046 0.616898 0.078704 0.157407
0 0.685957 0.605324 0.087191 0.168981
0 0.720679 0.575231 0.062500 0.134259
0 0.753858 0.564011 0.081019 0.129630
0 0.785494 0.530671 0.102623 0.128472
0 0.780446 0.479806 0.095647 0.048225
0 0.439272 0.595315 0.102881 0.196116
0 0.376400 0.569059 0.084305 0.135031
0 0.328532 0.621571 0.101452 0.162894
0 0.301740 0.564236 0.089306 0.129672
0 0.270662 0.533158 0.057156 0.121099
0 0.243177 0.528084 0.065057 0.100989
0 0.231262 0.481561 0.078295 0.103259
0 0.200057 0.441846 0.059005 0.077160
