0 0.432124 0.412070 0.105671 0.215198
0 0.372347 0.420747 0.069419 0.156192
0 0.325682 0.381410 0.068647 0.172390
0 0.314483 0.404376 0.078204 0.168453
0 0.288539 0.433564 0.031504 0.145659
0 0.273840 0.408731 0.013683 0.096172
0 0.276381 0.479980 0.025802 0.068610
0 0.514856 0.423977 0.092262 0.181788
0 0.580143 0.437172 0.065678 0.164782
0 0.627643 0.421632 0.062160 0.192344
0 0.663609 0.430721 0.048086 0.170646
0 0.686675 0.438051 0.030884 0.147776
0 0.707004 0.436585 0.043395 0.167128
0 0.463838 0.661182 0.056687 0.121388
0 0.425330 0.653558 0.057078 0.109659
0 0.376267 0.666459 0.059032 0.137807
0 0.333402 0.658039 0.056590 0.113789
0 0.307546 0.658771 0.026344 0.085251
0 0.295716 0.656576 0.026100 0.118180
0 0.286883 0.678775 0.019298 0.067678
0 0.276555 0.619863 0.019841 0.088470
0 0.502854 0.660103 0.056697 0.139840
0 0.545472 0.675514 0.061263 0.131849
0 0.606925 0.693208 0.110350 0.185502
0 0.632890 0.655822 0.064688 0.092466
0 0.682586 0.664788 0.073166 0.100827
0 0.704677 0.606673 0.061091 0.076252
