0 0.441262 0.410482 0.094039 0.144676
0 0.377363 0.417716 0.077160 0.126591
0 0.326726 0.424949 0.062693 0.126591
0 0.298394 0.433992 0.049431 0.104890
0 0.282118 0.440321 0.045814 0.081380
0 0.258608 0.434896 0.039786 0.081380
0 0.520833 0.407769 0.089217 0.139251
0 0.587143 0.398727 0.069927 0.132017
0 0.634766 0.405860 0.051842 0.126591
0 0.654793 0.427196 0.042867 0.090824
0 0.672207 0.441663 0.033758 0.081179
0 0.692837 0.432018 0.032150 0.073142
0 0.705161 0.431617 0.026792 0.080376
0 0.491097 0.696982 0.051440 0.132805
0 0.537096 0.694756 0.058365 0.126870
0 0.585569 0.700321 0.053419 0.136515
0 0.611536 0.676950 0.047978 0.103128
0 0.634289 0.666192 0.049956 0.089031
0 0.651106 0.640966 0.087547 0.105354
0 0.670149 0.603499 0.084085 0.091257
0 0.445345 0.694385 0.054903 0.132063
0 0.398851 0.695869 0.059849 0.133547
0 0.352356 0.695498 0.053913 0.131321
0 0.321195 0.675466 0.049956 0.120934
0 0.299679 0.652837 0.049462 0.094967
0 0.282615 0.631692 0.076666 0.104612
0 0.275443 0.576419 0.083096 0.081612
