0 0.425721 0.411471 0.115694 0.174746
0 0.369821 0.430228 0.086004 0.146674
0 0.329646 0.429228 0.075641 0.134364
0 0.301889 0.432018 0.063121 0.116652
0 0.289458 0.450264 0.054711 0.092670
0 0.273584 0.447337 0.059467 0.088992
0 0.250580 0.448942 0.060753 0.103903
0 0.501578 0.399239 0.111107 0.166930
0 0.560548 0.403179 0.080177 0.123554
0 0.604113 0.393094 0.087240 0.133546
0 0.634763 0.391323 0.068880 0.109691
0 0.649627 0.401873 0.050893 0.078773
0 0.667938 0.399090 0.063073 0.095656
0 0.697390 0.391925 0.052034 0.087554
0 0.513385 0.637304 0.073889 0.130097
0 0.559684 0.642801 0.085821 0.145777
0 0.589868 0.626187 0.074894 0.137703
0 0.632246 0.631147 0.076983 0.122844
0 0.636801 0.612971 0.088226 0.103580
0 0.657513 0.593796 0.103485 0.120090
0 0.682355 0.570940 0.090544 0.102151
0 0.478129 0.647829 0.073409 0.129411
0 0.443093 0.658895 0.073528 0.133556
0 0.404320 0.651861 0.077011 0.120022
0 0.375341 0.669573 0.087921 0.117941
0 0.364020 0.643623 0.085081 0.091388
0 0.346851 0.630974 0.100988 0.096298
0 0.317454 0.615494 0.083883 0.085740
