0 0.474165 0.415778 0.079227 0.135375
0 0.540303 0.412678 0.075094 0.145709
0 0.418706 0.424562 0.067515 0.124008
0 0.591973 0.411128 0.054426 0.134342
0 0.451430 0.551153 0.053048 0.114707
0 0.490699 0.546503 0.050292 0.115741
0 0.530658 0.551153 0.050292 0.122975
0 0.569927 0.547020 0.050292 0.120908
0 0.610229 0.552187 0.050981 0.143643
0 0.414917 0.568721 0.053048 0.153977
0 0.631586 0.409578 0.048225 0.145709
0 0.664655 0.427145 0.034447 0.145709
0 0.679467 0.431279 0.036513 0.133309
0 0.376337 0.432829 0.057181 0.121941
0 0.378971 0.566611 0.040188 0.116946
0 0.642040 0.552083 0.049511 0.130208
0 0.663902 0.545814 0.040509 0.109954
0 0.685442 0.543403 0.045010 0.089699
0 0.694123 0.523630 0.045653 0.079090
0 0.358717 0.566591 0.032503 0.105831
0 0.338766 0.564807 0.036466 0.096715
0 0.332160 0.548952 0.048622 0.091166
0 0.699834 0.439869 0.030141 0.114837
0 0.711890 0.441225 0.021701 0.083189
0 0.352537 0.451389 0.046847 0.112198
0 0.333137 0.459491 0.035825 0.117394
0 0.318287 0.467345 0.033620 0.096726
0 0.303957 0.470238 0.028108 0.087632
