0 0.407468 0.406865 0.108507 0.206163
0 0.339349 0.414551 0.079572 0.194408
0 0.285699 0.399631 0.071132 0.186270
0 0.248039 0.414159 0.034401 0.140818
0 0.231964 0.409095 0.033115 0.106578
0 0.215085 0.392699 0.025077 0.080536
0 0.485790 0.415847 0.093879 0.179880
0 0.559414 0.409819 0.081662 0.190008
0 0.611175 0.408372 0.058513 0.190008
0 0.649113 0.414882 0.043724 0.173129
0 0.671296 0.428627 0.030221 0.132137
0 0.686568 0.427662 0.018326 0.112847
0 0.697659 0.423804 0.016718 0.094522
0 0.418113 0.609713 0.065908 0.175058
0 0.368602 0.602479 0.057549 0.179880
0 0.318126 0.591628 0.060764 0.169753
0 0.283404 0.572097 0.061407 0.137442
0 0.266686 0.548225 0.044689 0.108989
0 0.243560 0.531651 0.033888 0.118087
0 0.467093 0.614890 0.067326 0.187228
0 0.517777 0.614039 0.069596 0.166235
0 0.567515 0.620563 0.075269 0.195171
0 0.605528 0.595883 0.074891 0.137868
0 0.636355 0.581416 0.058627 0.110067
0 0.667223 0.565739 0.049854 0.115365
0 0.686763 0.552399 0.054363 0.111231
