0 0.457176 0.409722 0.132716 0.256944
0 0.359568 0.438657 0.105710 0.206019
0 0.282407 0.441551 0.119599 0.223380
0 0.228009 0.469907 0.087963 0.199074
0 0.183256 0.476273 0.050926 0.170139
0 0.147762 0.456597 0.061728 0.160880
0 0.108410 0.439815 0.067901 0.143519
0 0.558256 0.405093 0.134259 0.229167
0 0.634259 0.417824 0.084105 0.192130
0 0.697917 0.433449 0.081790 0.241898
0 0.740741 0.464699 0.054784 0.193287
0 0.763390 0.467451 0.033725 0.171012
0 0.782982 0.454686 0.030209 0.149589
0 0.798997 0.445405 0.023658 0.091719
0 0.473662 0.563435 0.083838 0.125757
0 0.401695 0.570669 0.083838 0.160256
0 0.330099 0.602942 0.109805 0.218127
0 0.264438 0.604055 0.070483 0.191417
0 0.219180 0.590701 0.067515 0.151353
0 0.167245 0.586249 0.091257 0.160256
0 0.117165 0.554532 0.065290 0.132434
0 0.538580 0.577346 0.094967 0.164708
0 0.591628 0.559540 0.079386 0.166934
0 0.656176 0.582354 0.083838 0.217014
0 0.705143 0.589031 0.063064 0.152466
0 0.744465 0.601830 0.066032 0.162482
0 0.774884 0.586249 0.049709 0.117967
0 0.794545 0.551193 0.047483 0.103499
