0 0.471155 0.429495 0.080773 0.147626
0 0.408429 0.430812 0.068959 0.145813
0 0.366444 0.441333 0.053845 0.139123
0 0.342784 0.466405 0.044588 0.115920
0 0.324665 0.472095 0.041065 0.101671
0 0.302252 0.473615 0.033989 0.092270
0 0.273157 0.461641 0.038068 0.096707
0 0.545707 0.425719 0.080421 0.147105
0 0.605843 0.431956 0.053731 0.139545
0 0.651534 0.442036 0.053080 0.143899
0 0.665193 0.470595 0.035397 0.102671
0 0.683963 0.470598 0.021546 0.107210
0 0.703726 0.466218 0.032691 0.114488
0 0.729569 0.451904 0.031677 0.101485
0 0.533419 0.521254 0.047094 0.078498
0 0.575293 0.522399 0.049371 0.082670
0 0.615689 0.545015 0.046973 0.134687
0 0.645315 0.537264 0.028038 0.091387
0 0.665299 0.545054 0.029605 0.086456
0 0.690270 0.535568 0.037146 0.076672
0 0.712862 0.520252 0.035349 0.068377
0 0.494505 0.524296 0.046587 0.080968
0 0.450949 0.524776 0.051212 0.093444
0 0.407743 0.536838 0.057227 0.122471
0 0.368538 0.540701 0.044628 0.094982
0 0.343160 0.541912 0.024414 0.073144
0 0.315627 0.541556 0.048873 0.069611
0 0.288097 0.523330 0.046125 0.058103
