0 0.468564 0.474816 0.085019 0.144676
0 0.405336 0.472136 0.068587 0.135031
0 0.360325 0.481246 0.057156 0.133959
0 0.333533 0.482317 0.053584 0.112526
0 0.314243 0.495713 0.036437 0.083591
0 0.294596 0.497321 0.037151 0.080376
0 0.278878 0.489819 0.035722 0.088949
0 0.536080 0.469993 0.077160 0.139318
0 0.593950 0.463563 0.062872 0.143604
0 0.636817 0.465171 0.057156 0.140389
0 0.666467 0.473744 0.047868 0.127529
0 0.691472 0.489819 0.032150 0.078232
0 0.710405 0.491427 0.040009 0.094307
0 0.731481 0.483925 0.030721 0.081447
0 0.751843 0.453918 0.021433 0.049297
0 0.530007 0.601273 0.057870 0.133959
0 0.576089 0.595915 0.061443 0.116812
0 0.620742 0.609311 0.055013 0.126457
0 0.651463 0.605560 0.040724 0.123242
0 0.674326 0.602881 0.039295 0.126457
0 0.703261 0.594843 0.055727 0.127529
0 0.723980 0.560550 0.052869 0.106096
0 0.480710 0.598058 0.059299 0.125386
0 0.436057 0.594843 0.052869 0.121099
0 0.394262 0.602881 0.046439 0.122171
0 0.359968 0.611454 0.039295 0.117884
0 0.340678 0.606096 0.033579 0.094307
0 0.318887 0.599130 0.047154 0.121099
0 0.299597 0.575017 0.042867 0.100737
0 0.276377 0.526256 0.033579 0.063229
