0 0.285006 0.403815 0.159686 0.189023 0.9506
0 0.058377 0.382921 0.115630 0.193347 0.9350
0 0.475727 0.427856 0.105369 0.155707 0.9222
0 0.245776 0.667399 0.161649 0.221189 0.9081
0 0.064257 0.625601 0.118885 0.163548 0.9032
0 0.434995 0.670832 0.115776 0.199687 0.8734
0 0.589242 0.632210 0.119510 0.146941 0.7633
0 0.625666 0.444864 0.106849 0.135406 0.7209
0 0.762013 0.425477 0.095649 0.101055 0.6975
0 0.737396 0.592657 0.101997 0.109591 0.5946
0 0.420727 0.634572 0.096158 0.161408 0.5882
0 0.914743 0.510760 0.109240 0.120088 0.5362
0 0.894650 0.387484 0.061934 0.095597 0.5339
0 0.613046 0.638420 0.098967 0.148931 0.4756
0 0.245848 0.712210 0.160299 0.131683 0.4407
0 0.419699 0.654344 0.112061 0.187269 0.4366
0 0.828355 0.579272 0.074012 0.123616 0.4115
0 0.277022 0.379584 0.157849 0.157799 0.3752
0 0.660478 0.186677 0.127341 0.124034 0.3637
0 0.247815 0.628738 0.129122 0.168186 0.3583
0 0.308698 0.400475 0.144549 0.177159 0.3453
0 0.055522 0.594443 0.109837 0.134366 0.3022
0 0.084012 0.632804 0.112721 0.162162 0.2875
0 0.437780 0.235215 0.175248 0.202574 0.2802
0 0.575779 0.605840 0.116970 0.110595 0.2652
0 0.216398 0.196280 0.158828 0.188915 0.2612
0 0.961696 0.912425 0.076282 0.164026 0.2501
