0 0.118784 0.525947 0.134341 0.195280 0.9445
0 0.282219 0.522709 0.106841 0.104804 0.7922
0 0.441209 0.557533 0.113349 0.119629 0.7557
0 0.663712 0.529603 0.077608 0.090431 0.7323
0 0.565866 0.548531 0.078586 0.107118 0.5975
0 0.232242 0.647753 0.101622 0.103768 0.5410
0 0.635813 0.627103 0.124151 0.061512 0.4709
0 0.362111 0.651866 0.077011 0.081652 0.4060
0 0.650607 0.622051 0.095020 0.060070 0.3751
0 0.110877 0.499029 0.122134 0.149820 0.3660
0 0.762907 0.580945 0.062289 0.065214 0.3516
0 0.779168 0.483735 0.056189 0.084989 0.3379
0 0.068771 0.673324 0.113139 0.048781 0.2896
0 0.246044 0.643469 0.089290 0.100920 0.2663
