0 0.142207 0.484861 0.114927 0.109771 0.6593
0 0.100183 0.345832 0.095835 0.119094 0.6507
0 0.563689 0.837765 0.054387 0.119778 0.6204
0 0.654654 0.828303 0.070776 0.133553 0.5964
0 0.890442 0.313560 0.081465 0.105213 0.5479
0 0.381157 0.778421 0.063997 0.112925 0.5065
0 0.060954 0.207492 0.070741 0.122462 0.4914
0 0.820199 0.556779 0.096562 0.105070 0.4814
0 0.321020 0.041668 0.066930 0.083336 0.4807
0 0.853053 0.440015 0.082017 0.100590 0.4729
0 0.213178 0.684592 0.057292 0.102428 0.4460
0 0.439058 0.062886 0.084612 0.060977 0.4196
0 0.289431 0.753839 0.053653 0.081570 0.3954
0 0.741004 0.839589 0.053574 0.132228 0.3862
0 0.592784 0.082186 0.136481 0.085338 0.3554
0 0.470154 0.829043 0.060302 0.099636 0.3231
0 0.800898 0.768563 0.065116 0.112425 0.3060
0 0.789807 0.661784 0.077744 0.061309 0.2899
0 0.164671 0.593822 0.049405 0.085917 0.2847
0 0.828943 0.567973 0.118339 0.112387 0.2615
