0 0.154180 0.433455 0.116608 0.136177 0.5610
0 0.833704 0.424239 0.113530 0.124962 0.5527
0 0.119346 0.261855 0.105283 0.137443 0.5361
0 0.873292 0.263272 0.100501 0.133645 0.5262
0 0.515813 0.865946 0.058539 0.050832 0.5046
0 0.785559 0.571058 0.068865 0.111628 0.4681
0 0.208538 0.672316 0.070503 0.109760 0.4180
0 0.751807 0.703475 0.068727 0.108236 0.3964
0 0.607320 0.849389 0.066728 0.055866 0.3299
0 0.680080 0.785238 0.063927 0.080030 0.3129
0 0.351654 0.826673 0.062043 0.051074 0.3051
0 0.170027 0.570147 0.086930 0.089439 0.2930
0 0.429968 0.862430 0.060460 0.051672 0.2680
0 0.259610 0.763211 0.054777 0.063634 0.2641
