0 0.079620 0.294903 0.109066 0.141377 0.8102
0 0.865748 0.291293 0.105901 0.134068 0.7905
0 0.120147 0.457887 0.108032 0.141177 0.7224
0 0.665141 0.070788 0.131406 0.125068 0.7176
0 0.471149 0.067052 0.136496 0.132514 0.7076
0 0.849447 0.444803 0.100219 0.122000 0.7005
0 0.310763 0.063678 0.094161 0.125375 0.6969
0 0.927934 0.052246 0.060703 0.103952 0.6466
0 0.823001 0.065088 0.094968 0.129640 0.6092
0 0.206230 0.051600 0.062389 0.101764 0.5855
0 0.190631 0.721064 0.076188 0.144500 0.5375
0 0.696448 0.849633 0.067053 0.086663 0.5134
0 0.839846 0.578688 0.077052 0.086525 0.4384
0 0.589876 0.873917 0.077952 0.081501 0.4370
0 0.158289 0.586668 0.075603 0.098121 0.4349
0 0.476862 0.860013 0.069264 0.055671 0.4103
0 0.683806 0.065083 0.120273 0.129027 0.3972
0 0.859562 0.456544 0.115981 0.127031 0.3944
0 0.781865 0.818829 0.059475 0.100433 0.3576
0 0.365908 0.836748 0.082102 0.071508 0.3484
0 0.136279 0.042434 0.050452 0.084782 0.3332
0 0.811646 0.678447 0.071275 0.084453 0.3143
0 0.447415 0.067815 0.109552 0.133761 0.2877
0 0.264860 0.795169 0.056241 0.070162 0.2582
0 0.482617 0.866286 0.071868 0.063686 0.2535
