0 0.083726 0.624690 0.094163 0.103250 0.5029
0 0.749905 0.282800 0.073229 0.110117 0.5019
0 0.792880 0.409706 0.085478 0.083981 0.4876
0 0.201397 0.305909 0.070775 0.109570 0.4740
0 0.663710 0.187219 0.057003 0.084740 0.4436
0 0.091937 0.739133 0.087383 0.083057 0.4296
0 0.390773 0.159213 0.098393 0.071385 0.3703
0 0.282075 0.218931 0.063204 0.100525 0.3557
0 0.532957 0.153434 0.099194 0.065443 0.3436
0 0.884420 0.594944 0.101772 0.107871 0.3129
0 0.834561 0.499429 0.085441 0.069415 0.3126
0 0.138254 0.413154 0.052965 0.096876 0.2907
0 0.895023 0.714392 0.108681 0.087555 0.2719
0 0.879448 0.722172 0.080724 0.074554 0.2671
0 0.120755 0.521288 0.094540 0.077100 0.2505
