0 0.138324 0.400127 0.166422 0.209945 0.9677
0 0.356284 0.412934 0.140537 0.229932 0.8782
0 0.197529 0.606275 0.137917 0.137214 0.8760
0 0.536190 0.421841 0.104694 0.157325 0.8430
0 0.383312 0.684839 0.109245 0.134761 0.7336
0 0.846498 0.588460 0.093789 0.141996 0.6958
0 0.685355 0.688047 0.135128 0.161019 0.6922
0 0.524639 0.683053 0.093213 0.123867 0.6742
0 0.670181 0.427294 0.092513 0.102370 0.6611
0 0.809436 0.397368 0.102972 0.102036 0.6532
0 0.040749 0.588913 0.079653 0.095298 0.6367
0 0.157570 0.383898 0.146733 0.230452 0.5699
0 0.665305 0.676446 0.113684 0.146616 0.5501
0 0.707414 0.677796 0.156264 0.188454 0.4799
0 0.361293 0.375747 0.144300 0.204471 0.4531
0 0.126053 0.422634 0.151195 0.170037 0.4019
0 0.350133 0.430165 0.107935 0.209970 0.3983
0 0.141379 0.362541 0.143468 0.203798 0.3882
0 0.537302 0.697742 0.094428 0.147598 0.3615
0 0.368994 0.360724 0.120598 0.167954 0.3168
0 0.542006 0.397327 0.101576 0.110652 0.3120
0 0.796099 0.403819 0.102609 0.098347 0.2505
