0 0.570732 0.344462 0.110167 0.217391 0.8569
0 0.422040 0.331700 0.095155 0.212370 0.8459
0 0.445603 0.575220 0.066882 0.193725 0.8058
0 0.532955 0.582684 0.065811 0.209718 0.7821
0 0.621669 0.576085 0.066080 0.181540 0.7368
0 0.686546 0.361316 0.061813 0.171192 0.6926
0 0.365681 0.561156 0.056991 0.177563 0.5627
0 0.314584 0.342356 0.057977 0.155175 0.5278
0 0.688280 0.573073 0.044160 0.103233 0.5267
0 0.180484 0.470212 0.065748 0.125333 0.4117
0 0.221446 0.325324 0.091000 0.101594 0.3366
0 0.737149 0.552631 0.046328 0.102350 0.3345
0 0.238994 0.330783 0.059521 0.100957 0.2758
0 0.843549 0.354606 0.042086 0.078589 0.2752
0 0.829519 0.506014 0.060478 0.093940 0.2686
0 0.247237 0.532719 0.056207 0.079927 0.2586
