0 0.574163 0.436837 0.111931 0.248383 0.9295
0 0.405543 0.427931 0.110722 0.261542 0.9041
0 0.281314 0.436523 0.066363 0.189226 0.6968
0 0.709196 0.454216 0.069077 0.192963 0.6166
0 0.337612 0.642713 0.053997 0.149849 0.6144
0 0.524906 0.676355 0.064927 0.180953 0.5588
0 0.710738 0.644109 0.049509 0.111786 0.5540
0 0.627046 0.665564 0.062364 0.148349 0.5292
0 0.215507 0.586219 0.061803 0.105560 0.4720
0 0.435028 0.676108 0.056571 0.161949 0.4590
0 0.835553 0.460197 0.047648 0.107012 0.3468
0 0.182854 0.411249 0.088733 0.114346 0.3284
0 0.764864 0.615301 0.046712 0.114156 0.3056
0 0.202216 0.414017 0.054959 0.115702 0.3000
0 0.948776 0.092372 0.099883 0.166808 0.2974
0 0.568023 0.405161 0.102612 0.189849 0.2727
0 0.034545 0.922522 0.067742 0.127738 0.2501
