0 0.624849 0.432423 0.104981 0.265630 0.9332
0 0.473313 0.428992 0.113470 0.250184 0.9038
0 0.322017 0.416777 0.093571 0.212737 0.8481
0 0.745996 0.445868 0.076884 0.207686 0.8208
0 0.496135 0.710359 0.083616 0.229548 0.7998
0 0.676576 0.716880 0.065758 0.204014 0.7794
0 0.583216 0.713875 0.065843 0.211845 0.7378
0 0.233911 0.419287 0.060759 0.185529 0.6978
0 0.293701 0.681320 0.064191 0.197118 0.6459
0 0.388663 0.692104 0.076249 0.210064 0.6284
0 0.813810 0.453247 0.050333 0.202245 0.5353
0 0.167866 0.415515 0.053134 0.154797 0.4842
0 0.755442 0.719514 0.063733 0.184668 0.4140
0 0.863431 0.437426 0.042754 0.162539 0.3502
0 0.209926 0.656883 0.067348 0.152655 0.3368
0 0.042653 0.188345 0.085219 0.319604 0.3160
0 0.084561 0.566468 0.068623 0.124636 0.2835
0 0.334839 0.432845 0.103373 0.219095 0.2754
0 0.746226 0.705425 0.053984 0.183059 0.2652
