0 0.883631 0.849880 0.119305 0.099220 0.5272
0 0.791790 0.379034 0.079566 0.099467 0.4954
0 0.239735 0.299502 0.060450 0.132182 0.4720
0 0.825071 0.514974 0.099608 0.104458 0.4706
0 0.333231 0.215863 0.070475 0.061336 0.4489
0 0.197354 0.460093 0.101414 0.119275 0.4295
0 0.462800 0.201884 0.119712 0.069279 0.4010
0 0.865029 0.637873 0.104324 0.074492 0.3904
0 0.117925 0.847771 0.116686 0.084290 0.3885
0 0.148615 0.582021 0.097656 0.088637 0.3455
0 0.123219 0.861751 0.123471 0.058294 0.2989
0 0.617561 0.229001 0.113171 0.048167 0.2700
