0 0.375910 0.925702 0.077571 0.141722 0.8152
0 0.489983 0.922942 0.090796 0.146273 0.7660
0 0.785728 0.402891 0.102573 0.117797 0.6834
0 0.543461 0.136722 0.108773 0.102040 0.6627
0 0.391604 0.141240 0.103853 0.105863 0.6247
0 0.275617 0.927153 0.063878 0.112600 0.5711
0 0.112030 0.649372 0.103613 0.108215 0.5635
0 0.592838 0.936431 0.083583 0.127138 0.5493
0 0.877795 0.646984 0.103920 0.114795 0.5481
0 0.835545 0.529307 0.092836 0.078336 0.5346
0 0.755159 0.272492 0.063147 0.097114 0.5338
0 0.179247 0.409805 0.083294 0.114163 0.4823
0 0.671973 0.180165 0.059297 0.090526 0.4615
0 0.279715 0.189203 0.061454 0.085831 0.4483
0 0.684355 0.944529 0.060132 0.093135 0.4439
0 0.134885 0.528060 0.086130 0.070467 0.3801
0 0.092780 0.771856 0.090321 0.074331 0.3754
0 0.191793 0.928110 0.053691 0.065178 0.3610
0 0.211092 0.283035 0.061809 0.085990 0.3511
0 0.895007 0.773748 0.116437 0.079554 0.3070
0 0.884397 0.660821 0.111353 0.096841 0.2590
