0 0.037308 0.379106 0.073800 0.158720 0.8815
0 0.401136 0.371971 0.087155 0.140555 0.7604
0 0.205313 0.375306 0.103876 0.101270 0.6529
0 0.524589 0.366978 0.102168 0.082495 0.4807
0 0.724415 0.337996 0.063544 0.058197 0.4348
0 0.635033 0.353587 0.068728 0.071534 0.4185
0 0.732827 0.332612 0.069912 0.067897 0.3364
0 0.799076 0.375467 0.067858 0.053254 0.3363
0 0.548253 0.453400 0.082174 0.056925 0.3288
0 0.830836 0.299451 0.053106 0.046044 0.3003
0 0.673984 0.425852 0.131554 0.050692 0.2899
0 0.459895 0.467627 0.058541 0.089705 0.2749
