0 0.117116 0.298207 0.124134 0.155614 0.9359
0 0.323513 0.269036 0.147765 0.162373 0.9243
0 0.070801 0.501890 0.130292 0.179613 0.8976
0 0.225504 0.530220 0.104737 0.154249 0.8834
0 0.388012 0.466488 0.129062 0.136548 0.8207
0 0.504663 0.282129 0.106978 0.120328 0.7308
0 0.635701 0.501131 0.172458 0.194946 0.6593
0 0.660966 0.258927 0.103027 0.075613 0.6515
0 0.798734 0.254868 0.102190 0.088076 0.6336
0 0.219280 0.512049 0.090970 0.129084 0.5099
0 0.408251 0.473546 0.118414 0.151296 0.4040
0 0.618291 0.450196 0.183798 0.137879 0.3955
0 0.340376 0.268356 0.127957 0.185809 0.3782
0 0.811629 0.245893 0.106609 0.101223 0.3603
0 0.505909 0.264548 0.104529 0.086137 0.3559
0 0.075094 0.474407 0.141417 0.146430 0.2964
0 0.326124 0.233455 0.144941 0.192986 0.2935
0 0.800415 0.359421 0.074526 0.082163 0.2923
0 0.667772 0.348436 0.107900 0.047931 0.2715
