0 0.145326 0.453434 0.105292 0.144735 0.7510
0 0.096032 0.295715 0.095844 0.138765 0.7458
0 0.794463 0.451719 0.104246 0.133018 0.6278
0 0.850329 0.307214 0.098664 0.111318 0.6187
0 0.196041 0.573194 0.087618 0.088055 0.4989
0 0.463873 0.871071 0.058899 0.127631 0.4786
0 0.546436 0.862689 0.062890 0.125430 0.4781
0 0.964702 0.583649 0.070370 0.227092 0.4604
0 0.754285 0.573746 0.080328 0.082681 0.4587
0 0.640747 0.833838 0.057088 0.095722 0.4372
0 0.365496 0.839519 0.057200 0.109127 0.4059
0 0.216551 0.698955 0.060421 0.120182 0.3948
0 0.226767 0.687909 0.075951 0.102191 0.3641
0 0.714545 0.799235 0.048777 0.084892 0.3547
0 0.737654 0.686940 0.082623 0.087852 0.3188
0 0.740674 0.704237 0.092668 0.108252 0.2716
0 0.857130 0.160407 0.081148 0.131840 0.2705
0 0.271124 0.794205 0.051925 0.066278 0.2699
0 0.857766 0.322090 0.106135 0.121737 0.2556
