0 0.922609 0.712584 0.145452 0.253404 0.6450
0 0.232593 0.774102 0.065908 0.082988 0.5416
0 0.713505 0.797021 0.073675 0.072730 0.5058
0 0.308944 0.314900 0.056279 0.095397 0.4636
0 0.715794 0.487765 0.058250 0.067490 0.4554
0 0.039820 0.232310 0.078741 0.409849 0.4288
0 0.700646 0.363936 0.056482 0.072061 0.4179
0 0.646853 0.263183 0.048984 0.075116 0.4087
0 0.227174 0.657655 0.069787 0.099083 0.4005
0 0.724083 0.592836 0.063834 0.071410 0.3895
0 0.268791 0.441092 0.059375 0.081794 0.3707
0 0.369919 0.222829 0.050579 0.073116 0.3695
0 0.909031 0.739698 0.123117 0.225519 0.3595
0 0.562896 0.193200 0.067116 0.072689 0.3553
0 0.459894 0.184681 0.071807 0.063491 0.3513
0 0.731687 0.691546 0.069788 0.089118 0.3493
0 0.459290 0.198510 0.074288 0.086295 0.2826
0 0.725944 0.632996 0.064161 0.149159 0.2823
0 0.246652 0.548870 0.056031 0.074744 0.2694
