0 0.498214 0.361754 0.132173 0.207905
0 0.415695 0.345679 0.092878 0.216478
0 0.340678 0.334962 0.094307 0.222908
0 0.282450 0.344072 0.060728 0.187543
0 0.247799 0.344072 0.054298 0.161823
0 0.200646 0.353181 0.080018 0.197188
0 0.161351 0.321031 0.070016 0.182184
0 0.131702 0.290488 0.039295 0.112526
0 0.610025 0.355324 0.128601 0.218621
0 0.695045 0.353181 0.084305 0.190758
0 0.759702 0.344607 0.076446 0.231481
0 0.785780 0.345143 0.044296 0.172539
0 0.822931 0.338177 0.044296 0.184328
0 0.849723 0.341392 0.036437 0.188615
0 0.870799 0.345679 0.031436 0.117884
0 0.533222 0.668789 0.076446 0.206833
0 0.588234 0.678969 0.077875 0.214335
0 0.660394 0.680577 0.085019 0.247557
0 0.692901 0.639853 0.064300 0.168253
0 0.725409 0.625922 0.100737 0.178969
0 0.781850 0.602881 0.069302 0.147891
0 0.816144 0.592164 0.077875 0.154321
0 0.820788 0.535901 0.082876 0.151106
0 0.482853 0.676826 0.078589 0.210048
0 0.427841 0.658608 0.082876 0.216478
0 0.359968 0.660215 0.095736 0.213263
0 0.298525 0.639853 0.082876 0.183256
0 0.251729 0.630744 0.085019 0.192901
0 0.188500 0.603416 0.110025 0.187543
0 0.162780 0.529471 0.104310 0.172539
