0 0.466667 0.414506 0.078189 0.153086
0 0.422634 0.432407 0.062551 0.124691
0 0.381481 0.428704 0.055967 0.144444
0 0.360082 0.446605 0.042798 0.096296
0 0.345292 0.454176 0.026023 0.078068
0 0.322144 0.426716 0.045086 0.062182
0 0.330919 0.456899 0.022089 0.052651
0 0.520340 0.411284 0.066872 0.145697
0 0.561946 0.412872 0.039942 0.117102
0 0.596139 0.411511 0.044178 0.139797
0 0.612933 0.436701 0.025115 0.107571
0 0.631996 0.445098 0.022694 0.081699
0 0.648487 0.448502 0.021181 0.079430
0 0.659229 0.453722 0.018458 0.052651
0 0.498251 0.587845 0.051138 0.113017
0 0.460427 0.593745 0.055374 0.113017
0 0.416703 0.602823 0.051440 0.140251
0 0.377669 0.603277 0.045994 0.113925
0 0.362237 0.566966 0.044783 0.079430
0 0.325321 0.516812 0.060518 0.072622
0 0.305350 0.490940 0.030864 0.046296
0 0.534108 0.581718 0.045994 0.113471
0 0.570721 0.578767 0.048414 0.117556
0 0.607183 0.570143 0.054769 0.121187
0 0.623977 0.566966 0.050835 0.093954
0 0.648184 0.531563 0.061123 0.065813
0 0.661498 0.506373 0.056887 0.059005
