0 0.463471 0.892855 0.165949 0.214289
0 0.387920 0.813862 0.144019 0.236477
0 0.310890 0.731518 0.165217 0.257207
0 0.235437 0.592715 0.189581 0.231585
0 0.200816 0.465799 0.200203 0.215327
0 0.147013 0.297933 0.213272 0.293007
0 0.104694 0.144107 0.202419 0.208134
0 0.575044 0.881673 0.190782 0.236653
0 0.627035 0.783614 0.142340 0.216877
0 0.680055 0.671241 0.165046 0.263638
0 0.737350 0.557429 0.187506 0.247430
0 0.766459 0.434147 0.155567 0.226804
0 0.779644 0.249312 0.222579 0.336272
0 0.788047 0.104089 0.170803 0.208178
