0 0.405078 0.420373 0.135326 0.191564
0 0.337890 0.415712 0.094044 0.167350
0 0.297083 0.426795 0.084344 0.143538
0 0.268003 0.429851 0.071036 0.150941
0 0.250292 0.432613 0.047115 0.113219
0 0.231786 0.427809 0.058079 0.117011
0 0.214576 0.421069 0.047206 0.130832
0 0.498414 0.406984 0.124291 0.166221
0 0.565418 0.385094 0.087118 0.175517
0 0.619441 0.376716 0.091150 0.163618
0 0.643056 0.370184 0.062040 0.149116
0 0.669138 0.364294 0.049799 0.127584
0 0.697893 0.349573 0.068507 0.143634
0 0.720883 0.348506 0.037713 0.113111
0 0.471776 0.638803 0.082648 0.194412
0 0.428342 0.645168 0.098420 0.204872
0 0.382847 0.649050 0.084770 0.203437
0 0.333530 0.630837 0.081590 0.173176
0 0.308009 0.604063 0.067645 0.145721
0 0.280615 0.591312 0.064067 0.131076
0 0.262410 0.558580 0.072244 0.115118
0 0.524431 0.635890 0.090883 0.187466
0 0.563615 0.622492 0.091524 0.202783
0 0.626375 0.628516 0.106596 0.221795
0 0.653506 0.578151 0.095036 0.162486
0 0.668910 0.538669 0.081359 0.129097
0 0.692390 0.512445 0.079559 0.102765
