0 0.498902 0.158312 0.084422 0.140403
0 0.446498 0.169613 0.092337 0.141235
0 0.399640 0.215713 0.103501 0.150628
0 0.345934 0.296512 0.120621 0.157125
0 0.313102 0.407119 0.125912 0.155333
0 0.273544 0.528425 0.169977 0.224555
0 0.248862 0.679508 0.127157 0.189520
0 0.546953 0.157960 0.085132 0.132257
0 0.602756 0.175230 0.092252 0.155318
0 0.647814 0.214784 0.104624 0.161316
0 0.677069 0.301901 0.117787 0.167397
0 0.701747 0.428758 0.131781 0.188832
0 0.713718 0.535669 0.162686 0.229660
0 0.733069 0.697984 0.133197 0.194853
