0 0.516385 0.945423 0.083719 0.109155
0 0.573397 0.926086 0.096276 0.129086
0 0.623903 0.874162 0.101866 0.144290
0 0.662101 0.778716 0.123553 0.169289
0 0.698617 0.681336 0.133164 0.162652
0 0.751319 0.564651 0.146572 0.211204
0 0.783169 0.461520 0.135832 0.111606
0 0.457243 0.936699 0.083535 0.126601
0 0.399243 0.922433 0.086997 0.144486
0 0.353813 0.883010 0.098662 0.160649
0 0.325416 0.795501 0.119156 0.169866
0 0.300759 0.690035 0.127792 0.155291
0 0.283661 0.563629 0.148283 0.206947
0 0.262991 0.413188 0.142652 0.209606
