0 0.415392 0.898873 0.121077 0.178904
0 0.356257 0.850464 0.101390 0.160719
0 0.323435 0.766992 0.126962 0.172022
0 0.329391 0.642188 0.140480 0.158504
0 0.312071 0.543519 0.136711 0.168253
0 0.316879 0.407862 0.170567 0.214125
0 0.321919 0.264217 0.157597 0.207163
0 0.496750 0.923712 0.118763 0.152575
0 0.570930 0.918998 0.098632 0.162003
0 0.638043 0.855315 0.127056 0.184883
0 0.684605 0.752258 0.139564 0.176363
0 0.732636 0.664109 0.139932 0.178984
0 0.780582 0.538524 0.170851 0.252710
0 0.829681 0.398399 0.162113 0.251482
