0 0.469810 0.371070 0.154306 0.198229
0 0.376128 0.366035 0.130719 0.181636
0 0.307837 0.375868 0.134562 0.225560
0 0.265564 0.417483 0.090289 0.178099
0 0.227535 0.402564 0.073742 0.178727
0 0.201076 0.395814 0.042193 0.150195
0 0.191305 0.366990 0.057073 0.172685
0 0.178225 0.345559 0.057653 0.165471
0 0.566772 0.384962 0.133182 0.179223
0 0.649526 0.390727 0.096940 0.163460
0 0.710235 0.386203 0.102576 0.227881
0 0.751279 0.415366 0.053626 0.148047
0 0.777277 0.414198 0.055899 0.166649
0 0.801729 0.393224 0.055269 0.152065
0 0.822258 0.357153 0.067992 0.142523
0 0.528558 0.643071 0.085609 0.166773
0 0.582465 0.668005 0.091939 0.189928
0 0.648828 0.675450 0.108624 0.183854
0 0.703158 0.674739 0.104368 0.159805
0 0.738392 0.646676 0.082893 0.143935
0 0.780439 0.632322 0.141081 0.169474
0 0.825512 0.575066 0.112211 0.134661
0 0.477150 0.647862 0.095255 0.162236
0 0.417564 0.662867 0.104549 0.202870
0 0.358339 0.677903 0.108213 0.236554
0 0.303549 0.658903 0.090990 0.179083
0 0.250216 0.648226 0.074386 0.161486
0 0.194930 0.604845 0.132750 0.264636
