0 0.372203 0.776090 0.083591 0.122975
0 0.319155 0.727865 0.073945 0.122975
0 0.283790 0.657938 0.080376 0.118152
0 0.273341 0.561487 0.091628 0.103684
0 0.256462 0.484327 0.096451 0.113329
0 0.246817 0.391493 0.115741 0.149498
0 0.225919 0.297454 0.118956 0.135031
0 0.442130 0.782118 0.088413 0.125386
0 0.508038 0.753183 0.075553 0.120563
0 0.548225 0.700135 0.091628 0.125386
0 0.576357 0.614535 0.099666 0.127797
0 0.606899 0.534963 0.096451 0.147087
0 0.629405 0.442130 0.102881 0.154321
0 0.659144 0.350502 0.104488 0.154321
0 0.654321 0.255257 0.085198 0.108507
