0 0.473083 0.358511 0.185951 0.267382
0 0.394375 0.408272 0.133711 0.190567
0 0.324140 0.441081 0.136087 0.203210
0 0.262773 0.466437 0.136703 0.208226
0 0.224985 0.504172 0.102609 0.171927
0 0.173900 0.495806 0.097001 0.179884
0 0.129370 0.499365 0.069176 0.167822
0 0.591726 0.340125 0.184807 0.264771
0 0.682348 0.335363 0.119436 0.194990
0 0.749940 0.329609 0.119920 0.259274
0 0.809592 0.373201 0.084903 0.215452
0 0.845389 0.398719 0.052856 0.175699
0 0.865669 0.391138 0.078854 0.186302
0 0.892504 0.395480 0.059058 0.159169
0 0.546395 0.679194 0.122032 0.202719
0 0.485687 0.713379 0.122911 0.229999
0 0.417193 0.749793 0.135669 0.226625
0 0.339923 0.787285 0.109230 0.178915
0 0.292985 0.781592 0.077952 0.145432
0 0.224413 0.780872 0.123344 0.144989
0 0.171737 0.772653 0.088152 0.124833
0 0.151644 0.704242 0.122005 0.129781
0 0.613289 0.681311 0.112502 0.215705
0 0.680883 0.680355 0.115886 0.230372
0 0.755463 0.707508 0.114575 0.202500
0 0.808753 0.703005 0.107595 0.162848
0 0.835711 0.683375 0.072656 0.118972
0 0.868639 0.678430 0.104395 0.120104
0 0.901935 0.646564 0.074394 0.100197
