0 0.639300 0.446062 0.123555 0.231208 0.8916
0 0.473448 0.418241 0.115524 0.223094 0.8441
0 0.524337 0.703993 0.077963 0.232289 0.7623
0 0.626167 0.704894 0.074267 0.209274 0.7276
0 0.764196 0.454086 0.058031 0.181600 0.6262
0 0.311880 0.685746 0.059512 0.162426 0.6226
0 0.342675 0.441814 0.061497 0.166787 0.5693
0 0.717140 0.692368 0.059758 0.193382 0.5660
0 0.258979 0.484668 0.062198 0.125134 0.5430
0 0.410344 0.703819 0.078914 0.205750 0.5384
0 0.183697 0.209133 0.167339 0.321122 0.3974
0 0.788527 0.665933 0.046160 0.148761 0.3852
0 0.857046 0.659504 0.046041 0.122640 0.3148
