0 0.651188 0.535267 0.103777 0.134960 0.8504
0 0.768365 0.654219 0.094776 0.133967 0.8256
0 0.961551 0.466283 0.076240 0.143133 0.8159
0 0.815986 0.499136 0.092996 0.123281 0.8005
0 0.509831 0.570540 0.081918 0.090543 0.5661
0 0.902574 0.620919 0.083799 0.089567 0.4810
0 0.613802 0.657675 0.088132 0.081343 0.4425
0 0.498683 0.655804 0.083814 0.060012 0.4271
0 0.183931 0.544573 0.062651 0.044142 0.4044
0 0.364576 0.645789 0.103755 0.047691 0.3696
0 0.409601 0.580511 0.067174 0.061258 0.3307
0 0.288970 0.579335 0.111604 0.054352 0.3228
