0 0.652285 0.310638 0.104066 0.246645 0.8787
0 0.487719 0.306244 0.114534 0.235272 0.8687
0 0.631335 0.760704 0.067642 0.227966 0.8133
0 0.727322 0.742676 0.073601 0.213243 0.8110
0 0.778230 0.392208 0.070662 0.180343 0.7609
0 0.433165 0.776242 0.073020 0.216830 0.7170
0 0.534754 0.760196 0.070221 0.218664 0.6691
0 0.855678 0.419960 0.062273 0.232368 0.6469
0 0.281461 0.440069 0.063320 0.218385 0.6348
0 0.358167 0.373613 0.068631 0.180556 0.6062
0 0.333905 0.754248 0.067313 0.221728 0.6017
0 0.815402 0.732455 0.058847 0.213137 0.5385
0 0.210911 0.479062 0.055225 0.143577 0.4459
0 0.250413 0.707438 0.062954 0.168722 0.4028
0 0.878165 0.663597 0.051881 0.154014 0.3107
0 0.476087 0.281463 0.093392 0.202795 0.2680
