0 0.270020 0.426708 0.117165 0.161610 0.8926
0 0.065940 0.405419 0.120818 0.134633 0.8743
0 0.084703 0.554767 0.113681 0.126280 0.7937
0 0.404567 0.445954 0.083648 0.110421 0.7316
0 0.502841 0.452051 0.075263 0.088015 0.5901
0 0.610526 0.435450 0.072894 0.072522 0.5881
0 0.383256 0.548919 0.067731 0.066344 0.5388
0 0.738046 0.393504 0.057876 0.051893 0.3525
0 0.257971 0.563308 0.083788 0.063025 0.3264
0 0.512697 0.539962 0.119742 0.063777 0.3188
0 0.084504 0.151677 0.159013 0.134719 0.3146
0 0.498235 0.463223 0.069214 0.074219 0.2745
0 0.653951 0.510127 0.075138 0.051953 0.2736
0 0.492316 0.539999 0.082333 0.061303 0.2623
