0 0.766893 0.443642 0.122925 0.213943 0.8649
0 0.648274 0.615704 0.096869 0.131380 0.8283
0 0.614846 0.465660 0.086804 0.128608 0.8262
0 0.807340 0.655176 0.108216 0.163278 0.7793
0 0.936436 0.445274 0.099551 0.151867 0.7571
0 0.758313 0.413363 0.109818 0.179133 0.7079
0 0.505165 0.472208 0.077750 0.104171 0.7005
0 0.956542 0.616902 0.084811 0.136157 0.6716
0 0.125093 0.111931 0.189882 0.221789 0.6068
0 0.390395 0.567731 0.116113 0.088527 0.5083
0 0.373122 0.467351 0.115670 0.081851 0.4940
0 0.755945 0.390646 0.098366 0.136525 0.4561
0 0.786187 0.459989 0.112596 0.211458 0.4525
0 0.525199 0.584651 0.071779 0.091481 0.4493
0 0.093877 0.127292 0.178875 0.237553 0.4380
0 0.369534 0.452948 0.107230 0.104346 0.3951
0 0.258445 0.506512 0.073638 0.075897 0.3492
0 0.251496 0.413127 0.077040 0.074613 0.2982
0 0.320421 0.085738 0.119787 0.149253 0.2803
0 0.956903 0.596360 0.082022 0.099464 0.2573
0 0.926110 0.425049 0.086043 0.128062 0.2568
0 0.613125 0.444677 0.078594 0.096294 0.2518
