0 0.829745 0.457418 0.142629 0.318658 0.8684
0 0.650532 0.400334 0.100322 0.279364 0.8620
0 0.401726 0.468434 0.076283 0.205920 0.8228
0 0.302175 0.468273 0.075036 0.208060 0.8110
0 0.508070 0.431074 0.090053 0.295185 0.7847
0 0.454698 0.727994 0.081145 0.199079 0.7737
0 0.582800 0.688401 0.087082 0.198868 0.7410
0 0.203950 0.487512 0.079850 0.196275 0.6545
0 0.968173 0.489221 0.062869 0.229175 0.6087
0 0.698021 0.678293 0.075261 0.177416 0.5646
0 0.349840 0.709577 0.077573 0.168331 0.5204
0 0.821552 0.370663 0.115215 0.188363 0.4590
0 0.113414 0.476144 0.057931 0.163134 0.4557
0 0.644584 0.362202 0.088547 0.233405 0.4428
0 0.498355 0.388189 0.088118 0.283371 0.3896
0 0.118691 0.654547 0.089790 0.121930 0.2796
