0 0.800516 0.613261 0.103436 0.140107 0.8742
0 0.740070 0.450107 0.115605 0.146605 0.8426
0 0.646636 0.618866 0.093529 0.133316 0.8259
0 0.570212 0.503651 0.105071 0.122130 0.8138
0 0.953086 0.529353 0.089890 0.108946 0.7176
0 0.912982 0.372867 0.111932 0.131129 0.6351
0 0.439124 0.527186 0.075691 0.084550 0.5764
0 0.317945 0.535403 0.095532 0.061427 0.4546
0 0.374963 0.612361 0.116027 0.067385 0.4071
0 0.907520 0.351819 0.097871 0.097195 0.3838
0 0.514921 0.623712 0.080584 0.080019 0.3611
0 0.934295 0.428477 0.121645 0.056553 0.2623
