0 0.903156 0.729579 0.104111 0.131084 0.6600
0 0.620699 0.165837 0.090452 0.132203 0.6379
0 0.883393 0.604429 0.085827 0.077933 0.5317
0 0.255359 0.320628 0.070957 0.113899 0.5295
0 0.467356 0.157865 0.096822 0.123242 0.5209
0 0.847322 0.485158 0.085609 0.089829 0.4878
0 0.338985 0.212101 0.076823 0.101510 0.4638
0 0.207637 0.477467 0.089882 0.100092 0.4603
0 0.157082 0.718619 0.108883 0.099294 0.4500
0 0.738009 0.237113 0.068195 0.096979 0.4360
0 0.166997 0.603488 0.094526 0.078454 0.4172
0 0.814578 0.352337 0.071539 0.093764 0.3892
0 0.146624 0.863031 0.101454 0.050987 0.3797
