0 0.825432 0.299072 0.109107 0.146416 0.8254
0 0.174697 0.463571 0.098854 0.159545 0.7764
0 0.127521 0.275540 0.110372 0.164049 0.7670
0 0.793869 0.470538 0.097800 0.131239 0.7450
0 0.564183 0.869695 0.057644 0.090939 0.4370
0 0.221211 0.621198 0.063954 0.106934 0.4255
0 0.829373 0.724170 0.071358 0.111889 0.4102
0 0.730150 0.638053 0.064181 0.081054 0.3987
0 0.368142 0.823192 0.073176 0.057643 0.3849
0 0.818332 0.730188 0.059403 0.114636 0.3776
0 0.467689 0.877894 0.067113 0.067414 0.3682
0 0.650917 0.837607 0.067335 0.085679 0.3395
0 0.061439 0.137410 0.054423 0.076163 0.2629
0 0.282317 0.727021 0.051718 0.076029 0.2592
