0 0.171397 0.597538 0.102604 0.110876 0.6639
0 0.040724 0.143926 0.081118 0.273573 0.6202
0 0.800553 0.511099 0.072403 0.080794 0.6136
0 0.256209 0.242950 0.068965 0.114635 0.5847
0 0.824832 0.633492 0.099438 0.121016 0.5383
0 0.752878 0.260879 0.067992 0.108363 0.4953
0 0.770772 0.397409 0.092290 0.093933 0.4711
0 0.156461 0.865900 0.060921 0.060194 0.4514
0 0.227903 0.375191 0.081160 0.088632 0.4391
0 0.686938 0.163098 0.072147 0.074095 0.4312
0 0.151094 0.751001 0.079582 0.105210 0.4164
0 0.199763 0.481705 0.069728 0.084698 0.4126
0 0.328818 0.157648 0.065324 0.101840 0.4060
0 0.847793 0.790669 0.092502 0.091915 0.3786
0 0.856038 0.902370 0.077298 0.074892 0.3455
0 0.425628 0.096101 0.093804 0.129998 0.3173
0 0.574184 0.092188 0.100542 0.118987 0.2920
0 0.429429 0.061805 0.100872 0.060057 0.2660
