0 0.670993 0.326714 0.103050 0.166420 0.8698
0 0.674062 0.572614 0.099627 0.130540 0.8597
0 0.866750 0.562371 0.108641 0.161980 0.8401
0 0.840778 0.263445 0.105989 0.140938 0.8206
0 0.483399 0.404492 0.086639 0.110904 0.7625
0 0.345054 0.545580 0.151216 0.105960 0.6951
0 0.525142 0.549641 0.099332 0.100774 0.5826
0 0.686861 0.349862 0.116161 0.161178 0.5820
0 0.340862 0.423434 0.098545 0.053345 0.5365
0 0.663990 0.308004 0.106515 0.142124 0.5249
0 0.861806 0.535419 0.096890 0.122535 0.5232
0 0.968026 0.230648 0.061765 0.093608 0.5068
0 0.195816 0.406326 0.116193 0.060751 0.4748
0 0.824886 0.242992 0.086054 0.109766 0.3340
0 0.338056 0.423599 0.100390 0.075850 0.3280
0 0.222424 0.477626 0.073795 0.058763 0.3096
0 0.501026 0.403870 0.115636 0.102912 0.3033
0 0.655696 0.287599 0.083318 0.113967 0.3014
0 0.859450 0.271619 0.110614 0.139666 0.2540
