0 0.113340 0.229660 0.115086 0.150293 0.8724
0 0.894837 0.260874 0.111439 0.144740 0.8677
0 0.162311 0.406649 0.117828 0.152299 0.8408
0 0.850397 0.431681 0.104303 0.143337 0.7506
0 0.823440 0.576002 0.069491 0.098290 0.5067
0 0.245552 0.696821 0.066198 0.125195 0.4497
0 0.492360 0.885189 0.060722 0.070409 0.4167
0 0.397546 0.858421 0.065619 0.062842 0.4149
0 0.208704 0.559303 0.079267 0.103635 0.4141
0 0.790138 0.703267 0.069814 0.098221 0.3783
0 0.583644 0.894878 0.067082 0.079020 0.3773
0 0.742940 0.836492 0.051829 0.114502 0.3545
0 0.670537 0.865704 0.055301 0.091667 0.2833
0 0.311203 0.804641 0.052196 0.076947 0.2584
