0 0.942468 0.493990 0.111556 0.163102 0.8958
0 0.784736 0.510822 0.102785 0.130375 0.7706
0 0.487032 0.507806 0.088345 0.127252 0.7610
0 0.620579 0.487435 0.090924 0.165022 0.7582
0 0.730155 0.644411 0.096721 0.124484 0.7418
0 0.580267 0.649656 0.099580 0.110110 0.6909
0 0.363086 0.520415 0.078459 0.096192 0.5945
0 0.227519 0.508844 0.108462 0.078882 0.5691
0 0.114437 0.498067 0.057629 0.085025 0.5393
0 0.266226 0.605168 0.055670 0.085935 0.4450
0 0.941941 0.466910 0.104610 0.128805 0.4390
0 0.452790 0.631156 0.080019 0.081248 0.4298
0 0.971290 0.641467 0.055177 0.082851 0.4231
0 0.634833 0.504570 0.103057 0.144405 0.3799
0 0.779700 0.492771 0.083235 0.108513 0.3701
0 0.611042 0.465400 0.073679 0.135331 0.3474
0 0.159188 0.587481 0.095943 0.065424 0.3466
0 0.875893 0.642815 0.072470 0.088099 0.3136
0 0.312099 0.610843 0.144032 0.067140 0.2600
