0 0.732063 0.328850 0.123571 0.157556 0.9125
0 0.925734 0.334771 0.141721 0.138151 0.9037
0 0.561672 0.358386 0.115856 0.168742 0.8874
0 0.425442 0.388285 0.082937 0.126992 0.8122
0 0.528657 0.525520 0.085172 0.124416 0.7467
0 0.319740 0.396994 0.074451 0.105159 0.7406
0 0.820397 0.490820 0.096269 0.130183 0.7275
0 0.678047 0.506572 0.110650 0.125722 0.7130
0 0.203375 0.396600 0.099469 0.089545 0.5725
0 0.949522 0.471125 0.075434 0.103362 0.5266
0 0.274337 0.506605 0.111291 0.084978 0.4737
0 0.413891 0.508079 0.059490 0.087983 0.4474
0 0.578819 0.366586 0.121486 0.157042 0.2949
0 0.106240 0.365968 0.052488 0.071427 0.2820
0 0.751761 0.333292 0.127378 0.150788 0.2787
0 0.815142 0.466318 0.087795 0.086872 0.2660
0 0.546181 0.321395 0.093714 0.137574 0.2641
0 0.156325 0.466294 0.066772 0.070474 0.2507
