0 0.667997 0.526547 0.102953 0.168902 0.8968
0 0.888345 0.507007 0.099830 0.167296 0.8418
0 0.515305 0.547726 0.085290 0.113395 0.8134
0 0.806160 0.675811 0.114267 0.130493 0.7608
0 0.625897 0.680089 0.087670 0.112130 0.6581
0 0.107868 0.104474 0.188088 0.196026 0.6221
0 0.525566 0.705995 0.068127 0.116874 0.5581
0 0.408611 0.560201 0.068598 0.098383 0.5395
0 0.145867 0.086417 0.190249 0.171518 0.4773
0 0.962149 0.664564 0.071510 0.098659 0.4678
0 0.904405 0.523770 0.114784 0.143707 0.4463
0 0.247873 0.595088 0.065654 0.041190 0.4121
0 0.877803 0.485248 0.092488 0.146009 0.3922
0 0.312887 0.550566 0.070811 0.074835 0.3863
0 0.074620 0.104866 0.138163 0.195379 0.3767
0 0.685729 0.530560 0.111787 0.156223 0.3073
0 0.254226 0.599139 0.068436 0.046424 0.2860
0 0.392116 0.654709 0.118552 0.057879 0.2632
0 0.658510 0.491932 0.093724 0.124241 0.2565
