0 0.893955 0.664977 0.111466 0.138426 0.7403
0 0.771120 0.235100 0.079849 0.117791 0.6623
0 0.164170 0.416988 0.112425 0.107346 0.6224
0 0.818110 0.376605 0.107251 0.114001 0.6066
0 0.124077 0.574047 0.100079 0.093067 0.5530
0 0.860388 0.518710 0.097229 0.102974 0.5299
0 0.108655 0.716612 0.120777 0.122255 0.5203
0 0.895594 0.828347 0.109754 0.112860 0.4868
0 0.274520 0.181312 0.056879 0.085096 0.4168
0 0.675276 0.134888 0.063129 0.078734 0.3914
0 0.131649 0.876701 0.138304 0.087351 0.3457
0 0.384666 0.133335 0.113613 0.110308 0.2854
0 0.189971 0.254916 0.047558 0.052846 0.2594
