0 0.549648 0.446621 0.116800 0.234490 0.8475
0 0.385464 0.449550 0.129682 0.212564 0.8099
0 0.236241 0.452908 0.071232 0.169852 0.7336
0 0.913219 0.101713 0.116390 0.188386 0.7211
0 0.700146 0.450800 0.073709 0.175789 0.6757
0 0.734947 0.669645 0.060161 0.211676 0.6439
0 0.525627 0.685747 0.070370 0.192124 0.6310
0 0.794379 0.444634 0.065411 0.228717 0.6002
0 0.431758 0.665452 0.066316 0.160728 0.5838
0 0.238546 0.658922 0.052124 0.178524 0.5739
0 0.322572 0.638356 0.072446 0.128059 0.5534
0 0.813151 0.648019 0.058092 0.125373 0.5028
0 0.870010 0.465145 0.054093 0.144408 0.5009
0 0.633211 0.681459 0.076581 0.199572 0.4202
0 0.548187 0.397600 0.107445 0.237772 0.3798
0 0.160354 0.486864 0.057804 0.191290 0.3772
0 0.642768 0.637389 0.073413 0.140709 0.3068
0 0.531419 0.672584 0.071747 0.154550 0.2524
