0 0.238999 0.482398 0.113249 0.171827 0.9365
0 0.401540 0.477156 0.103458 0.163926 0.9048
0 0.052039 0.469887 0.103175 0.199586 0.8724
0 0.295973 0.649753 0.106865 0.117637 0.8333
0 0.543005 0.484647 0.091241 0.124365 0.7310
0 0.632757 0.495095 0.066167 0.108042 0.6850
0 0.158062 0.661099 0.071602 0.109167 0.6786
0 0.720796 0.486618 0.068887 0.087556 0.6520
0 0.451214 0.630087 0.108466 0.090957 0.5926
0 0.061903 0.490690 0.121807 0.230588 0.5029
0 0.031819 0.668317 0.062523 0.075797 0.4610
0 0.580285 0.608644 0.063510 0.070786 0.4570
0 0.675336 0.589289 0.073214 0.049780 0.4395
