0 0.566021 0.332601 0.139464 0.292904 0.9319
0 0.385099 0.317218 0.126707 0.279277 0.9211
0 0.718341 0.347011 0.090865 0.220566 0.8721
0 0.826776 0.357732 0.077186 0.220855 0.8624
0 0.240197 0.337530 0.086860 0.233807 0.8101
0 0.434745 0.606966 0.074165 0.213351 0.7493
0 0.230726 0.588770 0.066732 0.207016 0.7293
0 0.552272 0.609673 0.081925 0.201063 0.7139
0 0.323128 0.590182 0.072571 0.195132 0.6650
0 0.759835 0.610447 0.060261 0.211174 0.6315
0 0.663626 0.595638 0.074509 0.190955 0.6257
0 0.146461 0.320644 0.074256 0.219810 0.5988
0 0.838501 0.662435 0.065345 0.189628 0.5856
0 0.147542 0.593988 0.066327 0.206104 0.5752
0 0.935607 0.589883 0.055513 0.143732 0.5193
0 0.894642 0.368787 0.050335 0.174891 0.4373
0 0.041902 0.918437 0.083804 0.130299 0.3233
0 0.938612 0.043409 0.119680 0.086819 0.2611
