0 0.081270 0.275045 0.141183 0.209753 0.9227
0 0.433461 0.359634 0.116298 0.204319 0.8925
0 0.263403 0.318148 0.121083 0.175525 0.8586
0 0.583419 0.431019 0.093445 0.144405 0.7178
0 0.481728 0.565656 0.101658 0.138973 0.6371
0 0.327004 0.501203 0.089943 0.133568 0.6125
0 0.789906 0.470239 0.073340 0.095430 0.5414
0 0.699922 0.461186 0.073410 0.105303 0.5295
0 0.889795 0.443277 0.053624 0.070440 0.4690
0 0.610011 0.564777 0.068983 0.078341 0.4596
0 0.185069 0.482594 0.072625 0.128643 0.4132
0 0.727087 0.578581 0.104176 0.089303 0.3307
0 0.838723 0.558112 0.057499 0.050138 0.2534
