0 0.704744 0.204616 0.070197 0.118197 0.7427
0 0.773467 0.341868 0.086031 0.116217 0.6417
0 0.418829 0.108709 0.111257 0.090011 0.5542
0 0.804249 0.489219 0.100253 0.107492 0.5106
0 0.145306 0.547491 0.090646 0.093396 0.5039
0 0.292633 0.177968 0.075055 0.107385 0.4718
0 0.836288 0.607595 0.099949 0.081606 0.4665
0 0.130052 0.676688 0.120213 0.091647 0.4614
0 0.220356 0.279570 0.085287 0.113567 0.4123
0 0.571143 0.117464 0.105262 0.109668 0.4109
0 0.860902 0.726922 0.122505 0.108396 0.3902
0 0.135450 0.827330 0.095587 0.054446 0.3714
0 0.176524 0.416805 0.079811 0.102992 0.3186
0 0.866260 0.849838 0.100781 0.098143 0.2798
0 0.415336 0.128928 0.109018 0.128072 0.2770
0 0.122925 0.669114 0.102466 0.118788 0.2699
