0 0.875343 0.608971 0.111648 0.098584 0.6561
0 0.034637 0.894756 0.068624 0.195922 0.6510
0 0.343372 0.278736 0.102809 0.116872 0.6160
0 0.109975 0.587581 0.100809 0.126403 0.6113
0 0.637592 0.154792 0.062105 0.072431 0.5851
0 0.761302 0.364804 0.083348 0.115478 0.5761
0 0.822768 0.479341 0.108058 0.099143 0.5379
0 0.156850 0.348038 0.062133 0.104355 0.4922
0 0.111831 0.733592 0.123767 0.093007 0.4805
0 0.209772 0.208876 0.067858 0.110069 0.4619
0 0.700895 0.262173 0.064706 0.102379 0.4608
0 0.358613 0.141811 0.076145 0.082617 0.4086
0 0.498733 0.147948 0.126862 0.069774 0.3877
0 0.111764 0.455909 0.098899 0.084642 0.3841
0 0.595790 0.257776 0.063691 0.078165 0.3364
0 0.896416 0.732720 0.102792 0.120171 0.2883
0 0.105174 0.443309 0.085388 0.107171 0.2866
