0 0.619426 0.445366 0.092117 0.199363 0.8849
0 0.489913 0.448230 0.102438 0.201588 0.7722
0 0.615229 0.644953 0.056290 0.150956 0.7606
0 0.533954 0.662495 0.063427 0.170146 0.7373
0 0.367483 0.659113 0.061422 0.169089 0.7239
0 0.267081 0.449683 0.063699 0.189847 0.7235
0 0.731419 0.417664 0.063271 0.164600 0.7113
0 0.695172 0.627418 0.057368 0.176285 0.6847
0 0.288093 0.669947 0.058698 0.196241 0.6710
0 0.455096 0.673681 0.065382 0.176657 0.6587
0 0.366975 0.458373 0.071903 0.165060 0.5673
0 0.804445 0.412598 0.056946 0.181737 0.5093
0 0.761146 0.588514 0.043993 0.132176 0.4844
0 0.155674 0.427764 0.039171 0.102223 0.2669
