0 0.093644 0.234964 0.094565 0.147332 0.8391
0 0.889315 0.161734 0.111751 0.139835 0.7729
0 0.136135 0.396609 0.092634 0.131951 0.6690
0 0.851203 0.329508 0.110061 0.131126 0.6340
0 0.163885 0.528169 0.077192 0.079364 0.5181
0 0.605098 0.799872 0.071189 0.087488 0.5088
0 0.705463 0.711618 0.062451 0.112556 0.4687
0 0.408291 0.844048 0.065073 0.093677 0.4622
0 0.808291 0.472741 0.068937 0.101887 0.4585
0 0.503223 0.835282 0.069908 0.089249 0.4574
0 0.785309 0.608269 0.068594 0.115236 0.4475
0 0.179070 0.626192 0.068188 0.060016 0.3967
0 0.308583 0.838179 0.063048 0.096717 0.3312
