0 0.536921 0.754239 0.123019 0.172609 0.8922
0 0.734365 0.600531 0.133924 0.185061 0.8918
0 0.521606 0.548086 0.108152 0.133143 0.8231
0 0.932353 0.591797 0.126456 0.184443 0.7268
0 0.718519 0.772276 0.118497 0.125149 0.6812
0 0.918270 0.123820 0.160041 0.231120 0.6671
0 0.391400 0.668845 0.090946 0.126023 0.6191
0 0.233813 0.612465 0.146120 0.138167 0.6015
0 0.889142 0.768533 0.108901 0.096778 0.4743
0 0.532258 0.551820 0.112763 0.109989 0.4640
0 0.091046 0.436866 0.084902 0.156379 0.4442
0 0.381222 0.520323 0.084659 0.082719 0.4434
0 0.511890 0.762279 0.085352 0.196825 0.4162
0 0.924811 0.092273 0.147414 0.180067 0.3745
0 0.724302 0.574161 0.145516 0.156673 0.3334
0 0.940744 0.140386 0.118511 0.232544 0.2962
0 0.244943 0.473674 0.108255 0.050674 0.2775
0 0.754187 0.602183 0.125135 0.168135 0.2591
0 0.377145 0.508453 0.078978 0.085826 0.2587
