0 0.114792 0.200857 0.079407 0.157712 0.6809
0 0.836628 0.146563 0.084413 0.160303 0.6424
0 0.807897 0.329389 0.085013 0.144065 0.6107
0 0.613419 0.866590 0.057960 0.108709 0.5918
0 0.138832 0.396878 0.085366 0.166786 0.5710
0 0.208926 0.693299 0.059493 0.134212 0.5115
0 0.170944 0.552562 0.064951 0.103397 0.4478
0 0.529179 0.902931 0.060163 0.081113 0.4172
0 0.690047 0.787613 0.049949 0.152220 0.4004
0 0.354979 0.894260 0.059924 0.070248 0.3917
0 0.441530 0.911745 0.056446 0.089017 0.3819
0 0.742830 0.646884 0.055950 0.120814 0.3480
0 0.780048 0.506630 0.061303 0.124600 0.3438
0 0.280817 0.815518 0.062241 0.118004 0.2955
0 0.811339 0.354622 0.100763 0.173727 0.2920
