0 0.960436 0.488103 0.078520 0.145066 0.8388
0 0.658047 0.494422 0.108665 0.176755 0.8020
0 0.825846 0.483608 0.093399 0.144264 0.7833
0 0.527130 0.536539 0.077480 0.102195 0.6173
0 0.577075 0.636512 0.071912 0.094046 0.6033
0 0.430371 0.549030 0.073932 0.087818 0.5846
0 0.644175 0.467781 0.089012 0.146564 0.5758
0 0.209662 0.545482 0.072360 0.047505 0.5260
0 0.234893 0.615740 0.067319 0.053425 0.4767
0 0.469834 0.639477 0.064025 0.076966 0.4303
0 0.718165 0.638880 0.112659 0.094170 0.4073
0 0.319270 0.556880 0.103481 0.064812 0.3906
0 0.855231 0.597817 0.070307 0.050858 0.3886
0 0.347665 0.632222 0.101907 0.066140 0.3812
0 0.818127 0.465243 0.082212 0.132146 0.3464
0 0.965624 0.606340 0.049556 0.056790 0.3089
0 0.290114 0.558156 0.047397 0.069647 0.2857
