0 0.558324 0.443780 0.119586 0.264677 0.8866
0 0.434957 0.710597 0.070867 0.235952 0.8380
0 0.383639 0.414432 0.115658 0.272961 0.8075
0 0.692791 0.464492 0.093003 0.209304 0.7922
0 0.733721 0.717547 0.069829 0.228342 0.7900
0 0.805483 0.440364 0.086300 0.232660 0.7749
0 0.261093 0.428872 0.071542 0.205468 0.7483
0 0.544782 0.713224 0.071855 0.198477 0.7096
0 0.633306 0.691169 0.065174 0.171071 0.6902
0 0.816244 0.692730 0.059201 0.179055 0.6352
0 0.353842 0.672649 0.066354 0.172566 0.5828
0 0.261540 0.706128 0.071523 0.235886 0.5736
0 0.928205 0.071196 0.129763 0.142391 0.5164
0 0.183903 0.403834 0.063020 0.200965 0.5013
0 0.201169 0.641563 0.057656 0.175273 0.3701
