0 0.492750 0.304580 0.091690 0.199650 0.8080
0 0.243572 0.503595 0.088709 0.205424 0.7974
0 0.378199 0.502447 0.090693 0.207860 0.7680
0 0.118391 0.520406 0.088646 0.234203 0.7499
0 0.760430 0.331699 0.064399 0.122746 0.7446
0 0.359242 0.297549 0.124884 0.150269 0.7353
0 0.684084 0.348880 0.059676 0.130134 0.6998
0 0.600252 0.339002 0.073312 0.162089 0.6188
0 0.840095 0.309925 0.046743 0.072111 0.5867
0 0.607169 0.489196 0.064702 0.080756 0.5275
0 0.115085 0.485074 0.081232 0.174519 0.5089
0 0.505657 0.492680 0.079579 0.135646 0.4577
0 0.701764 0.476835 0.086819 0.088730 0.3820
0 0.022875 0.523097 0.045749 0.227993 0.3300
0 0.173989 0.326162 0.172271 0.093879 0.2739
