0 0.289298 0.328480 0.114415 0.134889 0.8818
0 0.091058 0.317214 0.115359 0.138514 0.8712
0 0.223651 0.489747 0.103068 0.137283 0.8309
0 0.076387 0.483753 0.092230 0.133547 0.8234
0 0.567447 0.897863 0.204385 0.204273 0.7640
0 0.384998 0.466291 0.106934 0.115027 0.7396
0 0.536387 0.898802 0.171854 0.193973 0.7174
0 0.452290 0.312385 0.082773 0.118524 0.7050
0 0.665241 0.289566 0.105640 0.076448 0.6490
0 0.071045 0.466814 0.091157 0.110338 0.5984
0 0.557594 0.312417 0.064630 0.087792 0.5496
0 0.645325 0.407475 0.112631 0.072203 0.4885
0 0.526397 0.455093 0.078552 0.064838 0.4829
0 0.605970 0.888665 0.213531 0.218242 0.2850
0 0.652456 0.396214 0.117670 0.093481 0.2716
0 0.515703 0.913021 0.157719 0.165017 0.2702
0 0.760486 0.243628 0.042981 0.045735 0.2674
0 0.220436 0.465420 0.094145 0.091531 0.2672
