0 0.473974 0.415167 0.115579 0.252905 0.8833
0 0.641165 0.410235 0.120554 0.246882 0.8779
0 0.337856 0.431399 0.089767 0.211254 0.7965
0 0.606329 0.675951 0.069217 0.213817 0.7642
0 0.702640 0.662546 0.073347 0.189576 0.7633
0 0.401096 0.684012 0.071953 0.200643 0.7472
0 0.770529 0.417216 0.083198 0.196820 0.7439
0 0.782998 0.662577 0.057588 0.204749 0.7042
0 0.508409 0.684673 0.070822 0.209330 0.7012
0 0.308153 0.721849 0.066712 0.228833 0.6923
0 0.227694 0.416200 0.075135 0.191976 0.6842
0 0.853039 0.413534 0.065691 0.204814 0.6654
0 0.233939 0.688970 0.061051 0.174649 0.5481
0 0.841246 0.627266 0.052975 0.147476 0.3297
0 0.107557 0.427225 0.037410 0.119436 0.2688
0 0.238585 0.675355 0.045593 0.154051 0.2654
