0 0.677909 0.210626 0.067787 0.115442 0.6272
0 0.769995 0.478040 0.094252 0.094827 0.5380
0 0.147287 0.867115 0.099504 0.115946 0.5158
0 0.744355 0.344744 0.072265 0.109730 0.5089
0 0.855376 0.726774 0.103570 0.121577 0.5067
0 0.222462 0.469290 0.100554 0.096624 0.5065
0 0.577039 0.140203 0.101339 0.138989 0.5002
0 0.808188 0.601823 0.083174 0.089980 0.4757
0 0.162992 0.716677 0.118284 0.102461 0.4722
0 0.249330 0.333275 0.087657 0.108948 0.4564
0 0.197430 0.592532 0.094649 0.087119 0.4520
0 0.304935 0.201442 0.082188 0.124855 0.4097
0 0.872804 0.902559 0.093256 0.091297 0.4006
0 0.411954 0.084907 0.119477 0.055431 0.3248
0 0.427362 0.162839 0.066809 0.123693 0.2905
