0 0.109924 0.262773 0.155113 0.195679 0.9270
0 0.284896 0.267069 0.124451 0.197310 0.8804
0 0.443974 0.293878 0.111685 0.195822 0.8542
0 0.642808 0.311789 0.058571 0.097202 0.6367
0 0.388223 0.485983 0.080566 0.168100 0.6298
0 0.560815 0.309595 0.067035 0.138105 0.6226
0 0.717407 0.313495 0.059713 0.113354 0.6176
0 0.143501 0.455397 0.070833 0.154028 0.5869
0 0.510711 0.477865 0.078282 0.149810 0.5403
0 0.788477 0.395029 0.055571 0.098245 0.5374
0 0.040526 0.441846 0.056426 0.141982 0.4885
0 0.705236 0.442295 0.073916 0.107161 0.4558
0 0.257228 0.459092 0.088985 0.137225 0.4419
0 0.620084 0.448915 0.068026 0.127871 0.4036
