0 0.319227 0.420537 0.132534 0.203949 0.9407
0 0.108079 0.517896 0.091760 0.143230 0.8000
0 0.895290 0.955508 0.170148 0.088983 0.7847
0 0.694075 0.450459 0.062666 0.100413 0.7544
0 0.488549 0.439614 0.092817 0.134556 0.7334
0 0.131159 0.374662 0.114755 0.105486 0.6739
0 0.429395 0.576285 0.087725 0.108069 0.6479
0 0.809255 0.436401 0.058090 0.075143 0.6314
0 0.604774 0.446706 0.082031 0.115275 0.6212
0 0.691323 0.556519 0.109577 0.069704 0.5035
0 0.567324 0.573390 0.082198 0.092718 0.4503
0 0.249510 0.577047 0.097847 0.136885 0.4414
0 0.792640 0.528219 0.054772 0.050299 0.4029
0 0.312255 0.399600 0.122600 0.150102 0.3753
0 0.719480 0.448576 0.101723 0.101690 0.3578
0 0.256757 0.595214 0.098963 0.103235 0.3299
0 0.022043 0.472006 0.044085 0.124955 0.3079
0 0.106865 0.494076 0.087373 0.099548 0.2641
