0 0.694941 0.094313 0.110293 0.179385 0.8704
0 0.520398 0.098458 0.113623 0.160226 0.7971
0 0.172377 0.269954 0.097359 0.126235 0.7925
0 0.799474 0.448870 0.098956 0.126825 0.7813
0 0.188223 0.428002 0.118461 0.140987 0.7794
0 0.825682 0.095677 0.076063 0.160670 0.6626
0 0.799795 0.296364 0.102002 0.123723 0.6250
0 0.906146 0.083966 0.064155 0.148493 0.6217
0 0.374252 0.067179 0.082921 0.132559 0.6217
0 0.267839 0.050492 0.070400 0.100984 0.6096
0 0.218397 0.574225 0.084514 0.106699 0.4908
0 0.800905 0.584522 0.076298 0.089787 0.4653
0 0.306068 0.808557 0.062402 0.102525 0.4572
0 0.238299 0.717714 0.064991 0.117933 0.4390
0 0.400105 0.832914 0.065815 0.076135 0.4294
0 0.772075 0.689498 0.070270 0.065349 0.3983
0 0.590552 0.877856 0.058645 0.049987 0.3895
0 0.674850 0.858709 0.059922 0.057738 0.2952
0 0.250145 0.713550 0.081675 0.114221 0.2660
