0 0.310425 0.243996 0.065659 0.115912 0.5195
0 0.427632 0.185942 0.105606 0.116055 0.4931
0 0.710984 0.247808 0.069365 0.090581 0.4879
0 0.842674 0.575949 0.086386 0.074501 0.4877
0 0.116078 0.679858 0.114547 0.093839 0.4646
0 0.773789 0.358338 0.068869 0.086733 0.4290
0 0.803813 0.472963 0.086577 0.077693 0.4060
0 0.186756 0.468293 0.053850 0.095486 0.3831
0 0.891978 0.689630 0.107315 0.089575 0.3192
0 0.588670 0.174842 0.122665 0.075369 0.3099
0 0.886085 0.805072 0.071075 0.090553 0.2907
0 0.165855 0.567893 0.081891 0.067885 0.2887
0 0.234148 0.338468 0.064150 0.120235 0.2694
