0 0.819868 0.375570 0.149000 0.217375 0.8796
0 0.799148 0.706842 0.092643 0.244554 0.7569
0 0.532563 0.659097 0.081906 0.212372 0.7434
0 0.635439 0.337099 0.116775 0.170192 0.7060
0 0.488625 0.432486 0.097151 0.158585 0.6643
0 0.673952 0.672103 0.091055 0.183666 0.6546
0 0.915810 0.689031 0.084681 0.193267 0.6455
0 0.344373 0.455326 0.083641 0.114640 0.5166
0 0.967254 0.450186 0.062979 0.176983 0.5063
0 0.312810 0.599904 0.149826 0.111444 0.4638
0 0.794707 0.367907 0.115998 0.217451 0.4420
0 0.092123 0.385999 0.087105 0.133438 0.4238
0 0.142364 0.561178 0.096285 0.135160 0.4013
0 0.210958 0.432532 0.083954 0.127087 0.4008
0 0.334787 0.593944 0.096267 0.108809 0.3547
