0 0.867612 0.533937 0.098452 0.086207 0.6449
0 0.739769 0.136508 0.058727 0.101286 0.5913
0 0.807376 0.251385 0.062831 0.139396 0.5431
0 0.327251 0.124627 0.069589 0.108547 0.5379
0 0.183123 0.383575 0.058694 0.136232 0.4601
0 0.833787 0.408874 0.103306 0.109492 0.4433
0 0.623204 0.118661 0.120036 0.061181 0.3774
0 0.886054 0.799401 0.080034 0.078160 0.3600
0 0.135158 0.641543 0.104784 0.102433 0.3539
0 0.242257 0.229938 0.057466 0.159250 0.3414
0 0.216054 0.392721 0.114730 0.109507 0.3258
0 0.892990 0.663049 0.095724 0.105424 0.2855
0 0.464945 0.105800 0.137360 0.070856 0.2849
0 0.175830 0.521673 0.115683 0.079087 0.2738
0 0.135883 0.663500 0.099864 0.145088 0.2680
0 0.147424 0.812808 0.097335 0.083534 0.2651
