0 0.621450 0.496218 0.110046 0.180893 0.9182
0 0.788035 0.474188 0.124998 0.142105 0.8997
0 0.657702 0.693644 0.115292 0.151472 0.8974
0 0.806156 0.674072 0.100656 0.162342 0.8643
0 0.950852 0.457491 0.098296 0.189920 0.8522
0 0.932408 0.680677 0.088406 0.142105 0.8325
0 0.517354 0.706892 0.084483 0.136181 0.7901
0 0.488212 0.538361 0.077366 0.142138 0.7287
0 0.392794 0.565351 0.074967 0.121386 0.6654
0 0.285803 0.571797 0.086233 0.104164 0.6428
0 0.312886 0.696088 0.106308 0.097360 0.5537
0 0.421795 0.698278 0.070135 0.111922 0.4570
0 0.614145 0.473010 0.099718 0.157900 0.4525
0 0.953021 0.422513 0.092387 0.142881 0.4051
