0 0.404851 0.166986 0.103975 0.131494 0.6667
0 0.560211 0.155691 0.104227 0.121850 0.6616
0 0.774150 0.267118 0.074452 0.134392 0.6071
0 0.841738 0.534182 0.088932 0.083296 0.5874
0 0.205776 0.331129 0.084338 0.129173 0.5256
0 0.941560 0.138127 0.113405 0.151786 0.5223
0 0.883172 0.660448 0.112045 0.135350 0.5102
0 0.806605 0.415816 0.081756 0.095598 0.5056
0 0.679934 0.196341 0.070275 0.120840 0.5045
0 0.166174 0.477946 0.105219 0.106396 0.4980
0 0.887388 0.642083 0.108750 0.110167 0.4972
0 0.116876 0.731894 0.122129 0.089818 0.4351
0 0.136538 0.611563 0.099940 0.088672 0.4324
0 0.770674 0.288094 0.079851 0.112307 0.4204
0 0.288453 0.227551 0.084116 0.104742 0.3836
0 0.130756 0.869421 0.094342 0.067130 0.3336
0 0.195963 0.319304 0.072981 0.142185 0.3062
0 0.546233 0.155315 0.101608 0.142826 0.2803
0 0.112809 0.736174 0.115212 0.121937 0.2655
