0 0.622808 0.492914 0.104811 0.141380 0.8712
0 0.940084 0.490051 0.117088 0.183424 0.8328
0 0.779279 0.495340 0.102015 0.144032 0.7666
0 0.371561 0.508173 0.070856 0.085615 0.6506
0 0.699666 0.630000 0.077290 0.080445 0.6361
0 0.544275 0.631039 0.063871 0.106213 0.6212
0 0.484760 0.517234 0.083328 0.102115 0.6044
0 0.424903 0.618728 0.078944 0.092630 0.5606
0 0.636714 0.502665 0.108009 0.142651 0.5597
0 0.274585 0.602841 0.103210 0.073587 0.5403
0 0.263825 0.500608 0.082728 0.091998 0.5352
0 0.478681 0.503766 0.078071 0.106264 0.4735
0 0.767013 0.466596 0.084837 0.117771 0.3544
0 0.944106 0.436235 0.105882 0.106914 0.2695
