0 0.575595 0.379864 0.111318 0.270220 0.9356
0 0.413785 0.401158 0.119343 0.267714 0.8837
0 0.033120 0.154215 0.065691 0.276784 0.8641
0 0.548359 0.665720 0.079636 0.225010 0.8311
0 0.446563 0.677516 0.069852 0.213357 0.8139
0 0.631798 0.644720 0.064500 0.193423 0.8002
0 0.292810 0.449007 0.073983 0.185848 0.7716
0 0.201941 0.446683 0.075230 0.217187 0.7686
0 0.712254 0.650010 0.065216 0.225136 0.7313
0 0.693963 0.404093 0.064781 0.198269 0.6972
0 0.358493 0.672226 0.067063 0.202294 0.6674
0 0.276407 0.678891 0.068874 0.207259 0.5923
0 0.788936 0.616071 0.058299 0.185044 0.5899
0 0.049295 0.863135 0.098541 0.238757 0.5759
0 0.771225 0.387576 0.069727 0.211774 0.5752
0 0.944477 0.473073 0.111046 0.380398 0.5652
0 0.189266 0.680919 0.078582 0.186429 0.4217
0 0.160387 0.912503 0.047206 0.137338 0.3319
0 0.830840 0.123866 0.211030 0.204451 0.2954
0 0.829109 0.399105 0.057554 0.199561 0.2559
