0 0.636297 0.408251 0.121423 0.253336 0.9151
0 0.477448 0.395289 0.117687 0.255531 0.9096
0 0.630289 0.691220 0.072324 0.236662 0.8358
0 0.328690 0.409171 0.073505 0.198083 0.8185
0 0.328915 0.678140 0.069199 0.212206 0.8071
0 0.754538 0.399205 0.069678 0.188482 0.7838
0 0.532333 0.700808 0.071793 0.236297 0.7776
0 0.426843 0.681418 0.077052 0.217095 0.7752
0 0.790202 0.629722 0.056784 0.219035 0.7657
0 0.228484 0.422320 0.071253 0.174168 0.7296
0 0.721034 0.664909 0.067917 0.220363 0.7050
0 0.234908 0.644809 0.065902 0.178351 0.5265
0 0.824551 0.395421 0.062244 0.192296 0.4980
0 0.167369 0.588004 0.048224 0.155426 0.4282
0 0.110101 0.555539 0.058451 0.135951 0.3791
0 0.841961 0.607067 0.048464 0.192567 0.3683
0 0.147138 0.391704 0.049365 0.143709 0.3357
