0 0.922288 0.492923 0.114661 0.163890 0.8957
0 0.741966 0.527373 0.115443 0.154726 0.8764
0 0.363200 0.520298 0.168710 0.108884 0.8670
0 0.568678 0.522597 0.112251 0.116826 0.8457
0 0.641343 0.378474 0.115434 0.114960 0.8383
0 0.822385 0.330923 0.110496 0.097519 0.7917
0 0.966318 0.277297 0.067364 0.180683 0.7490
0 0.488231 0.402851 0.093669 0.083236 0.6695
0 0.317400 0.394705 0.152272 0.091021 0.6537
0 0.167866 0.470355 0.115638 0.092201 0.6351
0 0.145254 0.361335 0.092509 0.068263 0.5519
0 0.918514 0.462674 0.108626 0.122121 0.3795
0 0.256774 0.389188 0.061996 0.104055 0.3205
0 0.627769 0.368392 0.103207 0.105895 0.2637
0 0.159928 0.458691 0.093199 0.088777 0.2598
