0 0.814171 0.537576 0.074288 0.093602 0.6099
0 0.566849 0.237751 0.084211 0.102377 0.5180
0 0.846428 0.775093 0.084533 0.128283 0.4966
0 0.468063 0.264336 0.057517 0.090500 0.4762
0 0.684111 0.245219 0.080944 0.096611 0.4700
0 0.305373 0.637280 0.076237 0.178382 0.4623
0 0.836665 0.651340 0.072949 0.078847 0.4591
0 0.799219 0.409231 0.060552 0.078711 0.4455
0 0.842241 0.801587 0.082607 0.170114 0.3665
0 0.396652 0.339377 0.052235 0.135329 0.3337
0 0.282451 0.804997 0.060929 0.070498 0.3240
0 0.303408 0.676191 0.078114 0.125405 0.3203
0 0.343347 0.467493 0.044302 0.097812 0.3003
0 0.317851 0.583754 0.086345 0.086403 0.2851
0 0.312910 0.613829 0.082243 0.151496 0.2705
