0 0.806838 0.524178 0.108359 0.130690 0.5647
0 0.765433 0.403190 0.092258 0.076243 0.5437
0 0.122121 0.634393 0.133736 0.097836 0.4360
0 0.345975 0.161844 0.117573 0.057158 0.3594
0 0.235863 0.217519 0.073323 0.080670 0.3496
0 0.160518 0.304800 0.102134 0.081844 0.3471
0 0.620504 0.235870 0.067692 0.077144 0.3435
0 0.116188 0.512030 0.122411 0.091270 0.3384
0 0.153307 0.289544 0.079399 0.106350 0.3245
0 0.719205 0.295405 0.071743 0.068303 0.3240
0 0.511774 0.177128 0.096382 0.075546 0.2892
0 0.111458 0.499342 0.113152 0.080617 0.2727
0 0.866483 0.755019 0.053022 0.057246 0.2539
0 0.099787 0.758399 0.105585 0.073353 0.2535
