0 0.540453 0.867087 0.057341 0.126270 0.6563
0 0.167026 0.439519 0.113736 0.147661 0.6284
0 0.147158 0.269756 0.094644 0.142194 0.5490
0 0.634041 0.858589 0.068844 0.146522 0.5391
0 0.207574 0.694932 0.063698 0.162289 0.5368
0 0.841866 0.378878 0.092382 0.124219 0.5246
0 0.719053 0.862538 0.054579 0.137326 0.5003
0 0.111456 0.099114 0.074735 0.155170 0.4816
0 0.358745 0.796658 0.064495 0.149749 0.4485
0 0.881115 0.226842 0.079756 0.116396 0.4306
0 0.447303 0.859526 0.060751 0.119330 0.3913
0 0.270645 0.776853 0.052603 0.123746 0.3776
0 0.813896 0.517360 0.086084 0.120403 0.3737
0 0.819424 0.529240 0.103611 0.133993 0.3646
0 0.769555 0.789258 0.089360 0.148807 0.3379
0 0.783194 0.799010 0.061623 0.151159 0.2788
