0 0.745098 0.269147 0.081927 0.122474 0.6503
0 0.798853 0.403977 0.103633 0.105445 0.5709
0 0.869408 0.629776 0.108386 0.105842 0.5387
0 0.848332 0.516919 0.102540 0.089102 0.4821
0 0.653701 0.175218 0.066191 0.091729 0.4465
0 0.368107 0.106323 0.113608 0.081393 0.4043
0 0.518994 0.115273 0.107662 0.071021 0.3885
0 0.876593 0.778500 0.105328 0.093312 0.3640
0 0.207153 0.258960 0.068677 0.102724 0.3568
0 0.107352 0.722555 0.100232 0.064036 0.3474
0 0.100404 0.578806 0.107665 0.080717 0.3431
0 0.114082 0.814008 0.080149 0.075419 0.3242
0 0.161739 0.380273 0.104312 0.087234 0.2907
