0 0.392162 0.132536 0.094941 0.132535 0.6769
0 0.786032 0.405605 0.088031 0.098411 0.6355
0 0.741354 0.262678 0.056521 0.135451 0.5571
0 0.850057 0.633446 0.102326 0.110919 0.5517
0 0.150566 0.667562 0.102419 0.107123 0.5170
0 0.534715 0.129257 0.090235 0.126496 0.4849
0 0.207737 0.262604 0.062190 0.139973 0.4841
0 0.288587 0.210638 0.060585 0.109988 0.4617
0 0.657051 0.193796 0.066599 0.123317 0.4391
0 0.807198 0.521729 0.096510 0.086989 0.4329
0 0.181863 0.416197 0.087838 0.097408 0.4138
0 0.178771 0.544186 0.088884 0.090191 0.4004
0 0.873737 0.760129 0.082021 0.075119 0.2968
