0 0.735363 0.302601 0.154492 0.222556 0.9236
0 0.543726 0.302897 0.108373 0.212130 0.8539
0 0.921245 0.336285 0.135707 0.223534 0.8491
0 0.603409 0.535215 0.079637 0.231840 0.8119
0 0.473209 0.552940 0.086066 0.251278 0.7275
0 0.730544 0.569328 0.087066 0.245601 0.7243
0 0.831504 0.570579 0.070474 0.241678 0.6759
0 0.236135 0.417295 0.062332 0.143670 0.6730
0 0.404618 0.323892 0.086719 0.215694 0.6727
0 0.309998 0.382272 0.068360 0.173447 0.6590
0 0.934798 0.555876 0.074829 0.178180 0.5825
0 0.134330 0.422597 0.088251 0.136415 0.5778
0 0.292322 0.570927 0.059721 0.139354 0.5108
0 0.370457 0.557479 0.063613 0.180218 0.4675
0 0.185057 0.591597 0.098455 0.137581 0.3932
