0 0.118486 0.399893 0.095262 0.159573 0.8587
0 0.891987 0.450881 0.094831 0.156304 0.7953
0 0.472836 0.895083 0.067698 0.075195 0.5296
0 0.564235 0.895972 0.062258 0.071765 0.5255
0 0.824133 0.739939 0.073750 0.112305 0.5102
0 0.161967 0.560940 0.079458 0.106411 0.4488
0 0.653973 0.876550 0.066915 0.068563 0.4245
0 0.203554 0.691170 0.071863 0.114633 0.4213
0 0.847555 0.617373 0.062449 0.072662 0.4182
0 0.376174 0.864046 0.068718 0.076175 0.3682
0 0.749046 0.836083 0.057729 0.088216 0.3601
0 0.884835 0.423104 0.077380 0.114282 0.2949
0 0.278108 0.792521 0.060068 0.093931 0.2572
