0 0.237065 0.392970 0.131255 0.175205 0.9229
0 0.433700 0.406203 0.137135 0.160163 0.9206
0 0.054040 0.368847 0.107078 0.201285 0.8936
0 0.584604 0.459959 0.096098 0.132240 0.8600
0 0.290650 0.604895 0.115512 0.171852 0.8532
0 0.455445 0.587244 0.104842 0.135229 0.8002
0 0.125386 0.565217 0.105177 0.124591 0.7698
0 0.702883 0.473746 0.070642 0.092727 0.6179
0 0.110573 0.572137 0.122403 0.133066 0.6135
0 0.595168 0.581750 0.096499 0.071560 0.5785
0 0.803305 0.468804 0.079487 0.076002 0.5554
0 0.041331 0.379897 0.082134 0.214495 0.4783
0 0.737550 0.564640 0.118011 0.066962 0.3370
0 0.913303 0.409278 0.054662 0.049667 0.2810
0 0.453711 0.400654 0.124693 0.156389 0.2657
