0 0.532411 0.384245 0.117377 0.238842 0.9112
0 0.673926 0.390453 0.100284 0.222468 0.8562
0 0.605045 0.615708 0.066227 0.177968 0.8417
0 0.428437 0.625928 0.068541 0.191074 0.8197
0 0.782261 0.425893 0.064213 0.166328 0.7779
0 0.759767 0.654542 0.064070 0.216127 0.7778
0 0.401872 0.405628 0.075471 0.173208 0.7381
0 0.336046 0.643847 0.067774 0.217944 0.7311
0 0.684220 0.632614 0.063949 0.187268 0.7222
0 0.515778 0.634094 0.063989 0.191886 0.7132
0 0.294013 0.411095 0.071407 0.200973 0.7012
0 0.255401 0.639666 0.063275 0.155357 0.6510
0 0.850889 0.423349 0.063179 0.194646 0.5863
0 0.828762 0.635973 0.052945 0.160741 0.5243
0 0.219582 0.412636 0.050212 0.131833 0.3686
0 0.175111 0.606512 0.080239 0.124072 0.3048
0 0.167505 0.409475 0.051865 0.116666 0.2968
