0 0.160611 0.270739 0.168743 0.379055 0.9366
0 0.274925 0.627610 0.099408 0.281736 0.8912
0 0.033450 0.630046 0.066198 0.274052 0.8721
0 0.140909 0.624430 0.089166 0.258161 0.8703
0 0.580845 0.323953 0.070075 0.200095 0.8278
0 0.351479 0.288986 0.102195 0.227154 0.8081
0 0.489774 0.308744 0.087094 0.262825 0.7986
0 0.400436 0.622683 0.085063 0.241294 0.7934
0 0.939886 0.661175 0.120228 0.388358 0.6899
0 0.503254 0.613521 0.085741 0.211667 0.4915
0 0.580519 0.544370 0.068898 0.156269 0.4290
0 0.641735 0.492713 0.068098 0.107378 0.4188
0 0.937593 0.742713 0.117859 0.391225 0.4065
0 0.023979 0.329241 0.047957 0.216915 0.3622
0 0.937993 0.835244 0.115676 0.256797 0.3569
0 0.640378 0.324858 0.043388 0.190832 0.3466
0 0.686963 0.328586 0.072268 0.194088 0.3228
0 0.942006 0.596783 0.111891 0.269214 0.3120
0 0.644793 0.324805 0.063613 0.185789 0.2837
0 0.391291 0.575035 0.072290 0.222985 0.2563
