0 0.728488 0.200204 0.073945 0.121016 0.6340
0 0.839121 0.436916 0.106996 0.085281 0.5482
0 0.821820 0.290002 0.078266 0.145147 0.5455
0 0.868691 0.539251 0.103756 0.076660 0.5205
0 0.201492 0.281255 0.077721 0.144314 0.4433
0 0.295365 0.192553 0.086625 0.102807 0.4201
0 0.163489 0.444512 0.117071 0.097044 0.4006
0 0.439478 0.128629 0.121049 0.060548 0.3895
0 0.897084 0.656326 0.116361 0.110125 0.3469
0 0.095497 0.678168 0.131772 0.085897 0.3338
0 0.598114 0.125433 0.108738 0.062781 0.3330
0 0.124166 0.563877 0.106754 0.077897 0.3280
0 0.212688 0.296669 0.099554 0.112387 0.3009
0 0.807812 0.318032 0.085838 0.085428 0.2944
0 0.595885 0.155403 0.104938 0.123715 0.2561
