0 0.430558 0.941693 0.085641 0.116614 0.8233
0 0.326568 0.950741 0.088658 0.098518 0.7451
0 0.538281 0.948426 0.090015 0.103148 0.6700
0 0.230544 0.958348 0.066262 0.083305 0.6491
0 0.828095 0.333627 0.068924 0.126602 0.6034
0 0.863663 0.597931 0.116538 0.128380 0.6030
0 0.645993 0.173978 0.104987 0.119982 0.5509
0 0.842961 0.471623 0.088094 0.079276 0.5507
0 0.494042 0.140065 0.100544 0.089081 0.5467
0 0.168185 0.476788 0.107359 0.111351 0.5202
0 0.261549 0.238485 0.073779 0.135150 0.5196
0 0.639336 0.959019 0.086056 0.081962 0.4843
0 0.734524 0.283953 0.068586 0.080602 0.4426
0 0.270324 0.252573 0.094861 0.133342 0.4210
0 0.371364 0.197871 0.066213 0.100252 0.4064
0 0.108934 0.748151 0.101648 0.092106 0.3553
0 0.862932 0.736051 0.123082 0.125223 0.3287
0 0.643746 0.978198 0.087067 0.043603 0.2879
0 0.739617 0.986110 0.056638 0.022227 0.2708
0 0.625319 0.957015 0.063067 0.085969 0.2584
0 0.900323 0.856911 0.093092 0.063224 0.2571
