0 0.864517 0.461264 0.133166 0.139432 0.9368
0 0.665368 0.437034 0.123535 0.137964 0.8996
0 0.493212 0.420792 0.115250 0.132126 0.8719
0 0.127626 0.426606 0.144838 0.104897 0.7747
0 0.303252 0.544863 0.125277 0.148435 0.7733
0 0.483913 0.565368 0.122125 0.122970 0.7014
0 0.322615 0.399791 0.106586 0.096754 0.6349
0 0.857369 0.601240 0.118427 0.097672 0.6267
0 0.634763 0.589643 0.102468 0.116742 0.6244
0 0.112811 0.545347 0.122909 0.122818 0.6068
0 0.845174 0.459741 0.107330 0.148272 0.5401
0 0.086697 0.166982 0.170808 0.229625 0.4692
0 0.073473 0.139464 0.146291 0.241486 0.4188
0 0.665631 0.597331 0.152921 0.114578 0.3939
0 0.935940 0.117313 0.127162 0.224202 0.3697
0 0.289409 0.523082 0.123196 0.132623 0.3433
0 0.698673 0.603181 0.128991 0.113419 0.2893
0 0.730676 0.602191 0.064900 0.114534 0.2740
0 0.061131 0.108272 0.121654 0.208934 0.2628
