0 0.416921 0.425952 0.131067 0.307929 0.9392
0 0.602084 0.398775 0.127468 0.294239 0.9330
0 0.267298 0.467150 0.090069 0.235499 0.8229
0 0.640851 0.700813 0.081227 0.253046 0.8164
0 0.744700 0.371433 0.087531 0.211579 0.8113
0 0.752594 0.625997 0.076931 0.223323 0.8049
0 0.836160 0.349918 0.068885 0.236181 0.7988
0 0.833582 0.624246 0.063282 0.250935 0.7258
0 0.154665 0.477563 0.080677 0.247358 0.7198
0 0.455196 0.738936 0.090218 0.235643 0.6935
0 0.250934 0.759203 0.083619 0.273212 0.6089
0 0.346730 0.715302 0.069581 0.198219 0.5897
0 0.177232 0.753932 0.062054 0.235027 0.5758
0 0.063501 0.476193 0.076723 0.202815 0.4851
0 0.542786 0.652661 0.060395 0.130710 0.4753
0 0.114640 0.710663 0.048985 0.155085 0.3815
0 0.451692 0.702295 0.082833 0.174408 0.3649
0 0.247789 0.717467 0.075462 0.206684 0.3415
0 0.145820 0.456092 0.073073 0.249956 0.2745
