0 0.166011 0.572949 0.112097 0.117607 0.6723
0 0.686357 0.911717 0.058616 0.078099 0.6491
0 0.100579 0.450511 0.098789 0.128894 0.6240
0 0.606230 0.913235 0.062536 0.084821 0.6222
0 0.763100 0.891021 0.055482 0.117670 0.6208
0 0.349501 0.842610 0.072541 0.109259 0.6104
0 0.059953 0.318922 0.071448 0.121398 0.4950
0 0.440691 0.881195 0.060742 0.079016 0.4601
0 0.531597 0.907281 0.062848 0.085440 0.4478
0 0.896521 0.514579 0.089063 0.100599 0.4352
0 0.251258 0.787008 0.060524 0.113780 0.4214
0 0.192867 0.710495 0.060876 0.102415 0.3988
0 0.941672 0.402237 0.058523 0.102625 0.3665
0 0.856027 0.628439 0.092363 0.083866 0.3296
0 0.854012 0.643919 0.109556 0.101285 0.3250
0 0.160579 0.592667 0.112068 0.146997 0.2813
0 0.858482 0.664170 0.117746 0.132857 0.2790
0 0.202140 0.699322 0.077778 0.089101 0.2507
