0 0.114360 0.215047 0.103843 0.152940 0.7669
0 0.152660 0.389304 0.105927 0.151755 0.7133
0 0.850961 0.410272 0.101756 0.145366 0.6377
0 0.891342 0.259793 0.093573 0.123521 0.6105
0 0.196598 0.542152 0.068297 0.090136 0.5760
0 0.651163 0.871769 0.068271 0.094136 0.5718
0 0.469231 0.891129 0.063510 0.082747 0.5350
0 0.776730 0.680126 0.064133 0.098870 0.5010
0 0.218707 0.665501 0.062710 0.116069 0.4690
0 0.562103 0.887915 0.068678 0.094586 0.4635
0 0.742715 0.814429 0.069258 0.106918 0.4047
0 0.811744 0.564444 0.056167 0.072046 0.4036
0 0.279630 0.797970 0.061313 0.127838 0.3996
0 0.374566 0.872590 0.070167 0.088570 0.3334
0 0.368569 0.862417 0.063576 0.087668 0.2743
