0 0.119594 0.268950 0.100171 0.154956 0.8880
0 0.877818 0.214602 0.117399 0.155596 0.8623
0 0.842443 0.395005 0.111790 0.140670 0.7556
0 0.165048 0.435498 0.094211 0.132092 0.6981
0 0.648546 0.841229 0.066683 0.097031 0.5701
0 0.463322 0.866432 0.059307 0.084241 0.4664
0 0.737326 0.795512 0.051521 0.114665 0.4525
0 0.237434 0.697844 0.078028 0.115861 0.4450
0 0.558684 0.879960 0.067953 0.080351 0.4347
0 0.808150 0.542025 0.075991 0.088532 0.4106
0 0.205013 0.577714 0.075083 0.092094 0.3982
0 0.761719 0.651757 0.072783 0.082729 0.3709
0 0.372160 0.840217 0.064931 0.078796 0.3315
