0 0.563839 0.350813 0.121475 0.215648 0.8857
0 0.409108 0.351130 0.129868 0.222134 0.8426
0 0.284131 0.344893 0.070807 0.181887 0.7259
0 0.646091 0.563613 0.068237 0.181227 0.7216
0 0.730177 0.543652 0.066775 0.206225 0.7137
0 0.782555 0.330200 0.062296 0.179418 0.7092
0 0.557529 0.573984 0.071917 0.163004 0.6917
0 0.691289 0.321932 0.076909 0.185369 0.6668
0 0.375563 0.593347 0.071372 0.189303 0.6645
0 0.463208 0.588206 0.064900 0.198688 0.6489
0 0.201697 0.357787 0.067369 0.197747 0.5914
0 0.288164 0.547899 0.059323 0.155836 0.5356
0 0.162498 0.546919 0.052592 0.138646 0.4461
0 0.214566 0.563885 0.052643 0.168475 0.3774
0 0.124373 0.364572 0.072378 0.158190 0.2642
