0 0.616234 0.535952 0.137788 0.160160 0.9242
0 0.441403 0.569214 0.103585 0.123552 0.8700
0 0.721030 0.688668 0.120657 0.142453 0.8589
0 0.811053 0.490189 0.114019 0.138715 0.8480
0 0.552571 0.704586 0.103429 0.125324 0.8198
0 0.961249 0.450227 0.077502 0.186033 0.8004
0 0.873413 0.635682 0.101776 0.120059 0.7746
0 0.263690 0.696848 0.126450 0.092154 0.6145
0 0.961073 0.419965 0.075804 0.138564 0.6096
0 0.306818 0.594758 0.072353 0.089943 0.5500
0 0.175479 0.596654 0.108963 0.081623 0.5457
0 0.121696 0.681202 0.077389 0.064660 0.5185
0 0.413880 0.697228 0.079409 0.094503 0.4877
0 0.064847 0.591341 0.064527 0.080505 0.4561
0 0.800417 0.473570 0.095801 0.117700 0.2534
