0 0.897453 0.475851 0.130929 0.158288 0.9263
0 0.712851 0.470384 0.120500 0.168371 0.9210
0 0.528044 0.490424 0.112043 0.144088 0.8755
0 0.622318 0.646551 0.107327 0.131413 0.8462
0 0.813530 0.650953 0.120377 0.151776 0.8294
0 0.233231 0.497423 0.131243 0.103206 0.6739
0 0.380315 0.501112 0.083103 0.107104 0.5925
0 0.963782 0.627561 0.070873 0.110153 0.5434
0 0.704415 0.441266 0.111245 0.133236 0.5430
0 0.467472 0.628772 0.089774 0.086641 0.5070
0 0.335013 0.616046 0.094878 0.082904 0.4792
0 0.321791 0.621057 0.121819 0.093105 0.4274
0 0.109293 0.471203 0.059092 0.080991 0.3728
0 0.517820 0.468903 0.094086 0.109341 0.2786
0 0.735903 0.474052 0.110415 0.162055 0.2735
0 0.157126 0.580988 0.092985 0.067092 0.2673
0 0.832818 0.657462 0.111022 0.153366 0.2618
