0 0.934578 0.427182 0.125865 0.169663 0.9096
0 0.597495 0.491761 0.113316 0.161300 0.8777
0 0.755338 0.460620 0.110089 0.139432 0.8126
0 0.708669 0.627805 0.085790 0.134055 0.7416
0 0.454796 0.515525 0.084281 0.114560 0.6457
0 0.845169 0.593463 0.079976 0.095002 0.5676
0 0.284180 0.605693 0.128144 0.075096 0.5349
0 0.430129 0.627050 0.075792 0.090480 0.5288
0 0.556236 0.634837 0.072408 0.082075 0.5144
0 0.594407 0.467966 0.110267 0.135169 0.4514
0 0.214294 0.508714 0.088421 0.068558 0.4402
0 0.636436 0.323292 0.172023 0.104249 0.4203
0 0.964337 0.559090 0.058147 0.080421 0.4060
0 0.934722 0.400680 0.124459 0.137401 0.3615
0 0.745244 0.443149 0.090533 0.120956 0.3533
0 0.330838 0.520184 0.075999 0.066831 0.3301
0 0.336952 0.527314 0.080416 0.064684 0.3272
0 0.146869 0.563013 0.072117 0.059261 0.2776
