0 0.591084 0.367890 0.126009 0.228605 0.9005
0 0.411076 0.359403 0.130059 0.237881 0.8916
0 0.740033 0.359166 0.084280 0.182975 0.7342
0 0.433567 0.615470 0.068375 0.194856 0.6986
0 0.549551 0.614698 0.076105 0.198898 0.6917
0 0.658483 0.600247 0.072744 0.180146 0.6624
0 0.854791 0.329968 0.080547 0.146013 0.6596
0 0.761976 0.544426 0.059892 0.158323 0.6227
0 0.327332 0.583279 0.073501 0.188096 0.5995
0 0.258166 0.345057 0.080392 0.167684 0.5784
0 0.228553 0.536490 0.066491 0.163800 0.5160
0 0.143287 0.291852 0.072541 0.160176 0.4942
0 0.842177 0.505177 0.057277 0.140913 0.4885
0 0.933897 0.318503 0.048775 0.173970 0.4857
0 0.141909 0.493972 0.059535 0.162844 0.3531
