0 0.694345 0.490128 0.122697 0.148857 0.9116
0 0.825075 0.631075 0.101028 0.133633 0.8839
0 0.896380 0.485045 0.123807 0.123559 0.7695
0 0.965305 0.622364 0.068035 0.111872 0.5902
0 0.536546 0.516081 0.081337 0.083875 0.5639
0 0.423637 0.514210 0.069987 0.062455 0.4671
0 0.392202 0.602528 0.111005 0.072044 0.4177
0 0.533398 0.601883 0.088561 0.057722 0.4162
0 0.667924 0.628717 0.095809 0.079466 0.3602
0 0.310347 0.504327 0.102380 0.060097 0.3456
0 0.690517 0.466698 0.119919 0.125651 0.3142
0 0.265524 0.555054 0.083110 0.058848 0.2735
