0 0.117902 0.340617 0.098195 0.161546 0.8578
0 0.882243 0.394794 0.096914 0.157672 0.7222
0 0.157823 0.503224 0.073164 0.109607 0.6407
0 0.464927 0.860836 0.062064 0.070491 0.5341
0 0.194612 0.639703 0.064126 0.119029 0.5322
0 0.560117 0.868764 0.068729 0.071572 0.4873
0 0.659225 0.851242 0.069674 0.074175 0.4517
0 0.265112 0.741725 0.056873 0.097110 0.4315
0 0.834865 0.568980 0.065630 0.075095 0.3873
0 0.816783 0.668531 0.072413 0.079834 0.3852
0 0.821342 0.696104 0.079762 0.125134 0.3792
0 0.755771 0.792408 0.061340 0.095698 0.3691
0 0.365366 0.822895 0.072435 0.071453 0.3674
