0 0.624419 0.386096 0.116269 0.238246 0.9067
0 0.457911 0.383415 0.126362 0.236999 0.8826
0 0.526422 0.660900 0.075243 0.221918 0.8130
0 0.625516 0.654003 0.076320 0.217811 0.8084
0 0.426207 0.670798 0.075588 0.217051 0.7592
0 0.326683 0.674138 0.073536 0.217543 0.7145
0 0.755843 0.419070 0.065010 0.173216 0.7031
0 0.788161 0.635844 0.050948 0.186488 0.6877
0 0.709599 0.633790 0.067114 0.203732 0.6485
0 0.314543 0.418506 0.078835 0.179568 0.5896
0 0.230374 0.441929 0.061749 0.203023 0.4260
0 0.230790 0.670632 0.061648 0.138445 0.3623
0 0.863374 0.573134 0.060051 0.091872 0.3145
0 0.148459 0.463817 0.054854 0.114490 0.2704
0 0.819128 0.408561 0.047525 0.175086 0.2606
