0 0.863406 0.667929 0.103983 0.115336 0.6612
0 0.115176 0.714139 0.106982 0.096990 0.5359
0 0.733523 0.280453 0.071347 0.108725 0.5086
0 0.821161 0.546941 0.079903 0.094683 0.5022
0 0.194675 0.474458 0.084948 0.093016 0.4998
0 0.897920 0.837682 0.097333 0.092331 0.4899
0 0.228937 0.334106 0.067403 0.114332 0.4581
0 0.782201 0.423915 0.075115 0.094439 0.4417
0 0.293721 0.221812 0.059248 0.083818 0.4292
0 0.647620 0.183769 0.066282 0.095614 0.4118
0 0.864162 0.693263 0.106293 0.139832 0.4077
0 0.152015 0.587919 0.074079 0.083663 0.4067
0 0.391732 0.131343 0.094900 0.064659 0.3891
0 0.533621 0.125200 0.098894 0.057138 0.3766
0 0.097634 0.872535 0.099500 0.081034 0.3359
0 0.094901 0.858561 0.089672 0.092346 0.2765
