0 0.639874 0.285205 0.132348 0.328038 0.9487
0 0.450602 0.316968 0.144877 0.344394 0.9252
0 0.776824 0.272687 0.080045 0.214432 0.8778
0 0.293145 0.316393 0.086469 0.235320 0.8620
0 0.285987 0.636039 0.071070 0.298152 0.8389
0 0.612516 0.612694 0.081619 0.269740 0.8376
0 0.497487 0.634196 0.088881 0.260367 0.8199
0 0.719870 0.575796 0.085396 0.229545 0.8169
0 0.861652 0.275150 0.063099 0.219625 0.8083
0 0.390910 0.634324 0.092122 0.252480 0.7508
0 0.201969 0.626992 0.072421 0.220180 0.7221
0 0.193389 0.363664 0.069818 0.203743 0.6802
0 0.803753 0.534888 0.068679 0.226619 0.6033
0 0.865312 0.511187 0.059997 0.158953 0.5981
0 0.285325 0.592027 0.070041 0.222129 0.5887
0 0.436955 0.281774 0.127238 0.296452 0.5560
0 0.100782 0.354991 0.091229 0.119258 0.3802
0 0.150899 0.161077 0.147182 0.209083 0.3071
0 0.604600 0.582843 0.078617 0.214783 0.2779
0 0.870884 0.529899 0.071876 0.197200 0.2535
0 0.902461 0.031829 0.188948 0.063658 0.2508
