0 0.047297 0.078159 0.093948 0.156318 0.8578
0 0.852013 0.489894 0.086487 0.202229 0.8253
0 0.847586 0.460691 0.080764 0.153928 0.6750
0 0.969586 0.508679 0.059897 0.169954 0.6271
0 0.713386 0.472510 0.091976 0.082425 0.5158
0 0.729433 0.581874 0.076907 0.077002 0.4798
0 0.448523 0.507788 0.101040 0.083546 0.4677
0 0.592357 0.586214 0.083503 0.101680 0.4412
0 0.323194 0.495231 0.072282 0.091110 0.3681
0 0.860965 0.514155 0.089059 0.241820 0.3601
0 0.740887 0.579147 0.062663 0.075996 0.3012
0 0.237281 0.469663 0.054922 0.066706 0.2848
