0 0.447074 0.383685 0.114303 0.224031 0.8820
0 0.600177 0.386184 0.105852 0.219335 0.8575
0 0.458540 0.616267 0.069559 0.187866 0.7558
0 0.552231 0.606544 0.072553 0.177005 0.7423
0 0.322564 0.405393 0.070312 0.159965 0.7306
0 0.725517 0.418982 0.070875 0.172870 0.7251
0 0.637826 0.600398 0.057858 0.168565 0.7210
0 0.364995 0.601512 0.060584 0.179235 0.6924
0 0.284593 0.610245 0.059769 0.176391 0.6800
0 0.715183 0.609262 0.056806 0.161052 0.6387
0 0.799045 0.460697 0.058024 0.164540 0.5934
0 0.790611 0.630510 0.049613 0.123231 0.5860
0 0.240247 0.428458 0.058092 0.164160 0.5533
0 0.215995 0.612771 0.052955 0.125446 0.2982
