0 0.901057 0.676643 0.094219 0.110206 0.5849
0 0.813492 0.443269 0.077278 0.093521 0.5436
0 0.760901 0.314544 0.071594 0.100229 0.5009
0 0.095838 0.658934 0.105542 0.122833 0.4882
0 0.434279 0.144370 0.096951 0.076199 0.4720
0 0.236425 0.275761 0.073264 0.125182 0.4365
0 0.907181 0.833658 0.091891 0.076239 0.4155
0 0.570886 0.145603 0.093321 0.076094 0.4099
0 0.328923 0.203581 0.065216 0.101098 0.4088
0 0.864756 0.557721 0.075936 0.089507 0.4068
0 0.683889 0.208196 0.061368 0.085787 0.3537
0 0.131771 0.529505 0.075460 0.092093 0.3500
0 0.243248 0.291295 0.088389 0.113990 0.3466
0 0.095869 0.819636 0.115458 0.091654 0.3138
0 0.183594 0.420188 0.069616 0.096577 0.3084
