0 0.594272 0.476042 0.133467 0.238100 0.9643
0 0.393121 0.487286 0.141622 0.223839 0.9403
0 0.280380 0.722043 0.080217 0.189569 0.8834
0 0.542537 0.736256 0.087532 0.202676 0.8746
0 0.409330 0.733777 0.089782 0.201215 0.8636
0 0.670800 0.719505 0.087707 0.183378 0.8633
0 0.210512 0.466158 0.091694 0.186605 0.8576
0 0.769448 0.485296 0.089780 0.177283 0.7952
0 0.780563 0.700798 0.069656 0.141941 0.6114
0 0.382951 0.464379 0.122163 0.197167 0.5532
0 0.108470 0.462128 0.060361 0.127616 0.5478
0 0.111447 0.645020 0.095221 0.107091 0.5071
0 0.860272 0.479364 0.046537 0.122498 0.4640
0 0.921090 0.501084 0.062536 0.119102 0.4167
