0 0.586846 0.382848 0.130063 0.290431 0.9348
0 0.402533 0.382366 0.131660 0.287747 0.9240
0 0.244962 0.360381 0.092269 0.239506 0.8713
0 0.729164 0.362937 0.085514 0.262281 0.8209
0 0.676124 0.656124 0.076861 0.230874 0.8176
0 0.574553 0.683718 0.076983 0.219754 0.7790
0 0.458507 0.677252 0.073246 0.223554 0.7489
0 0.350908 0.667978 0.077952 0.215734 0.7476
0 0.759479 0.630985 0.063683 0.217498 0.6314
0 0.818136 0.358804 0.058825 0.209812 0.6263
0 0.831184 0.567899 0.058800 0.163235 0.6101
0 0.239942 0.616248 0.067950 0.173302 0.5530
0 0.142394 0.330105 0.058110 0.140978 0.4631
0 0.909773 0.077909 0.162808 0.155818 0.3771
0 0.053979 0.890657 0.107745 0.195067 0.3353
0 0.563263 0.685793 0.081491 0.238940 0.3202
0 0.051706 0.200286 0.103159 0.326722 0.3117
0 0.161275 0.568414 0.047654 0.057434 0.2631
