0 0.901145 0.375146 0.145219 0.191936 0.9455
0 0.797751 0.540449 0.122396 0.152009 0.8980
0 0.652965 0.392294 0.119964 0.140086 0.8799
0 0.443413 0.385706 0.112016 0.124824 0.7576
0 0.416120 0.512866 0.158853 0.091596 0.6989
0 0.206402 0.498339 0.131487 0.099416 0.5827
0 0.455617 0.396049 0.115037 0.103400 0.5490
0 0.303614 0.395823 0.081888 0.089534 0.5381
0 0.893729 0.351188 0.136056 0.153333 0.5224
0 0.155273 0.386091 0.132242 0.079391 0.5100
0 0.962100 0.522312 0.073770 0.091688 0.4343
0 0.650630 0.366456 0.125237 0.103901 0.3555
0 0.784467 0.515962 0.095686 0.131874 0.2948
0 0.361907 0.502764 0.065756 0.109222 0.2896
0 0.606566 0.572844 0.065000 0.038610 0.2812
