0 0.327911 0.457033 0.134860 0.183649 0.9465
0 0.103923 0.453312 0.144997 0.183340 0.9104
0 0.436993 0.620613 0.117086 0.132310 0.7737
0 0.525483 0.473948 0.110811 0.128587 0.6854
0 0.231307 0.621559 0.110511 0.117681 0.6614
0 0.730234 0.557213 0.117578 0.075588 0.5572
0 0.668585 0.467390 0.090388 0.089283 0.5458
0 0.590407 0.586108 0.078710 0.075398 0.5019
0 0.058911 0.619828 0.086587 0.113412 0.4966
0 0.431444 0.604296 0.111866 0.101814 0.4711
0 0.223152 0.607368 0.098013 0.116453 0.4594
0 0.515031 0.490491 0.112953 0.110619 0.3963
0 0.325308 0.416906 0.123759 0.130244 0.3802
0 0.780080 0.445886 0.082370 0.080646 0.3648
0 0.100814 0.425632 0.134364 0.144325 0.3147
