0 0.778813 0.331293 0.067187 0.122930 0.6297
0 0.827873 0.469058 0.094045 0.092745 0.6284
0 0.686890 0.207194 0.070419 0.109496 0.5500
0 0.863899 0.579050 0.094624 0.085749 0.5305
0 0.199317 0.338781 0.074571 0.116591 0.5268
0 0.899365 0.690823 0.094345 0.102959 0.5218
0 0.119206 0.717160 0.106674 0.100120 0.5039
0 0.895934 0.826697 0.092006 0.074615 0.4896
0 0.137296 0.838664 0.112775 0.074380 0.4848
0 0.164607 0.481023 0.098472 0.093914 0.4464
0 0.143805 0.595563 0.085983 0.076486 0.4371
0 0.388045 0.125293 0.119612 0.068931 0.4137
0 0.545253 0.125208 0.116751 0.065282 0.4046
0 0.265052 0.233301 0.088619 0.086581 0.3310
0 0.861763 0.593514 0.083472 0.092907 0.3004
0 0.261762 0.223852 0.074706 0.088242 0.2989
