0 0.360582 0.246534 0.125020 0.271842 0.9214
0 0.167464 0.224720 0.121357 0.215363 0.9151
0 0.269120 0.491269 0.108133 0.217330 0.8304
0 0.529046 0.320260 0.110148 0.186432 0.8237
0 0.032160 0.222106 0.063885 0.200892 0.8129
0 0.116327 0.477029 0.095944 0.218652 0.7742
0 0.439195 0.513314 0.106088 0.183181 0.7582
0 0.656051 0.349132 0.081219 0.150967 0.6443
0 0.765444 0.347702 0.083750 0.140455 0.6406
0 0.589933 0.512404 0.092121 0.146036 0.5797
0 0.843317 0.463966 0.076841 0.082673 0.4883
0 0.872271 0.312662 0.060504 0.117871 0.4435
0 0.707005 0.509790 0.082832 0.109413 0.4065
0 0.966297 0.121256 0.066698 0.226735 0.4060
0 0.356379 0.185768 0.111550 0.191364 0.3912
0 0.286024 0.506791 0.109883 0.214583 0.3858
0 0.108218 0.451130 0.098877 0.187385 0.3054
0 0.456417 0.515874 0.097724 0.176799 0.2877
0 0.436070 0.488996 0.093747 0.138529 0.2589
