0 0.124308 0.468790 0.157092 0.216124 0.9453
0 0.325274 0.486840 0.120873 0.137311 0.8865
0 0.499380 0.538388 0.106059 0.094437 0.7107
0 0.357417 0.624317 0.109041 0.100310 0.7026
0 0.031708 0.645005 0.063248 0.109363 0.6621
0 0.189483 0.655625 0.120061 0.109527 0.6537
0 0.134372 0.441897 0.143696 0.187848 0.5891
0 0.716097 0.492566 0.057543 0.051006 0.5566
0 0.628283 0.522460 0.074825 0.080908 0.3929
0 0.800545 0.491869 0.073567 0.083962 0.3696
0 0.651053 0.595553 0.110990 0.036151 0.3639
0 0.328130 0.467984 0.125134 0.098138 0.3361
0 0.652202 0.589108 0.116465 0.050225 0.2950
