0 0.919814 0.390324 0.137633 0.152239 0.8955
0 0.692729 0.388990 0.137115 0.167923 0.8895
0 0.460129 0.529117 0.088423 0.114495 0.8039
0 0.498864 0.391549 0.097432 0.133706 0.7563
0 0.623274 0.545381 0.099824 0.144769 0.7528
0 0.297494 0.526147 0.127505 0.106900 0.6735
0 0.214025 0.396236 0.118313 0.101037 0.6545
0 0.368903 0.407029 0.087325 0.089852 0.6005
0 0.635782 0.556155 0.107381 0.137765 0.5992
0 0.797244 0.527332 0.095494 0.127636 0.5202
0 0.932485 0.407359 0.131861 0.180370 0.4928
0 0.139922 0.482796 0.086440 0.069046 0.4224
0 0.710250 0.400215 0.137632 0.156433 0.3992
0 0.676590 0.375261 0.118161 0.152272 0.3971
0 0.512135 0.399299 0.103144 0.121520 0.3543
0 0.909739 0.367890 0.125935 0.126159 0.2656
