0 0.100758 0.298716 0.101017 0.149778 0.8329
0 0.897875 0.281926 0.098937 0.157494 0.7355
0 0.962530 0.769475 0.074485 0.244850 0.6970
0 0.134799 0.486135 0.096449 0.176338 0.6832
0 0.850203 0.467388 0.111852 0.144861 0.6411
0 0.644535 0.873788 0.062870 0.096608 0.6262
0 0.555102 0.878203 0.062814 0.089186 0.5067
0 0.182157 0.628554 0.075455 0.085725 0.4848
0 0.462269 0.864333 0.065311 0.056157 0.4696
0 0.730128 0.839050 0.052136 0.137593 0.4500
0 0.783516 0.745896 0.061697 0.115456 0.4122
0 0.823269 0.615155 0.075717 0.101228 0.4055
0 0.213966 0.748096 0.055369 0.101335 0.3745
