0 0.887895 0.427913 0.128020 0.176504 0.9143
0 0.633706 0.603140 0.115713 0.151534 0.8362
0 0.816729 0.597019 0.114635 0.156156 0.7822
0 0.882668 0.400626 0.118900 0.145380 0.6496
0 0.677731 0.438398 0.119773 0.081190 0.6349
0 0.501896 0.518343 0.135502 0.090233 0.6316
0 0.479613 0.632296 0.077587 0.094504 0.5252
0 0.833441 0.601879 0.113303 0.143947 0.4535
0 0.324087 0.623233 0.118852 0.057172 0.3297
0 0.903458 0.121607 0.175970 0.220754 0.3166
0 0.217144 0.513997 0.116982 0.066550 0.2908
0 0.369630 0.550930 0.114987 0.062583 0.2821
0 0.909949 0.432799 0.145032 0.161825 0.2714
0 0.812590 0.568291 0.112198 0.128602 0.2609
