0 0.423762 0.369440 0.159541 0.342580 0.9487
0 0.647733 0.374862 0.157620 0.286720 0.9383
0 0.242240 0.369771 0.106614 0.249095 0.8433
0 0.600511 0.677345 0.094772 0.236984 0.8277
0 0.471540 0.688122 0.090890 0.243718 0.8236
0 0.729099 0.663699 0.077116 0.215063 0.8208
0 0.818581 0.351235 0.093156 0.224367 0.7933
0 0.335089 0.677270 0.093742 0.218703 0.7900
0 0.229217 0.640470 0.067620 0.189659 0.6932
0 0.136740 0.354004 0.052449 0.119900 0.4127
0 0.229400 0.352476 0.091343 0.247265 0.3932
0 0.414819 0.328623 0.136743 0.283038 0.3895
0 0.844556 0.585084 0.071949 0.127325 0.3866
0 0.137028 0.623797 0.058213 0.127291 0.3315
0 0.898249 0.356471 0.041632 0.143180 0.2518
