0 0.650019 0.392031 0.108053 0.242637 0.9131
0 0.486213 0.411238 0.129474 0.251231 0.9085
0 0.777540 0.366908 0.070547 0.176143 0.7778
0 0.298040 0.675349 0.073579 0.205372 0.7687
0 0.404428 0.673697 0.075983 0.200064 0.7600
0 0.612055 0.675844 0.074380 0.191124 0.6890
0 0.511303 0.672433 0.072612 0.182565 0.6675
0 0.216943 0.409685 0.073292 0.179450 0.6618
0 0.336852 0.411285 0.081149 0.171067 0.6590
0 0.719544 0.663037 0.071119 0.198185 0.6346
0 0.853906 0.371827 0.060983 0.175667 0.5422
0 0.192443 0.681104 0.060497 0.174056 0.5012
0 0.117914 0.660339 0.053619 0.153085 0.4943
0 0.793000 0.644140 0.057003 0.195053 0.4873
0 0.123278 0.464780 0.062169 0.130354 0.3828
