0 0.234237 0.411270 0.131513 0.138066 0.9424
0 0.401393 0.432675 0.111607 0.161971 0.9378
0 0.920292 0.917286 0.154990 0.153825 0.8879
0 0.063150 0.425116 0.120652 0.115029 0.8857
0 0.279795 0.576199 0.139407 0.133509 0.8288
0 0.533397 0.480510 0.084277 0.117959 0.7313
0 0.715960 0.474237 0.079923 0.092091 0.7151
0 0.440712 0.604874 0.092487 0.117218 0.7125
0 0.089469 0.533131 0.110971 0.067343 0.6054
0 0.627037 0.495827 0.063073 0.096427 0.5991
0 0.434443 0.592099 0.084068 0.099905 0.5141
0 0.551148 0.599001 0.077706 0.087696 0.4861
0 0.763229 0.565456 0.055709 0.050809 0.4678
0 0.670518 0.597096 0.105387 0.089627 0.4535
0 0.681493 0.589807 0.092323 0.096781 0.2654
