0 0.801514 0.481386 0.093704 0.103489 0.5538
0 0.197922 0.593810 0.112792 0.072054 0.5107
0 0.878983 0.707675 0.099869 0.095762 0.5078
0 0.845038 0.603701 0.097653 0.074166 0.4855
0 0.151189 0.708204 0.109006 0.101856 0.4812
0 0.372005 0.247382 0.069822 0.085484 0.4517
0 0.807299 0.347959 0.061678 0.087717 0.4375
0 0.492256 0.169902 0.093420 0.080915 0.4322
0 0.065775 0.094410 0.124755 0.188820 0.4111
0 0.154505 0.845084 0.087598 0.076373 0.3358
0 0.254895 0.482400 0.114212 0.097785 0.3343
0 0.720652 0.321975 0.059056 0.080462 0.3341
0 0.215049 0.477425 0.050717 0.102599 0.2968
0 0.284261 0.336812 0.065511 0.134095 0.2813
0 0.624730 0.192372 0.074492 0.066642 0.2560
0 0.884650 0.830247 0.080546 0.105062 0.2544
