0 0.806334 0.596294 0.071316 0.073332 0.5879
0 0.167807 0.614938 0.098253 0.107228 0.5720
0 0.837409 0.705318 0.082941 0.101317 0.5441
0 0.844003 0.823001 0.075186 0.071066 0.5269
0 0.771571 0.370948 0.068315 0.086009 0.4924
0 0.793951 0.493840 0.075499 0.090948 0.4851
0 0.280993 0.249247 0.063634 0.112825 0.4757
0 0.216369 0.498058 0.081018 0.086341 0.4668
0 0.623484 0.174741 0.077712 0.111603 0.4626
0 0.717764 0.261681 0.058240 0.068712 0.4580
0 0.491225 0.147247 0.096987 0.105537 0.4444
0 0.138627 0.820919 0.076822 0.057845 0.4126
0 0.370516 0.175267 0.067984 0.094763 0.3837
0 0.238775 0.384893 0.075935 0.100848 0.3749
0 0.144893 0.739625 0.086138 0.071048 0.2841
