0 0.042507 0.434321 0.084214 0.248109 0.9191
0 0.177298 0.415450 0.101501 0.206645 0.6693
0 0.814784 0.612236 0.164196 0.392937 0.6632
0 0.316743 0.401566 0.089476 0.240546 0.6048
0 0.838898 0.581661 0.203665 0.403421 0.5982
0 0.262594 0.658557 0.070306 0.220454 0.5925
0 0.373844 0.644813 0.079312 0.191399 0.5924
0 0.418182 0.434540 0.061071 0.170456 0.5658
0 0.538094 0.431811 0.052805 0.131839 0.5514
0 0.482869 0.447795 0.037930 0.135860 0.5323
0 0.149306 0.637322 0.074737 0.178748 0.5058
0 0.517050 0.571694 0.057427 0.099007 0.5016
0 0.032971 0.674590 0.065048 0.154993 0.4999
0 0.869199 0.532827 0.222988 0.460193 0.3296
0 0.892134 0.478924 0.202507 0.440179 0.2635
