0 0.555325 0.413206 0.066060 0.169882 0.7386
0 0.412339 0.592723 0.052995 0.159024 0.7278
0 0.451395 0.402301 0.075890 0.173003 0.7104
0 0.337409 0.590334 0.053528 0.156874 0.6835
0 0.539638 0.581127 0.050437 0.139332 0.6450
0 0.355874 0.417065 0.062566 0.135540 0.5964
0 0.592878 0.582320 0.045906 0.140835 0.4748
0 0.477620 0.584353 0.050893 0.142904 0.4645
0 0.949337 0.127322 0.100508 0.254643 0.4077
0 0.738828 0.506765 0.089165 0.389867 0.3928
0 0.633936 0.423283 0.052741 0.122857 0.3484
0 0.255709 0.423366 0.063052 0.093802 0.3477
