0 0.175185 0.467053 0.108208 0.151033 0.7514
0 0.138368 0.297227 0.089810 0.136946 0.7491
0 0.866346 0.417780 0.108637 0.132932 0.7087
0 0.892324 0.250512 0.110643 0.137273 0.6580
0 0.759518 0.800759 0.058107 0.137467 0.5411
0 0.671211 0.848680 0.066287 0.098430 0.5282
0 0.489860 0.895704 0.060801 0.091981 0.4640
0 0.830155 0.554493 0.069505 0.083034 0.4297
0 0.260624 0.697079 0.067909 0.072413 0.4166
0 0.583197 0.887182 0.065877 0.094513 0.4133
0 0.223771 0.593762 0.068026 0.085073 0.4085
0 0.801334 0.673489 0.069792 0.091173 0.3525
0 0.200583 0.062508 0.062576 0.055443 0.3151
0 0.397044 0.876784 0.064788 0.093413 0.2660
