0 0.232592 0.293417 0.068600 0.142093 0.5327
0 0.786464 0.367028 0.080276 0.125921 0.4985
0 0.836693 0.611490 0.094709 0.072669 0.4889
0 0.810936 0.503109 0.100621 0.095236 0.4873
0 0.445798 0.157133 0.110461 0.108109 0.4532
0 0.599546 0.171770 0.101816 0.098100 0.4207
0 0.110812 0.688060 0.125589 0.111121 0.4122
0 0.322751 0.220128 0.068590 0.097901 0.4049
0 0.160955 0.563496 0.105917 0.075249 0.3972
0 0.196411 0.437745 0.107416 0.079035 0.3896
0 0.864106 0.727837 0.126038 0.107175 0.3437
0 0.243374 0.305027 0.093961 0.139189 0.3156
0 0.781238 0.385609 0.079628 0.087135 0.2635
