0 0.476821 0.443443 0.108043 0.250663 0.9364
0 0.624289 0.435549 0.101969 0.244137 0.9151
0 0.342014 0.737481 0.074764 0.208594 0.7974
0 0.531530 0.710955 0.066763 0.220770 0.7673
0 0.252989 0.473465 0.072246 0.211081 0.7336
0 0.619929 0.693877 0.066625 0.195368 0.7135
0 0.347437 0.459737 0.070686 0.191098 0.6973
0 0.439235 0.698093 0.066969 0.174303 0.6682
0 0.690916 0.687210 0.053512 0.196791 0.6421
0 0.725542 0.439381 0.071774 0.205285 0.6053
0 0.260154 0.726222 0.057203 0.190653 0.5905
0 0.208728 0.681571 0.051654 0.135566 0.4988
0 0.756248 0.691622 0.054834 0.202260 0.4945
0 0.184106 0.501441 0.051447 0.138128 0.4057
0 0.132544 0.660435 0.069548 0.129105 0.3060
0 0.073577 0.468020 0.041189 0.089462 0.2911
0 0.130804 0.499814 0.039494 0.116040 0.2794
