0 0.065080 0.564436 0.124508 0.167796 0.9320
0 0.193187 0.734837 0.113355 0.157606 0.9200
0 0.265287 0.527700 0.114880 0.183068 0.8755
0 0.040518 0.726504 0.079650 0.109631 0.8474
0 0.373678 0.718239 0.122153 0.131746 0.7877
0 0.259146 0.506475 0.097974 0.150523 0.7341
0 0.571305 0.570082 0.082102 0.109432 0.7170
0 0.441964 0.550632 0.111444 0.151571 0.6820
0 0.794980 0.510722 0.063127 0.079456 0.5658
0 0.682088 0.540890 0.078881 0.086786 0.5539
0 0.524650 0.687695 0.087130 0.082190 0.5461
0 0.434533 0.555605 0.115638 0.114013 0.4762
0 0.057126 0.174843 0.113343 0.193793 0.4204
0 0.669697 0.647829 0.120487 0.094911 0.4083
0 0.791867 0.601261 0.074746 0.059567 0.4012
0 0.389045 0.724081 0.122026 0.152593 0.3556
0 0.284305 0.543195 0.111460 0.192657 0.3405
0 0.077193 0.139864 0.151147 0.234486 0.3153
0 0.073062 0.102947 0.145795 0.202379 0.2736
0 0.211292 0.735495 0.115075 0.164586 0.2587
