0 0.552299 0.583367 0.078944 0.223612 0.8116
0 0.649324 0.318045 0.100409 0.182553 0.7854
0 0.683961 0.541273 0.086490 0.185118 0.7433
0 0.797955 0.543178 0.070969 0.182300 0.7360
0 0.810845 0.292180 0.121584 0.147214 0.7233
0 0.431857 0.588557 0.081515 0.202478 0.6583
0 0.343360 0.596376 0.060646 0.154914 0.6533
0 0.516392 0.368569 0.102937 0.141830 0.6342
0 0.903204 0.505407 0.079151 0.102429 0.5997
0 0.264325 0.473893 0.058722 0.096950 0.5124
0 0.403947 0.413756 0.063791 0.109459 0.4931
0 0.254797 0.615976 0.078075 0.120704 0.4702
0 0.177923 0.462546 0.074291 0.097752 0.3759
0 0.333705 0.464473 0.053620 0.080957 0.3279
0 0.803850 0.283131 0.121744 0.189941 0.2769
0 0.397254 0.418683 0.059317 0.132099 0.2765
0 0.957240 0.312788 0.082999 0.083101 0.2728
0 0.680646 0.581231 0.093346 0.252109 0.2611
