0 0.448292 0.391758 0.106125 0.223360 0.8472
0 0.518312 0.602488 0.060172 0.161077 0.8036
0 0.594069 0.382982 0.104546 0.224081 0.8028
0 0.605506 0.608243 0.066334 0.170545 0.7806
0 0.440413 0.607886 0.059686 0.160535 0.7644
0 0.253332 0.389646 0.065285 0.174697 0.7143
0 0.363102 0.605617 0.057655 0.184992 0.6831
0 0.738842 0.606708 0.053536 0.188961 0.6794
0 0.791997 0.403461 0.060433 0.164980 0.6536
0 0.707753 0.395431 0.067177 0.152570 0.6242
0 0.675737 0.603387 0.062462 0.181654 0.6218
0 0.334542 0.392141 0.068599 0.168919 0.5668
0 0.284250 0.604209 0.064234 0.160450 0.4785
0 0.805246 0.606063 0.050012 0.154579 0.3682
