0 0.180010 0.337909 0.138435 0.172481 0.9377
0 0.408046 0.337934 0.115595 0.160735 0.8161
0 0.294385 0.476385 0.100221 0.169960 0.7837
0 0.568262 0.343893 0.111150 0.117731 0.6848
0 0.084649 0.500619 0.064728 0.098744 0.5214
0 0.697302 0.333999 0.069554 0.086624 0.5102
0 0.477157 0.450197 0.091933 0.119830 0.5076
0 0.799170 0.324263 0.086957 0.070382 0.4967
0 0.607220 0.445253 0.095578 0.044969 0.4011
0 0.027881 0.364141 0.055762 0.163521 0.3642
0 0.723218 0.419401 0.095985 0.040838 0.3361
0 0.291812 0.442188 0.086388 0.151548 0.2908
0 0.407691 0.311186 0.117264 0.109273 0.2670
