0 0.316210 0.505348 0.148753 0.176079 0.9300
0 0.211816 0.330681 0.160103 0.174599 0.9230
0 0.455993 0.341118 0.140202 0.135693 0.8741
0 0.630877 0.363354 0.128212 0.087995 0.7053
0 0.830531 0.348173 0.155670 0.098873 0.6765
0 0.032027 0.300365 0.063250 0.129474 0.6594
0 0.523369 0.476162 0.140471 0.096757 0.6343
0 0.096846 0.458112 0.088272 0.120900 0.5067
0 0.900312 0.432845 0.073358 0.050520 0.4875
0 0.806403 0.469217 0.064021 0.100041 0.4723
0 0.745433 0.030840 0.195178 0.059734 0.4550
0 0.231734 0.326411 0.154200 0.155370 0.4058
0 0.705044 0.478910 0.113224 0.086770 0.3573
0 0.790355 0.472570 0.096350 0.100126 0.3380
0 0.819548 0.359260 0.139153 0.078838 0.3231
0 0.339817 0.503233 0.130852 0.174561 0.2847
