0 0.482671 0.412687 0.096881 0.249092 0.8634
0 0.597143 0.349952 0.093049 0.240778 0.8350
0 0.512351 0.649781 0.055212 0.165301 0.7978
0 0.344482 0.444820 0.089980 0.230740 0.7964
0 0.152823 0.331044 0.070517 0.160081 0.7240
0 0.812266 0.121978 0.096562 0.217483 0.6891
0 0.050755 0.106513 0.101013 0.200007 0.6834
0 0.265898 0.656521 0.059908 0.195592 0.6480
0 0.432462 0.671034 0.064023 0.175894 0.5882
0 0.589136 0.599338 0.056421 0.186227 0.5787
0 0.189828 0.617686 0.052957 0.153409 0.5225
0 0.242271 0.460000 0.061009 0.137032 0.5024
0 0.760204 0.821835 0.067191 0.222696 0.4872
0 0.612545 0.354243 0.103454 0.227540 0.4458
0 0.358087 0.459930 0.103095 0.203920 0.3554
0 0.351387 0.658128 0.054381 0.139716 0.3517
0 0.621865 0.577103 0.062569 0.158772 0.3401
0 0.146971 0.348965 0.077287 0.178763 0.3010
0 0.064002 0.098171 0.115458 0.196342 0.2953
