0 0.192479 0.297528 0.116783 0.255045 0.9101
0 0.120230 0.583340 0.103223 0.268380 0.8811
0 0.050313 0.298717 0.099599 0.232714 0.8709
0 0.257605 0.643494 0.098416 0.287551 0.8689
0 0.336144 0.359725 0.097031 0.267689 0.8473
0 0.449083 0.460768 0.068920 0.187059 0.7929
0 0.585731 0.472978 0.064315 0.164051 0.7143
0 0.516036 0.478409 0.052806 0.168457 0.6546
0 0.381628 0.646872 0.078852 0.208781 0.6496
0 0.113374 0.625814 0.112903 0.342390 0.5327
0 0.467946 0.646483 0.057206 0.134208 0.5264
0 0.544872 0.639080 0.062175 0.104396 0.5155
0 0.391151 0.661500 0.086197 0.208136 0.4250
0 0.645733 0.634881 0.062951 0.125968 0.3764
0 0.921025 0.209938 0.156330 0.405071 0.3645
0 0.022342 0.618886 0.044685 0.310088 0.2741
