0 0.697263 0.428971 0.122997 0.180531 0.9472
0 0.899990 0.388665 0.107861 0.174406 0.8546
0 0.842642 0.558821 0.098358 0.127647 0.8119
0 0.518273 0.462094 0.107158 0.122169 0.7752
0 0.249587 0.453646 0.082290 0.076028 0.6859
0 0.657756 0.586948 0.093567 0.113756 0.5862
0 0.370662 0.474804 0.093171 0.093630 0.5843
0 0.687322 0.407649 0.123413 0.164191 0.5791
0 0.325650 0.561875 0.136407 0.073075 0.4963
0 0.508456 0.576030 0.097991 0.092594 0.4739
0 0.892518 0.361665 0.094611 0.129601 0.4713
0 0.715728 0.436851 0.122514 0.177168 0.4101
0 0.109704 0.412968 0.068465 0.042973 0.3990
0 0.970814 0.551822 0.056807 0.114539 0.3825
0 0.529915 0.467525 0.111465 0.102578 0.3626
