0 0.598423 0.330409 0.102489 0.217330 0.8621
0 0.460319 0.323620 0.106902 0.220192 0.8175
0 0.583316 0.563629 0.068534 0.196595 0.8028
0 0.495865 0.564960 0.069482 0.199346 0.7819
0 0.669109 0.552225 0.062577 0.192740 0.7687
0 0.407715 0.570935 0.065128 0.209950 0.7519
0 0.342888 0.322318 0.066012 0.167940 0.7057
0 0.749283 0.539173 0.062189 0.197112 0.6108
0 0.718037 0.336129 0.062946 0.170315 0.6020
0 0.330813 0.551285 0.061456 0.180929 0.6003
0 0.795184 0.322507 0.058046 0.162677 0.5655
0 0.811813 0.492751 0.055850 0.135356 0.5466
0 0.270941 0.501086 0.055679 0.164843 0.4439
0 0.267380 0.313628 0.053056 0.153536 0.3806
0 0.883352 0.328571 0.092100 0.177330 0.2933
