0 0.594147 0.414811 0.087466 0.208731 0.8384
0 0.464146 0.429135 0.101450 0.213109 0.8318
0 0.606531 0.646623 0.066053 0.180702 0.7779
0 0.355830 0.499541 0.064694 0.135926 0.5817
0 0.522195 0.655446 0.055904 0.159710 0.5552
0 0.691990 0.409348 0.051247 0.167408 0.5528
0 0.263378 0.506691 0.058896 0.150624 0.5117
0 0.439099 0.699228 0.070558 0.115220 0.4975
0 0.669084 0.639067 0.045364 0.170335 0.3978
0 0.309416 0.666831 0.069851 0.140038 0.3563
0 0.752728 0.424528 0.058812 0.172961 0.3506
0 0.795026 0.433028 0.032154 0.152894 0.3016
0 0.457625 0.404440 0.092294 0.173638 0.2835
0 0.766680 0.665928 0.042106 0.125275 0.2567
