0 0.201963 0.340107 0.180034 0.226793 0.9406
0 0.263482 0.556325 0.159068 0.175595 0.9344
0 0.064401 0.530473 0.118098 0.164255 0.8944
0 0.034822 0.280632 0.068895 0.201700 0.8470
0 0.451429 0.509266 0.104881 0.137185 0.7899
0 0.538135 0.398113 0.164878 0.118365 0.7335
0 0.839986 0.363209 0.079879 0.082537 0.5133
0 0.642178 0.511110 0.088536 0.084785 0.4898
0 0.695883 0.415897 0.090442 0.063643 0.4560
0 0.783217 0.485557 0.071936 0.074135 0.4488
0 0.446862 0.485138 0.092749 0.102388 0.4264
0 0.575361 0.394205 0.103696 0.126454 0.4137
0 0.432826 0.298140 0.078861 0.066406 0.4066
0 0.621729 0.516466 0.123639 0.087393 0.3722
0 0.032771 0.249469 0.064661 0.152476 0.2826
