0 0.100272 0.266198 0.114153 0.147602 0.8654
0 0.138269 0.447945 0.127018 0.162072 0.7941
0 0.897277 0.361795 0.104222 0.138459 0.7838
0 0.721577 0.831907 0.065575 0.154293 0.7082
0 0.524935 0.835917 0.076580 0.142900 0.6025
0 0.408324 0.836246 0.071440 0.137406 0.5920
0 0.627241 0.865683 0.072857 0.139488 0.5849
0 0.306429 0.765713 0.067314 0.132530 0.5582
0 0.211089 0.707443 0.056857 0.102352 0.5386
0 0.861015 0.516802 0.121689 0.116405 0.4768
0 0.188523 0.595847 0.102332 0.083501 0.4104
0 0.799932 0.642228 0.100075 0.076085 0.3315
0 0.803109 0.786026 0.056594 0.146385 0.3188
