0 0.870784 0.268669 0.100611 0.138646 0.7903
0 0.085193 0.253465 0.093802 0.141503 0.7687
0 0.120560 0.414068 0.107654 0.132934 0.7481
0 0.844571 0.433129 0.108080 0.129948 0.7091
0 0.524113 0.854807 0.072134 0.130218 0.6252
0 0.628636 0.837616 0.071177 0.130403 0.6138
0 0.723747 0.805629 0.063795 0.137428 0.5961
0 0.423509 0.848769 0.071154 0.122436 0.5889
0 0.148523 0.545652 0.067961 0.095837 0.5695
0 0.326805 0.829632 0.071146 0.134582 0.5457
0 0.812970 0.564024 0.074759 0.077131 0.4621
0 0.235218 0.771159 0.056571 0.109456 0.4255
0 0.174986 0.666462 0.069883 0.130546 0.4149
0 0.789714 0.691877 0.058727 0.123494 0.3640
0 0.779584 0.676126 0.068442 0.110461 0.3339
0 0.816262 0.574407 0.086344 0.088224 0.3003
