0 0.141586 0.261520 0.112776 0.144872 0.8808
0 0.169946 0.434033 0.112790 0.152480 0.8164
0 0.890667 0.302488 0.097399 0.130339 0.7322
0 0.331329 0.787173 0.067346 0.161556 0.6863
0 0.824235 0.610747 0.068083 0.099255 0.6041
0 0.816473 0.755733 0.055596 0.136211 0.5243
0 0.210150 0.581190 0.076057 0.108898 0.5125
0 0.680785 0.850480 0.063303 0.115431 0.4963
0 0.243759 0.725126 0.062163 0.133633 0.4938
0 0.593333 0.891295 0.061513 0.089774 0.4857
0 0.847246 0.470353 0.103378 0.126048 0.4631
0 0.415571 0.846751 0.057882 0.122176 0.4547
0 0.504867 0.881398 0.062755 0.101168 0.4375
0 0.847660 0.505064 0.101972 0.076604 0.3748
0 0.035019 0.096822 0.069422 0.188498 0.3558
