0 0.159653 0.416908 0.126643 0.182457 0.7524
0 0.891605 0.241879 0.107715 0.142285 0.6326
0 0.119563 0.224809 0.108331 0.142313 0.6101
0 0.846739 0.405018 0.107289 0.144546 0.5930
0 0.550480 0.887029 0.067123 0.066534 0.5675
0 0.644342 0.858241 0.064498 0.066092 0.5138
0 0.226439 0.644876 0.069609 0.105750 0.4586
0 0.811227 0.556305 0.071539 0.114418 0.4330
0 0.707119 0.779482 0.066311 0.084766 0.4096
0 0.461156 0.879785 0.065072 0.071633 0.3950
0 0.780444 0.675805 0.063265 0.101104 0.3838
0 0.371151 0.825617 0.063223 0.058238 0.3520
0 0.280944 0.770355 0.060998 0.086588 0.3317
0 0.220281 0.657082 0.071796 0.124266 0.3307
0 0.276690 0.760657 0.060398 0.079071 0.3223
0 0.842662 0.388876 0.094148 0.119269 0.2799
