0 0.127430 0.164998 0.105974 0.151532 0.8251
0 0.897345 0.289711 0.103267 0.145061 0.7477
0 0.166584 0.352724 0.102227 0.159392 0.6879
0 0.845348 0.451685 0.109961 0.140709 0.6840
0 0.566702 0.865387 0.056779 0.092604 0.5798
0 0.201997 0.506958 0.069913 0.095901 0.5751
0 0.737230 0.819393 0.057730 0.134559 0.5095
0 0.816153 0.596622 0.075267 0.090616 0.4577
0 0.385366 0.786570 0.069315 0.088237 0.4546
0 0.242514 0.622200 0.056951 0.079683 0.4276
0 0.656562 0.821225 0.072318 0.076692 0.4011
0 0.295194 0.714055 0.048139 0.081971 0.3616
0 0.478371 0.861261 0.065012 0.074971 0.3134
