0 0.064972 0.570076 0.123903 0.155660 0.9379
0 0.240558 0.537368 0.128033 0.155900 0.9366
0 0.420422 0.528562 0.111691 0.169489 0.9285
0 0.313907 0.714462 0.129455 0.140645 0.9107
0 0.562312 0.549337 0.082195 0.121230 0.7742
0 0.748715 0.501134 0.071742 0.095564 0.7060
0 0.480061 0.696043 0.098795 0.100683 0.5245
0 0.659686 0.544384 0.064221 0.101502 0.5229
0 0.119960 0.700937 0.091171 0.080929 0.4594
0 0.592154 0.659651 0.081060 0.066625 0.4112
0 0.712861 0.629741 0.114444 0.080295 0.3853
0 0.310635 0.696350 0.122646 0.103569 0.3288
0 0.046447 0.571327 0.090954 0.167126 0.3247
0 0.721924 0.619565 0.095474 0.102213 0.3090
