0 0.803391 0.591589 0.094937 0.069932 0.5633
0 0.855673 0.680544 0.102255 0.103078 0.5544
0 0.720955 0.375509 0.070921 0.102356 0.5470
0 0.280868 0.277238 0.061382 0.105277 0.4719
0 0.395037 0.197867 0.108099 0.130474 0.4699
0 0.549391 0.201437 0.097721 0.132466 0.4666
0 0.760339 0.486992 0.099717 0.087975 0.4364
0 0.173432 0.630835 0.100429 0.073134 0.4165
0 0.123365 0.850433 0.107399 0.095975 0.3849
0 0.199286 0.517852 0.099385 0.085053 0.3717
0 0.911478 0.115674 0.169365 0.231348 0.3647
0 0.880401 0.801972 0.091421 0.092942 0.3622
0 0.662865 0.260559 0.059458 0.096766 0.3546
0 0.131024 0.737567 0.124531 0.085520 0.3480
0 0.213658 0.377213 0.058644 0.114977 0.3384
0 0.528842 0.977907 0.081979 0.044185 0.3178
0 0.125752 0.867075 0.119772 0.078729 0.2898
