0 0.433465 0.410249 0.126378 0.172908 0.9075
0 0.236205 0.384244 0.131214 0.174391 0.8986
0 0.056865 0.349552 0.112903 0.226040 0.8948
0 0.174026 0.559023 0.121000 0.128531 0.8420
0 0.333915 0.576724 0.090117 0.162267 0.7943
0 0.572810 0.446887 0.098374 0.113642 0.7838
0 0.497256 0.588872 0.090699 0.148256 0.7657
0 0.744935 0.436140 0.066738 0.091487 0.7480
0 0.031801 0.543428 0.062700 0.098582 0.6225
0 0.696365 0.537917 0.060014 0.070933 0.5249
0 0.326808 0.552968 0.083709 0.145502 0.5203
0 0.607786 0.558354 0.067141 0.073487 0.4976
0 0.052427 0.300988 0.103980 0.147118 0.4357
0 0.663738 0.446984 0.057933 0.097139 0.4146
0 0.492324 0.563054 0.082752 0.115031 0.2916
