0 0.858685 0.406866 0.127634 0.156724 0.8070
0 0.142930 0.331179 0.117373 0.165942 0.7756
0 0.685587 0.041644 0.165955 0.081356 0.7753
0 0.206717 0.641204 0.088481 0.115329 0.6824
0 0.871795 0.223256 0.103221 0.132561 0.6426
0 0.172058 0.502953 0.109652 0.095340 0.5857
0 0.813175 0.572036 0.097309 0.100685 0.5463
0 0.135446 0.147704 0.101981 0.131716 0.5444
0 0.735628 0.801251 0.053960 0.111959 0.4618
0 0.461256 0.890370 0.072118 0.082518 0.4084
0 0.480904 0.032391 0.157740 0.062613 0.4060
0 0.362858 0.847034 0.078396 0.088805 0.3834
0 0.639600 0.856567 0.078926 0.077607 0.3779
0 0.249313 0.776502 0.064041 0.101316 0.3623
0 0.553577 0.912863 0.083329 0.064632 0.3583
0 0.807598 0.560699 0.078886 0.105570 0.3014
0 0.200171 0.656215 0.093104 0.133392 0.3009
0 0.928938 0.036483 0.068187 0.071718 0.2613
