0 0.131936 0.406642 0.119550 0.177440 0.8892
0 0.093602 0.200227 0.111369 0.149786 0.8269
0 0.850340 0.406826 0.109265 0.164671 0.8038
0 0.896124 0.210233 0.107360 0.162149 0.8038
0 0.534719 0.919591 0.069880 0.056005 0.6601
0 0.807657 0.579117 0.065440 0.099641 0.4780
0 0.168973 0.577991 0.067218 0.105728 0.4584
0 0.446050 0.913172 0.065666 0.059851 0.4112
0 0.206979 0.716922 0.064158 0.100198 0.4052
0 0.763896 0.708319 0.065121 0.097250 0.3623
0 0.846834 0.384562 0.096480 0.134317 0.2984
0 0.355194 0.893944 0.062584 0.057931 0.2836
