0 0.815329 0.470296 0.117228 0.084596 0.5900
0 0.780960 0.332946 0.094926 0.128584 0.5623
0 0.158246 0.440492 0.062300 0.103595 0.5139
0 0.845279 0.585358 0.119562 0.086987 0.5058
0 0.709372 0.213837 0.069055 0.096721 0.4456
0 0.149586 0.562244 0.108494 0.078708 0.4313
0 0.217402 0.298945 0.078426 0.135517 0.4296
0 0.121187 0.682050 0.127244 0.096195 0.4217
0 0.864736 0.817802 0.119296 0.098618 0.4167
0 0.307500 0.203213 0.069333 0.125442 0.4085
0 0.423823 0.158214 0.109653 0.118187 0.4027
0 0.117837 0.808465 0.113464 0.095280 0.3848
0 0.190129 0.437476 0.115383 0.083587 0.3684
0 0.308648 0.221284 0.076428 0.104756 0.3649
0 0.580905 0.126535 0.097253 0.060882 0.3527
0 0.865790 0.703180 0.122492 0.084826 0.3492
0 0.578545 0.158804 0.091146 0.114694 0.3373
0 0.426075 0.138904 0.109930 0.085929 0.3334
0 0.586052 0.137323 0.107722 0.075602 0.2783
