0 0.874914 0.366991 0.103761 0.154389 0.8076
0 0.876144 0.181424 0.101549 0.145665 0.7913
0 0.092887 0.243800 0.094489 0.132867 0.6768
0 0.191706 0.580361 0.096103 0.105149 0.6533
0 0.144113 0.425558 0.110504 0.156046 0.6529
0 0.696524 0.846609 0.062246 0.093310 0.5580
0 0.597327 0.884758 0.069252 0.092642 0.5528
0 0.494135 0.895506 0.070499 0.070063 0.5384
0 0.849038 0.537071 0.093807 0.104258 0.5147
0 0.234141 0.733830 0.075028 0.134564 0.5125
0 0.778731 0.800452 0.061262 0.117079 0.4782
0 0.304278 0.833460 0.062567 0.118685 0.4674
0 0.394250 0.864078 0.063444 0.077666 0.4435
0 0.813618 0.669167 0.077874 0.101095 0.4332
0 0.187292 0.595560 0.093476 0.143384 0.3566
0 0.241088 0.033235 0.085048 0.065682 0.3445
0 0.821372 0.689005 0.091499 0.125425 0.2970
