0 0.788922 0.343130 0.057365 0.116658 0.5522
0 0.865661 0.712353 0.103954 0.104161 0.5469
0 0.790009 0.478686 0.092324 0.090062 0.5178
0 0.814771 0.600139 0.082226 0.083497 0.4731
0 0.684810 0.361770 0.062518 0.120242 0.4566
0 0.692052 0.209144 0.056785 0.097287 0.4490
0 0.349032 0.207305 0.069011 0.076650 0.4414
0 0.214484 0.559573 0.077996 0.075108 0.4366
0 0.264484 0.288867 0.064954 0.110165 0.4153
0 0.885782 0.841215 0.089897 0.091788 0.4076
0 0.429376 0.133111 0.106535 0.075838 0.4053
0 0.166482 0.678006 0.112055 0.105724 0.3637
0 0.233761 0.438189 0.100652 0.091323 0.3343
0 0.576642 0.133362 0.092918 0.116741 0.3181
0 0.227803 0.427285 0.082488 0.095927 0.3134
0 0.138767 0.808408 0.090730 0.089019 0.3021
0 0.254747 0.284089 0.063931 0.118267 0.2556
