0 0.823101 0.345029 0.103915 0.270476 0.9115
0 0.869391 0.724646 0.105757 0.289179 0.9014
0 0.711357 0.696217 0.089667 0.214615 0.7388
0 0.672054 0.447662 0.072442 0.207315 0.7243
0 0.966977 0.382122 0.065350 0.245548 0.6360
0 0.464688 0.474507 0.082839 0.156507 0.5847
0 0.571993 0.490752 0.066322 0.157154 0.5385
0 0.370987 0.441024 0.052540 0.114099 0.5163
0 0.369398 0.599528 0.074802 0.127701 0.4486
0 0.601161 0.675201 0.074974 0.157084 0.4404
0 0.483191 0.676943 0.108118 0.112381 0.3074
0 0.883108 0.748135 0.105690 0.312155 0.3032
