0 0.808205 0.493706 0.114846 0.109275 0.5611
0 0.785449 0.346626 0.077966 0.107785 0.5399
0 0.848016 0.611807 0.104085 0.077770 0.5380
0 0.724062 0.215838 0.067707 0.118740 0.5373
0 0.134751 0.705005 0.101665 0.112944 0.5247
0 0.200774 0.446202 0.095415 0.108875 0.5068
0 0.332437 0.196119 0.069387 0.124032 0.4924
0 0.593777 0.169771 0.119501 0.087690 0.4609
0 0.870703 0.732751 0.112438 0.116870 0.4503
0 0.455239 0.122298 0.109336 0.098906 0.4248
0 0.126778 0.849565 0.098527 0.094162 0.4152
0 0.244463 0.301211 0.068922 0.124416 0.3938
0 0.168708 0.581391 0.097877 0.095914 0.3827
0 0.870202 0.863490 0.107508 0.076493 0.3752
0 0.593954 0.155916 0.109120 0.086482 0.3549
