0 0.604976 0.788919 0.063763 0.163745 0.7059
0 0.683384 0.780102 0.062217 0.186698 0.6978
0 0.762439 0.735393 0.052903 0.145342 0.6540
0 0.178806 0.447948 0.079082 0.186942 0.6309
0 0.816875 0.401643 0.077723 0.176803 0.5802
0 0.864152 0.205351 0.081382 0.150113 0.5565
0 0.522182 0.823909 0.054080 0.156791 0.5339
0 0.364594 0.830881 0.064356 0.150694 0.5279
0 0.153459 0.248268 0.067641 0.153151 0.5143
0 0.773896 0.570460 0.067513 0.120244 0.4850
0 0.447797 0.818444 0.056995 0.156533 0.4459
0 0.225125 0.615486 0.066137 0.109683 0.4346
0 0.256781 0.766501 0.063873 0.137363 0.3968
0 0.831234 0.400027 0.091868 0.164141 0.2528
