0 0.074237 0.312032 0.081262 0.136986 0.7635
0 0.115743 0.466483 0.096990 0.135021 0.7134
0 0.863373 0.511737 0.093132 0.128373 0.6962
0 0.889765 0.364484 0.091114 0.124148 0.6636
0 0.382564 0.831113 0.069471 0.064982 0.4238
0 0.672230 0.854853 0.062686 0.055255 0.4226
0 0.214038 0.700556 0.051795 0.122800 0.4193
0 0.289574 0.774593 0.055782 0.104203 0.4162
0 0.473712 0.858655 0.062976 0.058686 0.3882
0 0.834703 0.638078 0.068325 0.078519 0.3421
0 0.162602 0.603400 0.074611 0.104525 0.3255
0 0.167862 0.589494 0.079785 0.075309 0.2644
