0 0.036195 0.471912 0.071627 0.155107 0.9062
0 0.199170 0.488199 0.135073 0.140890 0.9014
0 0.138007 0.664562 0.121572 0.167172 0.8668
0 0.307693 0.656134 0.104045 0.125883 0.7598
0 0.381194 0.530543 0.095634 0.092729 0.6356
0 0.569721 0.618091 0.122709 0.084915 0.5066
0 0.483079 0.542077 0.062889 0.045788 0.4911
0 0.437347 0.630971 0.068942 0.066795 0.4735
0 0.129333 0.636899 0.111645 0.131301 0.4362
0 0.579991 0.534375 0.079333 0.050967 0.4173
0 0.032846 0.449880 0.065692 0.117481 0.3298
0 0.090665 0.212925 0.171662 0.166576 0.3272
0 0.192753 0.465069 0.119868 0.102859 0.3150
0 0.307160 0.638724 0.094865 0.096178 0.2946
0 0.014904 0.632983 0.029808 0.102897 0.2803
