0 0.863164 0.643734 0.100601 0.112465 0.6347
0 0.167053 0.275609 0.082883 0.117774 0.5073
0 0.838543 0.513975 0.093645 0.090177 0.4961
0 0.801579 0.390836 0.100632 0.105893 0.4668
0 0.388612 0.123247 0.108817 0.061672 0.4395
0 0.128011 0.678289 0.116377 0.104784 0.4392
0 0.126294 0.545883 0.095568 0.082395 0.4386
0 0.656676 0.163584 0.060418 0.061690 0.4346
0 0.908543 0.783017 0.079633 0.113733 0.4254
0 0.262954 0.176817 0.077662 0.091317 0.4076
0 0.528493 0.126710 0.108330 0.055014 0.4049
0 0.154270 0.427171 0.110885 0.095272 0.3990
0 0.116317 0.844063 0.092265 0.094093 0.3428
0 0.742874 0.253090 0.078037 0.085223 0.3304
