0 0.744575 0.308132 0.111398 0.161845 0.8168
0 0.596322 0.334902 0.095337 0.127288 0.7934
0 0.919613 0.308594 0.103180 0.129095 0.7738
0 0.707182 0.472132 0.103868 0.125612 0.7587
0 0.873293 0.453386 0.100915 0.119115 0.7030
0 0.467389 0.359793 0.090484 0.094528 0.6592
0 0.317871 0.357439 0.126277 0.076198 0.6481
0 0.184999 0.356004 0.067277 0.074668 0.6005
0 0.568475 0.465348 0.087406 0.091694 0.5265
0 0.365839 0.452958 0.056767 0.094637 0.4811
0 0.759331 0.323248 0.111490 0.141519 0.4328
0 0.730715 0.286159 0.100563 0.132371 0.4000
0 0.915196 0.292827 0.089880 0.102659 0.3724
0 0.589098 0.323107 0.081347 0.108803 0.3431
0 0.412097 0.460931 0.146195 0.074066 0.3329
0 0.248970 0.450406 0.102546 0.067237 0.3296
0 0.450743 0.458085 0.072197 0.071922 0.2937
