0 0.821802 0.505860 0.104711 0.119337 0.6502
0 0.881468 0.754073 0.128377 0.118939 0.5911
0 0.261911 0.359080 0.072683 0.138558 0.5484
0 0.240921 0.514741 0.112177 0.115073 0.5324
0 0.156938 0.758483 0.131816 0.107248 0.5258
0 0.365246 0.268039 0.074479 0.135200 0.4687
0 0.850024 0.631322 0.110204 0.076770 0.4511
0 0.805994 0.330716 0.083068 0.112900 0.4200
0 0.488601 0.161589 0.114849 0.128474 0.4070
0 0.628326 0.205653 0.110628 0.088630 0.4003
0 0.465136 0.167848 0.079226 0.124657 0.3997
0 0.197384 0.650033 0.112203 0.093159 0.3715
0 0.690716 0.390790 0.065756 0.144152 0.3264
0 0.871495 0.740109 0.113934 0.088445 0.2898
0 0.622350 0.195843 0.096325 0.080047 0.2781
