0 0.594217 0.238489 0.103390 0.141959 0.7866
0 0.445539 0.249458 0.105585 0.113322 0.6747
0 0.811696 0.301227 0.064090 0.144338 0.6576
0 0.862447 0.553875 0.090253 0.065961 0.5188
0 0.901465 0.660882 0.105282 0.109127 0.4958
0 0.722058 0.248415 0.068604 0.130140 0.4878
0 0.315530 0.258435 0.079387 0.066915 0.4798
0 0.912934 0.785871 0.085875 0.099482 0.4325
0 0.222328 0.318435 0.057357 0.109873 0.4122
0 0.204918 0.443827 0.106289 0.083095 0.3442
0 0.110409 0.650140 0.107024 0.099958 0.3439
0 0.826106 0.441930 0.104001 0.087156 0.3376
0 0.086800 0.799247 0.085004 0.094051 0.3326
0 0.156880 0.544492 0.101269 0.081105 0.2882
0 0.145691 0.533237 0.084950 0.072453 0.2605
0 0.196249 0.434201 0.100256 0.083513 0.2529
