0 0.059314 0.558636 0.113678 0.150698 0.9096
0 0.251020 0.550594 0.114140 0.170724 0.9037
0 0.717065 0.554443 0.101023 0.086633 0.7457
0 0.370979 0.690077 0.098029 0.127155 0.7363
0 0.693562 0.657025 0.159438 0.066268 0.7298
0 0.038975 0.720014 0.077212 0.114197 0.7024
0 0.436168 0.571780 0.121749 0.102197 0.6849
0 0.212291 0.715723 0.124313 0.128696 0.6519
0 0.590437 0.559742 0.094919 0.101063 0.6213
0 0.526167 0.683149 0.097983 0.092386 0.5492
0 0.872723 0.559179 0.069220 0.083409 0.5176
0 0.871465 0.477283 0.062339 0.069220 0.4271
0 0.248341 0.519249 0.111293 0.115176 0.3944
