0 0.696108 0.354974 0.108314 0.238393 0.9088
0 0.533222 0.346302 0.125961 0.256802 0.8665
0 0.244277 0.300973 0.082675 0.241356 0.8260
0 0.779930 0.584735 0.067233 0.198861 0.7899
0 0.276521 0.580764 0.074362 0.221499 0.7536
0 0.377035 0.592372 0.077137 0.203875 0.7491
0 0.374824 0.339711 0.090585 0.218834 0.7181
0 0.586823 0.611486 0.070823 0.196687 0.7038
0 0.487200 0.620452 0.079246 0.217241 0.6867
0 0.684993 0.595342 0.063647 0.178893 0.6436
0 0.825292 0.332219 0.073005 0.193207 0.6399
0 0.519795 0.314379 0.092272 0.244998 0.3776
0 0.026475 0.127827 0.052951 0.234319 0.3192
0 0.223955 0.296566 0.118714 0.229070 0.3012
0 0.842735 0.531475 0.047673 0.152872 0.3006
0 0.188528 0.530401 0.056077 0.171011 0.2982
0 0.897551 0.347468 0.054110 0.186224 0.2971
