0 0.578888 0.400836 0.114117 0.267810 0.9209
0 0.386388 0.412579 0.132135 0.267340 0.9037
0 0.121512 0.391253 0.072934 0.238949 0.8460
0 0.547281 0.726760 0.082482 0.263257 0.8369
0 0.649752 0.703510 0.078427 0.239131 0.8317
0 0.445037 0.716521 0.085144 0.247176 0.8316
0 0.228840 0.394069 0.079262 0.216904 0.8152
0 0.328273 0.708193 0.077146 0.251810 0.8021
0 0.218276 0.691077 0.089601 0.226075 0.7420
0 0.792598 0.389847 0.062177 0.161561 0.6932
0 0.042687 0.381846 0.054325 0.172266 0.6734
0 0.707054 0.397175 0.066854 0.198682 0.6669
0 0.739925 0.681287 0.062794 0.254942 0.6390
0 0.125245 0.656368 0.072235 0.200604 0.5595
0 0.818818 0.629778 0.060645 0.168588 0.5483
0 0.749337 0.694874 0.077406 0.262193 0.3730
0 0.643972 0.678551 0.071538 0.199251 0.3662
0 0.007706 0.381375 0.015411 0.167323 0.2649
