0 0.429949 0.391950 0.117232 0.259530 0.9084
0 0.598796 0.424771 0.108771 0.230010 0.8921
0 0.729032 0.434470 0.075432 0.184194 0.7794
0 0.457462 0.684329 0.069056 0.214663 0.7672
0 0.280438 0.399907 0.084459 0.187542 0.7005
0 0.544872 0.668118 0.064151 0.200759 0.6489
0 0.715314 0.656002 0.054456 0.164963 0.6282
0 0.354437 0.691314 0.076755 0.183208 0.6098
0 0.634680 0.671907 0.068523 0.179707 0.5890
0 0.785892 0.634118 0.053196 0.140008 0.5256
0 0.264312 0.687746 0.057603 0.172753 0.4139
0 0.421336 0.359911 0.102374 0.227126 0.4097
0 0.119340 0.487708 0.117738 0.068072 0.3552
0 0.130463 0.371218 0.063144 0.105755 0.3382
0 0.924278 0.063821 0.118003 0.127642 0.2590
