0 0.547529 0.473265 0.108088 0.223702 0.8769
0 0.398716 0.491295 0.108322 0.210980 0.8108
0 0.639664 0.724170 0.081244 0.201833 0.7956
0 0.816571 0.402086 0.083923 0.197863 0.7915
0 0.526939 0.732932 0.078502 0.216002 0.7887
0 0.300977 0.710825 0.075972 0.197569 0.7853
0 0.692652 0.452142 0.087342 0.175359 0.7842
0 0.753893 0.702378 0.074510 0.220267 0.7724
0 0.242349 0.459252 0.087481 0.185614 0.7485
0 0.418315 0.727781 0.069070 0.198937 0.6485
0 0.834332 0.668544 0.048306 0.156475 0.5316
0 0.212035 0.684819 0.050489 0.148223 0.4282
