0 0.218083 0.429509 0.138350 0.200695 0.8747
0 0.112745 0.639467 0.122846 0.141835 0.8322
0 0.036280 0.440946 0.071842 0.186637 0.8149
0 0.306932 0.604270 0.102036 0.118449 0.7516
0 0.401803 0.455953 0.108661 0.119485 0.7389
0 0.559068 0.446282 0.084848 0.097096 0.5804
0 0.471482 0.562464 0.090185 0.077122 0.4601
0 0.689308 0.429455 0.100373 0.074625 0.4591
0 0.221675 0.401909 0.126002 0.186953 0.4485
0 0.621831 0.533414 0.090435 0.070701 0.4402
0 0.697299 0.420330 0.096432 0.081600 0.3453
0 0.299554 0.590599 0.093246 0.097672 0.2973
0 0.557547 0.456860 0.072955 0.080779 0.2567
