0 0.852190 0.442810 0.103567 0.162591 0.8105
0 0.099091 0.314040 0.098073 0.144825 0.8046
0 0.873888 0.250403 0.101976 0.158979 0.7682
0 0.117149 0.490425 0.098531 0.136058 0.7012
0 0.550936 0.925994 0.065982 0.055150 0.5991
0 0.457937 0.929647 0.068551 0.056179 0.5776
0 0.159516 0.633951 0.072607 0.099145 0.5175
0 0.203342 0.762393 0.067251 0.130516 0.4622
0 0.798075 0.723981 0.066630 0.103271 0.4578
0 0.805786 0.599756 0.072810 0.098675 0.4476
0 0.854813 0.422815 0.092487 0.121035 0.3271
0 0.719788 0.822801 0.070451 0.068488 0.2731
