0 0.319540 0.409067 0.146888 0.176440 0.9474
0 0.052319 0.576686 0.103291 0.178325 0.9311
0 0.220691 0.599666 0.123466 0.195522 0.9299
0 0.485200 0.441995 0.089717 0.131923 0.8333
0 0.132969 0.387586 0.128364 0.116753 0.8120
0 0.719531 0.455417 0.092629 0.093806 0.7589
0 0.381669 0.591681 0.095932 0.133706 0.7225
0 0.601104 0.453581 0.083345 0.100492 0.7039
0 0.631170 0.575353 0.079814 0.104937 0.6121
0 0.788603 0.572257 0.076232 0.100324 0.5728
0 0.516389 0.575243 0.090505 0.096937 0.5676
0 0.831837 0.423458 0.064378 0.094632 0.5552
0 0.212012 0.566586 0.112548 0.137253 0.5306
0 0.896417 0.071424 0.180713 0.142615 0.4090
0 0.238365 0.609522 0.118680 0.199593 0.4033
0 0.050017 0.544978 0.098722 0.136132 0.3838
0 0.709939 0.566002 0.044923 0.091494 0.3415
