0 0.536179 0.864535 0.064096 0.141453 0.5732
0 0.642037 0.821451 0.065608 0.148298 0.5219
0 0.793090 0.464602 0.087044 0.108885 0.4866
0 0.435496 0.866983 0.069638 0.138982 0.4734
0 0.834695 0.315042 0.107231 0.165138 0.4689
0 0.869108 0.137558 0.087788 0.150833 0.4538
0 0.192025 0.603397 0.065395 0.124223 0.4515
0 0.178652 0.462078 0.078462 0.099868 0.4432
0 0.231536 0.751040 0.061335 0.163724 0.3998
0 0.736371 0.740271 0.049242 0.143020 0.3871
0 0.140289 0.301554 0.096502 0.150685 0.3807
0 0.329672 0.841896 0.067997 0.130860 0.3707
0 0.780354 0.605022 0.062113 0.127446 0.3617
0 0.114411 0.162841 0.068811 0.145472 0.3037
