0 0.822478 0.586989 0.110653 0.316520 0.9207
0 0.756878 0.206289 0.118169 0.285566 0.8970
0 0.659340 0.559426 0.092926 0.228805 0.8243
0 0.603716 0.317246 0.080998 0.215496 0.8193
0 0.933460 0.229269 0.115355 0.228616 0.8058
0 0.962239 0.535921 0.075175 0.291328 0.7371
0 0.498602 0.374853 0.066163 0.171223 0.6851
0 0.545687 0.557082 0.070727 0.161730 0.5210
0 0.392263 0.375676 0.083911 0.166187 0.4978
0 0.819184 0.529554 0.107188 0.229698 0.4504
0 0.417401 0.563467 0.115609 0.134735 0.3806
0 0.294346 0.352058 0.053731 0.124177 0.2510
