0 0.893982 0.204439 0.095482 0.147827 0.8180
0 0.160227 0.485450 0.120675 0.185601 0.7730
0 0.091379 0.294194 0.098277 0.133401 0.6536
0 0.872737 0.395868 0.102328 0.152113 0.6461
0 0.281141 0.783092 0.063728 0.142976 0.5538
0 0.670422 0.901517 0.064058 0.048683 0.5321
0 0.859455 0.668800 0.070392 0.093467 0.4785
0 0.236311 0.648391 0.090207 0.125213 0.4713
0 0.367535 0.854411 0.058383 0.098194 0.4540
0 0.863876 0.551506 0.078947 0.087194 0.4069
0 0.478184 0.900029 0.068411 0.066349 0.3842
0 0.878986 0.414271 0.120633 0.146898 0.3568
0 0.756428 0.858218 0.064579 0.056987 0.3331
0 0.222306 0.659982 0.068155 0.135806 0.3321
0 0.577216 0.915676 0.077472 0.054963 0.3261
0 0.572268 0.909331 0.068765 0.047736 0.2984
0 0.830985 0.777536 0.060053 0.077283 0.2634
