0 0.092656 0.286698 0.102815 0.159669 0.8490
0 0.895227 0.253662 0.099993 0.128394 0.6530
0 0.866093 0.424623 0.113373 0.141349 0.5972
0 0.138107 0.446648 0.095166 0.128539 0.5719
0 0.857039 0.558623 0.073195 0.071906 0.4933
0 0.231707 0.693685 0.072793 0.096560 0.4922
0 0.382895 0.864509 0.065899 0.082529 0.4192
0 0.184594 0.588823 0.073203 0.088247 0.4008
0 0.828313 0.670305 0.077943 0.084494 0.3969
0 0.487366 0.897257 0.071174 0.089061 0.3922
0 0.602040 0.895517 0.077568 0.096220 0.3759
0 0.290509 0.815558 0.053784 0.105846 0.3652
0 0.709572 0.861683 0.072146 0.086112 0.3643
0 0.224533 0.706524 0.069552 0.118847 0.2968
