0 0.719795 0.313414 0.089880 0.223181 0.8618
0 0.826366 0.508063 0.076040 0.211023 0.8046
0 0.863171 0.290545 0.092972 0.152690 0.6931
0 0.964291 0.310426 0.068884 0.137682 0.6141
0 0.477189 0.396345 0.064154 0.115698 0.5993
0 0.916783 0.462143 0.057100 0.143765 0.5919
0 0.584016 0.357969 0.074895 0.144474 0.5913
0 0.571997 0.494897 0.106216 0.079980 0.5020
0 0.362812 0.398404 0.106056 0.114383 0.4636
0 0.695237 0.516015 0.064160 0.151847 0.4439
0 0.229137 0.361559 0.082718 0.080231 0.4218
0 0.399594 0.520861 0.096448 0.080864 0.3929
