0 0.819870 0.534868 0.090397 0.082281 0.5883
0 0.733523 0.268266 0.069267 0.116861 0.5782
0 0.782019 0.412481 0.093032 0.094410 0.5265
0 0.846020 0.663900 0.109771 0.125963 0.5192
0 0.143627 0.532680 0.084985 0.077495 0.4676
0 0.523158 0.100874 0.101893 0.067319 0.4379
0 0.180410 0.422623 0.077839 0.094588 0.4316
0 0.133817 0.676435 0.109035 0.103960 0.4235
0 0.279693 0.200295 0.068425 0.087238 0.4171
0 0.645823 0.162063 0.064486 0.121197 0.4163
0 0.121456 0.674500 0.090531 0.124521 0.4091
0 0.378628 0.115625 0.094032 0.081368 0.3982
0 0.869287 0.838389 0.105256 0.080360 0.3803
0 0.110891 0.840992 0.092873 0.092464 0.3598
0 0.208042 0.288728 0.065064 0.105486 0.2935
