0 0.642208 0.359314 0.105436 0.187475 0.8595
0 0.491392 0.366616 0.102503 0.179364 0.8150
0 0.812607 0.422496 0.125880 0.199405 0.7788
0 0.360763 0.402882 0.071057 0.197708 0.7682
0 0.558041 0.573304 0.074802 0.198144 0.6991
0 0.682629 0.554888 0.082158 0.151077 0.5788
0 0.824890 0.443467 0.131566 0.185195 0.5029
0 0.430318 0.592786 0.084393 0.177784 0.4918
0 0.190793 0.438369 0.066084 0.129664 0.4671
0 0.313696 0.594107 0.086372 0.098052 0.4159
0 0.276289 0.442009 0.062100 0.143309 0.4148
0 0.793104 0.585813 0.070262 0.094664 0.3403
0 0.981202 0.506471 0.036928 0.164246 0.3192
