0 0.814283 0.283510 0.128482 0.130574 0.8777
0 0.578133 0.457668 0.084905 0.139224 0.8362
0 0.730136 0.442917 0.111555 0.133478 0.8335
0 0.896180 0.435243 0.107463 0.134708 0.8003
0 0.961636 0.264661 0.076217 0.144386 0.7984
0 0.622207 0.317813 0.108238 0.116214 0.7948
0 0.325629 0.326944 0.074918 0.105470 0.7432
0 0.449427 0.332622 0.098866 0.112874 0.7246
0 0.205052 0.325222 0.104694 0.099418 0.6887
0 0.908489 0.445024 0.105907 0.157952 0.6570
0 0.275762 0.451293 0.096776 0.104403 0.6374
0 0.460015 0.339078 0.107595 0.090633 0.5677
0 0.434658 0.452616 0.123513 0.094529 0.5220
0 0.892129 0.416346 0.098377 0.099880 0.3841
0 0.136631 0.426898 0.067274 0.067469 0.3372
