0 0.068480 0.424932 0.130559 0.199181 0.9388
0 0.247283 0.436470 0.107475 0.140231 0.8892
0 0.394992 0.423679 0.096486 0.165399 0.8619
0 0.683916 0.448938 0.071257 0.088667 0.6851
0 0.509984 0.458179 0.070655 0.093375 0.5812
0 0.664001 0.549859 0.069505 0.080829 0.5536
0 0.596721 0.457192 0.065147 0.086358 0.5326
0 0.480627 0.572581 0.073888 0.106310 0.5292
0 0.105557 0.578001 0.077489 0.073524 0.4982
0 0.366993 0.573004 0.079758 0.098790 0.4864
0 0.582655 0.556344 0.066543 0.077989 0.4601
0 0.228842 0.554944 0.087298 0.059899 0.3678
0 0.944085 0.101324 0.111831 0.192983 0.2579
