0 0.718710 0.347304 0.099983 0.154230 0.9190
0 0.573015 0.393085 0.083169 0.110385 0.7828
0 0.838737 0.459561 0.093330 0.127810 0.7532
0 0.447845 0.426942 0.072461 0.096972 0.7444
0 0.320166 0.450436 0.109757 0.103575 0.7275
0 0.876960 0.316234 0.094454 0.112759 0.7016
0 0.666040 0.509897 0.094277 0.116558 0.6863
0 0.394876 0.548940 0.102498 0.097186 0.5738
0 0.528715 0.523912 0.079319 0.103935 0.5500
0 0.210019 0.460808 0.064681 0.074382 0.5408
0 0.235285 0.557304 0.090412 0.079821 0.4375
0 0.336589 0.558336 0.047912 0.095249 0.3753
0 0.835085 0.443733 0.077476 0.105794 0.3153
0 0.378771 0.553448 0.131385 0.096775 0.2616
