0 0.105836 0.465327 0.132304 0.159476 0.9253
0 0.294218 0.472632 0.113157 0.151404 0.8622
0 0.034398 0.626015 0.067608 0.110065 0.8087
0 0.175813 0.622393 0.110216 0.114777 0.7837
0 0.451009 0.500380 0.100758 0.104112 0.6479
0 0.311030 0.479153 0.107097 0.155238 0.4647
0 0.561671 0.501984 0.062011 0.077910 0.4514
0 0.347460 0.621326 0.108679 0.089621 0.4296
0 0.102195 0.447784 0.115987 0.143290 0.4017
0 0.664380 0.474238 0.070047 0.054445 0.3643
0 0.597590 0.556314 0.146188 0.065776 0.3606
0 0.065623 0.861148 0.127096 0.187627 0.3321
