0 0.114837 0.283865 0.124021 0.170909 0.8153
0 0.848055 0.479143 0.101322 0.166993 0.7866
0 0.157751 0.457195 0.106338 0.144945 0.7082
0 0.192484 0.599762 0.084120 0.123485 0.5850
0 0.797222 0.710561 0.063161 0.102556 0.5618
0 0.472330 0.841500 0.068314 0.112220 0.5115
0 0.575394 0.842764 0.071155 0.096218 0.4830
0 0.896297 0.298161 0.106730 0.134970 0.4789
0 0.234380 0.729806 0.058795 0.120083 0.4772
0 0.697649 0.823883 0.071431 0.073923 0.4283
0 0.338757 0.838122 0.073861 0.085276 0.4043
0 0.844202 0.455861 0.089664 0.126537 0.2911
0 0.890900 0.275193 0.092360 0.112735 0.2852
