0 0.226422 0.397134 0.123465 0.165580 0.9402
0 0.406000 0.361820 0.122121 0.179886 0.9313
0 0.259214 0.566794 0.125446 0.132867 0.8851
0 0.423330 0.547541 0.108896 0.121519 0.7816
0 0.054167 0.349525 0.107945 0.258780 0.7808
0 0.561897 0.403374 0.093923 0.128954 0.7435
0 0.095000 0.555257 0.084620 0.087186 0.5739
0 0.793984 0.380112 0.065420 0.068231 0.5406
0 0.682191 0.407136 0.091849 0.096838 0.5340
0 0.045502 0.317357 0.090174 0.196957 0.4955
0 0.569499 0.529653 0.082944 0.071228 0.4213
0 0.221359 0.370697 0.116688 0.131796 0.3773
0 0.046813 0.381608 0.093155 0.216312 0.2968
