0 0.575039 0.428155 0.122301 0.254007 0.9268
0 0.778229 0.311655 0.160140 0.325047 0.8210
0 0.963490 0.271031 0.072966 0.296175 0.7736
0 0.949998 0.662360 0.099092 0.275198 0.7410
0 0.794774 0.355993 0.167799 0.380542 0.7388
0 0.723613 0.703623 0.099961 0.200989 0.6841
0 0.409597 0.452389 0.097179 0.180994 0.6671
0 0.275138 0.458030 0.103546 0.136415 0.5083
0 0.563701 0.404295 0.122921 0.236791 0.5022
0 0.947758 0.622332 0.096031 0.215120 0.4847
0 0.365251 0.624862 0.126728 0.095408 0.3544
0 0.288640 0.451337 0.091497 0.128952 0.3062
0 0.967800 0.315477 0.064400 0.321971 0.2995
0 0.554130 0.656481 0.117682 0.151205 0.2741
0 0.399695 0.435082 0.090623 0.196672 0.2633
0 0.272611 0.435370 0.091535 0.150082 0.2528
