0 0.591917 0.571069 0.116963 0.118619 0.8503
0 0.773458 0.546855 0.129915 0.179583 0.8468
0 0.947086 0.516086 0.099345 0.142152 0.8097
0 0.699687 0.705810 0.094854 0.120313 0.7907
0 0.871402 0.701564 0.101988 0.109501 0.6804
0 0.453272 0.576634 0.092505 0.095630 0.6169
0 0.792458 0.552114 0.126808 0.166282 0.5671
0 0.564250 0.692068 0.096209 0.087282 0.5075
0 0.392660 0.682146 0.123671 0.086029 0.5002
0 0.303640 0.577365 0.106714 0.086382 0.4727
0 0.420118 0.679894 0.083849 0.082881 0.4424
0 0.761048 0.519612 0.112250 0.139054 0.3777
0 0.977129 0.669766 0.044580 0.086767 0.2968
0 0.183039 0.536055 0.066726 0.065081 0.2853
0 0.942761 0.490217 0.093275 0.094269 0.2765
0 0.224202 0.631560 0.078382 0.088931 0.2592
0 0.911264 0.108566 0.171919 0.202391 0.2536
