0 0.873378 0.544310 0.093552 0.087195 0.5787
0 0.901044 0.669758 0.107848 0.106328 0.5651
0 0.925467 0.106830 0.142725 0.213660 0.5599
0 0.201911 0.396948 0.102368 0.129021 0.5460
0 0.162513 0.526291 0.098097 0.084999 0.5197
0 0.119572 0.648642 0.104669 0.106412 0.5064
0 0.264410 0.246250 0.078513 0.114623 0.4780
0 0.116752 0.797083 0.116749 0.112880 0.4688
0 0.909168 0.799164 0.097066 0.112952 0.4639
0 0.788347 0.307897 0.076082 0.084951 0.4634
0 0.838470 0.426845 0.080852 0.109529 0.4424
0 0.940721 0.122565 0.118558 0.244281 0.3389
