0 0.859114 0.395850 0.127930 0.145645 0.8518
0 0.098751 0.222763 0.103566 0.146266 0.8468
0 0.138423 0.398989 0.123846 0.151343 0.8345
0 0.898435 0.208087 0.108236 0.141660 0.7455
0 0.546506 0.893569 0.066290 0.077717 0.6252
0 0.219544 0.672651 0.069871 0.106571 0.6157
0 0.449246 0.893401 0.066905 0.067718 0.5906
0 0.733138 0.807395 0.063555 0.113929 0.5718
0 0.643868 0.860832 0.063575 0.080146 0.4922
0 0.775038 0.674965 0.071862 0.096248 0.4659
0 0.808463 0.550422 0.072966 0.099515 0.4205
0 0.356597 0.871755 0.065793 0.075936 0.3965
0 0.260231 0.803342 0.058951 0.088280 0.3899
0 0.179645 0.554680 0.075880 0.099348 0.3527
