0 0.676281 0.391151 0.105881 0.249416 0.9141
0 0.513795 0.379280 0.120516 0.273991 0.8935
0 0.364976 0.385544 0.089079 0.224837 0.7637
0 0.308101 0.675921 0.068810 0.215651 0.7572
0 0.248156 0.379277 0.070858 0.230554 0.7533
0 0.047164 0.110261 0.093400 0.201893 0.7512
0 0.417358 0.668556 0.086474 0.213961 0.7354
0 0.805381 0.371196 0.071917 0.197743 0.6818
0 0.518210 0.643261 0.062260 0.177400 0.6365
0 0.960022 0.112835 0.078574 0.218299 0.5696
0 0.705969 0.626732 0.070394 0.164985 0.5551
0 0.791714 0.670716 0.059368 0.223833 0.4920
0 0.147192 0.603574 0.051035 0.144804 0.4329
0 0.616093 0.626167 0.060241 0.145555 0.4073
0 0.163662 0.401860 0.059081 0.136978 0.4064
0 0.216615 0.635434 0.056090 0.158527 0.3980
0 0.878042 0.377665 0.054940 0.180469 0.2670
