0 0.051111 0.321511 0.101515 0.317136 0.8796
0 0.384119 0.288552 0.095761 0.208642 0.8539
0 0.215244 0.352535 0.120602 0.210480 0.7711
0 0.665877 0.322817 0.057817 0.102708 0.6401
0 0.591812 0.347532 0.056084 0.108010 0.6003
0 0.507859 0.328213 0.080455 0.130242 0.4877
0 0.480459 0.484393 0.078415 0.152129 0.4784
0 0.177004 0.542756 0.078166 0.127412 0.4715
0 0.347516 0.481860 0.097658 0.129410 0.4628
0 0.570553 0.473170 0.056514 0.117329 0.4600
0 0.658393 0.458425 0.077275 0.110262 0.4387
0 0.042860 0.353642 0.085418 0.316867 0.4113
0 0.028890 0.597384 0.056521 0.120682 0.3304
