0 0.162445 0.415355 0.124190 0.156378 0.8377
0 0.839627 0.405604 0.119183 0.141709 0.8218
0 0.870133 0.238276 0.111421 0.136684 0.8174
0 0.127159 0.249175 0.107259 0.144692 0.7147
0 0.326755 0.778019 0.068810 0.117862 0.5636
0 0.517955 0.842517 0.059040 0.117095 0.4902
0 0.239934 0.676390 0.055950 0.125848 0.4744
0 0.800727 0.550560 0.086633 0.079787 0.4175
0 0.776489 0.674298 0.075628 0.108393 0.4115
0 0.212817 0.557669 0.095230 0.108098 0.4074
0 0.422925 0.820620 0.068578 0.118129 0.4069
0 0.768837 0.820794 0.067094 0.127617 0.3752
0 0.610859 0.826790 0.068340 0.132561 0.3673
0 0.255479 0.672445 0.085049 0.123460 0.2983
0 0.851570 0.423394 0.125853 0.157755 0.2616
