0 0.849450 0.667407 0.098380 0.118883 0.5913
0 0.817918 0.548632 0.077412 0.087569 0.5657
0 0.673540 0.179852 0.062926 0.096949 0.5431
0 0.180872 0.529045 0.071914 0.076602 0.5075
0 0.141944 0.646748 0.105900 0.116502 0.4927
0 0.257237 0.277106 0.070723 0.112843 0.4899
0 0.873482 0.834442 0.102105 0.098993 0.4795
0 0.743327 0.294844 0.066356 0.118783 0.4764
0 0.331242 0.174875 0.064555 0.087996 0.4373
0 0.786118 0.440336 0.078397 0.089100 0.4277
0 0.206868 0.414567 0.073754 0.095409 0.4152
0 0.563811 0.142324 0.078764 0.111706 0.4006
0 0.433129 0.141932 0.092576 0.103014 0.3930
0 0.130055 0.823265 0.104562 0.099925 0.3880
0 0.125451 0.802279 0.095196 0.121183 0.2756
