0 0.736964 0.417994 0.070820 0.079210 0.5215
0 0.768048 0.514993 0.074250 0.072487 0.5006
0 0.811281 0.615243 0.087607 0.104192 0.4769
0 0.389315 0.134059 0.085209 0.068388 0.4716
0 0.813388 0.739939 0.082862 0.079804 0.4379
0 0.625897 0.184049 0.064117 0.072724 0.4293
0 0.181779 0.734659 0.089876 0.086482 0.4271
0 0.513507 0.130133 0.085377 0.053828 0.3821
0 0.706368 0.302132 0.057989 0.096552 0.3817
0 0.232484 0.308817 0.066737 0.091542 0.3796
0 0.182794 0.618280 0.103352 0.086773 0.3700
0 0.187302 0.510574 0.073323 0.077978 0.3571
0 0.291349 0.201439 0.058580 0.068395 0.3030
0 0.196307 0.415695 0.061587 0.073087 0.2876
