0 0.632588 0.338750 0.126484 0.237190 0.9216
0 0.450778 0.327706 0.140720 0.267567 0.8975
0 0.300670 0.312663 0.087898 0.221049 0.8220
0 0.696596 0.591022 0.068883 0.206892 0.7955
0 0.192016 0.314703 0.075396 0.221967 0.7461
0 0.854601 0.317982 0.064592 0.197084 0.7439
0 0.602466 0.595061 0.077173 0.193018 0.7257
0 0.395262 0.596567 0.084653 0.192543 0.7137
0 0.496932 0.593865 0.069998 0.191449 0.7110
0 0.784397 0.531171 0.061441 0.166800 0.6743
0 0.765665 0.325550 0.078207 0.193390 0.6528
0 0.289717 0.548363 0.070758 0.179322 0.5884
0 0.942098 0.846753 0.109585 0.237989 0.5142
0 0.119225 0.523315 0.060616 0.165734 0.5125
0 0.877582 0.099432 0.208959 0.167108 0.4755
0 0.193343 0.586082 0.064843 0.165745 0.3981
0 0.099113 0.318372 0.085194 0.176956 0.3769
0 0.036981 0.179083 0.073920 0.307843 0.3679
0 0.286392 0.699158 0.063004 0.084967 0.3389
0 0.046516 0.493186 0.057662 0.118264 0.3197
