0 0.607731 0.386048 0.119478 0.243013 0.9070
0 0.432792 0.357593 0.115289 0.256068 0.8382
0 0.836975 0.361760 0.069014 0.220949 0.7932
0 0.750727 0.388211 0.073816 0.195922 0.7905
0 0.292427 0.368532 0.067749 0.200765 0.7472
0 0.671981 0.608322 0.067405 0.158730 0.7000
0 0.487385 0.613526 0.063791 0.172898 0.6873
0 0.581914 0.611584 0.066812 0.154794 0.6573
0 0.758206 0.609569 0.063184 0.200746 0.6562
0 0.199458 0.375314 0.076448 0.181559 0.6407
0 0.830952 0.595956 0.051506 0.187953 0.5344
0 0.382582 0.600517 0.063657 0.173329 0.5080
0 0.290140 0.587639 0.058836 0.178772 0.4995
0 0.201185 0.565593 0.060190 0.166999 0.4169
0 0.192006 0.356541 0.067210 0.193715 0.2988
