0 0.912167 0.626865 0.129131 0.186140 0.9382
0 0.708547 0.645883 0.119318 0.159684 0.9321
0 0.800930 0.423270 0.138085 0.183437 0.9118
0 0.574355 0.470243 0.140418 0.149358 0.8498
0 0.529515 0.628473 0.121436 0.113546 0.8104
0 0.394581 0.497719 0.105197 0.107746 0.7823
0 0.355627 0.624153 0.117940 0.099074 0.6136
0 0.216370 0.507503 0.131533 0.072111 0.5677
0 0.235535 0.511142 0.115262 0.065322 0.5201
0 0.797901 0.395934 0.135886 0.141933 0.4586
0 0.971326 0.323422 0.057348 0.151915 0.3737
0 0.330284 0.623445 0.146184 0.100126 0.3626
0 0.068315 0.469028 0.053966 0.049081 0.3601
0 0.908034 0.597412 0.121691 0.145019 0.3369
0 0.706849 0.620154 0.115853 0.125118 0.3030
0 0.255559 0.605220 0.065371 0.098527 0.3008
0 0.143432 0.572538 0.098136 0.043054 0.2892
