0 0.279648 0.359676 0.142310 0.192034 0.9521
0 0.073247 0.376657 0.135997 0.169448 0.9151
0 0.472751 0.362771 0.105238 0.129386 0.8648
0 0.185360 0.542011 0.128641 0.136190 0.8603
0 0.392138 0.519322 0.116060 0.135178 0.7893
0 0.550330 0.888154 0.184013 0.223692 0.7686
0 0.637042 0.352585 0.098374 0.101640 0.7310
0 0.032816 0.531406 0.064645 0.099672 0.6155
0 0.806532 0.339188 0.138577 0.082056 0.5873
0 0.565637 0.484718 0.102967 0.098850 0.5867
0 0.058195 0.875183 0.115639 0.227236 0.4908
0 0.272491 0.335821 0.141582 0.155777 0.4032
0 0.328737 0.799824 0.132857 0.145165 0.3969
0 0.745161 0.456108 0.138892 0.074006 0.3310
0 0.762327 0.443494 0.150845 0.085908 0.2982
0 0.583910 0.896120 0.144355 0.206813 0.2832
0 0.728768 0.446527 0.088121 0.081854 0.2715
0 0.066824 0.347808 0.125565 0.143434 0.2637
