0 0.470090 0.412956 0.095593 0.201178 0.8860
0 0.615968 0.419381 0.097175 0.191875 0.8385
0 0.585081 0.622402 0.058466 0.157287 0.7114
0 0.359107 0.416373 0.065655 0.139236 0.6936
0 0.511446 0.616740 0.057676 0.157137 0.6672
0 0.287839 0.391699 0.052304 0.143770 0.6430
0 0.426055 0.604753 0.069685 0.130950 0.6391
0 0.712791 0.412771 0.057674 0.153141 0.5869
0 0.657257 0.604566 0.049964 0.125041 0.4677
0 0.340106 0.583494 0.051853 0.152942 0.4645
0 0.281744 0.535684 0.056166 0.113496 0.4321
0 0.718299 0.582782 0.051991 0.151821 0.4116
0 0.222683 0.371342 0.045059 0.108672 0.3230
