0 0.601325 0.579376 0.095666 0.123268 0.8523
0 0.659981 0.415952 0.126812 0.135453 0.8078
0 0.766966 0.561458 0.113027 0.133330 0.8030
0 0.841303 0.387217 0.107885 0.123985 0.8010
0 0.917052 0.514826 0.092142 0.097209 0.6886
0 0.509378 0.469473 0.101100 0.099541 0.6211
0 0.260409 0.477281 0.113797 0.091328 0.5920
0 0.390940 0.477917 0.077737 0.083725 0.5611
0 0.322794 0.580877 0.147013 0.071838 0.4924
0 0.104796 0.433613 0.101302 0.067920 0.4753
0 0.477365 0.573123 0.073566 0.086777 0.4380
0 0.149709 0.529836 0.094904 0.077955 0.3606
0 0.969394 0.378632 0.060267 0.140095 0.3281
0 0.830253 0.370100 0.083111 0.121185 0.3037
