0 0.290796 0.142422 0.059015 0.094686 0.6290
0 0.889917 0.611398 0.105409 0.114389 0.6215
0 0.798652 0.367204 0.104342 0.115547 0.6157
0 0.410802 0.107498 0.112963 0.087570 0.5754
0 0.846208 0.493743 0.098454 0.075682 0.5400
0 0.404614 0.857246 0.069580 0.084752 0.4938
0 0.566884 0.108218 0.118509 0.083596 0.4900
0 0.772660 0.226284 0.068224 0.116992 0.4799
0 0.697069 0.146959 0.061860 0.087256 0.4527
0 0.306972 0.861041 0.060598 0.068318 0.4295
0 0.101996 0.598228 0.103644 0.122742 0.4284
0 0.622658 0.866166 0.062265 0.069361 0.4177
0 0.893402 0.741144 0.111722 0.083662 0.3943
0 0.521957 0.856249 0.071287 0.092026 0.3853
0 0.135625 0.483724 0.094833 0.085543 0.3826
0 0.168982 0.358158 0.071485 0.112838 0.3695
0 0.712506 0.884425 0.049836 0.049211 0.3463
0 0.212589 0.223531 0.062470 0.100335 0.3098
