0 0.770227 0.449870 0.083531 0.102533 0.4969
0 0.870483 0.656438 0.088520 0.091321 0.4707
0 0.190792 0.345546 0.059972 0.104945 0.4668
0 0.498038 0.155558 0.095324 0.062662 0.4663
0 0.134471 0.592573 0.086118 0.070712 0.4564
0 0.721216 0.318178 0.061638 0.092479 0.4420
0 0.100425 0.682209 0.104145 0.097917 0.4194
0 0.161740 0.483610 0.099304 0.100015 0.4149
0 0.634025 0.213427 0.068218 0.083600 0.4129
0 0.888876 0.773257 0.094407 0.082075 0.4013
0 0.370351 0.145465 0.101035 0.086562 0.3657
0 0.813898 0.565801 0.078505 0.067695 0.3575
0 0.113426 0.803113 0.098236 0.069268 0.3543
0 0.259173 0.222553 0.070406 0.080257 0.3412
