0 0.849986 0.710680 0.098823 0.122412 0.6507
0 0.755346 0.278894 0.064353 0.114037 0.5792
0 0.183759 0.407076 0.104791 0.107264 0.5410
0 0.824081 0.567880 0.084380 0.088077 0.5379
0 0.848002 0.865055 0.094947 0.098747 0.5293
0 0.292075 0.180102 0.052958 0.089708 0.4913
0 0.141708 0.546843 0.099485 0.093884 0.4827
0 0.140790 0.839532 0.122723 0.077632 0.4444
0 0.667805 0.179714 0.056521 0.079682 0.4423
0 0.789444 0.428218 0.085641 0.110937 0.4313
0 0.398774 0.143157 0.106968 0.107629 0.4293
0 0.547182 0.145045 0.100019 0.113523 0.4102
0 0.120856 0.683104 0.112749 0.114099 0.3973
0 0.209100 0.220177 0.047215 0.095027 0.2768
