0 0.740482 0.799273 0.060274 0.148657 0.6857
0 0.179171 0.590568 0.101212 0.122735 0.6714
0 0.107214 0.331786 0.063951 0.126161 0.5842
0 0.146100 0.474293 0.089357 0.109329 0.5841
0 0.452064 0.074448 0.135563 0.115796 0.5752
0 0.473785 0.895140 0.066569 0.078636 0.5166
0 0.564624 0.879430 0.060208 0.075347 0.5095
0 0.654807 0.842118 0.062674 0.103707 0.4820
0 0.852434 0.508049 0.098770 0.119965 0.4758
0 0.289980 0.864303 0.063399 0.140280 0.4645
0 0.608383 0.039188 0.071704 0.077420 0.4364
0 0.734772 0.038648 0.070530 0.076370 0.4332
0 0.839499 0.632696 0.079158 0.064381 0.4170
0 0.903382 0.391345 0.099649 0.107873 0.4072
0 0.382802 0.888256 0.064829 0.100860 0.4053
0 0.831881 0.762201 0.060110 0.121449 0.4035
0 0.194562 0.712964 0.089032 0.073834 0.3809
0 0.120868 0.075677 0.085558 0.090679 0.3558
0 0.271528 0.102510 0.129428 0.084656 0.3373
