0 0.125047 0.467333 0.112920 0.149359 0.8458
0 0.841944 0.419718 0.109504 0.166022 0.7905
0 0.092377 0.274768 0.090595 0.162270 0.7530
0 0.150275 0.631711 0.070812 0.093220 0.5231
0 0.870856 0.234291 0.103171 0.125364 0.5078
0 0.791234 0.578842 0.077367 0.096965 0.4451
0 0.753837 0.710350 0.064735 0.108097 0.4178
0 0.200000 0.726415 0.063745 0.071763 0.3753
0 0.086981 0.255507 0.080131 0.129002 0.3703
0 0.498755 0.933727 0.065571 0.051261 0.3531
0 0.680767 0.822509 0.063546 0.071629 0.3222
0 0.269217 0.827713 0.061357 0.064377 0.2776
0 0.600627 0.899746 0.070789 0.075199 0.2684
