0 0.328449 0.296219 0.121442 0.153804 0.8758
0 0.227000 0.436484 0.108829 0.162203 0.8727
0 0.145168 0.270277 0.091137 0.118396 0.8124
0 0.032464 0.289300 0.064177 0.167218 0.7624
0 0.466581 0.339154 0.096222 0.114141 0.7158
0 0.395833 0.460891 0.094971 0.119996 0.6839
0 0.577206 0.371599 0.087781 0.106123 0.6171
0 0.702130 0.360470 0.074038 0.093973 0.5560
0 0.219704 0.414250 0.094596 0.127476 0.5253
0 0.539313 0.521952 0.082909 0.064353 0.3962
0 0.652179 0.474122 0.097382 0.054982 0.3670
0 0.084885 0.399711 0.079914 0.097903 0.3414
