0 0.856433 0.424946 0.118667 0.147890 0.8019
0 0.896797 0.264298 0.101282 0.123256 0.7524
0 0.127858 0.355474 0.131117 0.138512 0.7433
0 0.076594 0.195425 0.105545 0.134627 0.7145
0 0.763586 0.823485 0.056022 0.149816 0.6741
0 0.256274 0.781152 0.065933 0.142704 0.6578
0 0.166329 0.507316 0.081691 0.113310 0.5982
0 0.670151 0.877521 0.064375 0.123319 0.5864
0 0.473142 0.886366 0.073254 0.116758 0.4935
0 0.569466 0.892380 0.064449 0.129933 0.4658
0 0.828320 0.568376 0.072440 0.090872 0.4224
0 0.360626 0.845666 0.072310 0.114362 0.4083
0 0.197853 0.654711 0.067078 0.115908 0.3806
0 0.638549 0.684169 0.123408 0.178380 0.3331
0 0.801481 0.681901 0.067956 0.083192 0.3102
0 0.843337 0.411092 0.109323 0.138946 0.2822
