0 0.594433 0.349504 0.129189 0.249218 0.9459
0 0.413064 0.334410 0.135600 0.249642 0.9167
0 0.480122 0.646259 0.082218 0.283321 0.8657
0 0.206860 0.235064 0.102250 0.260614 0.8538
0 0.694208 0.658263 0.089046 0.234281 0.8454
0 0.726968 0.362993 0.077022 0.196626 0.7998
0 0.589653 0.653154 0.080279 0.247936 0.7925
0 0.384623 0.623400 0.069203 0.216313 0.7910
0 0.819014 0.314724 0.064106 0.204763 0.7127
0 0.298998 0.694727 0.077995 0.189373 0.5731
0 0.193293 0.643995 0.083057 0.197253 0.4744
0 0.688494 0.623100 0.077159 0.176823 0.4578
0 0.073771 0.521638 0.070660 0.156531 0.2648
0 0.906915 0.034791 0.155760 0.069583 0.2547
