0 0.853384 0.407139 0.108192 0.147867 0.8091
0 0.093248 0.222666 0.105406 0.156818 0.8084
0 0.887586 0.233524 0.090029 0.135565 0.7645
0 0.137030 0.399792 0.105306 0.139048 0.7427
0 0.225339 0.679231 0.072554 0.107598 0.5445
0 0.482872 0.925741 0.067969 0.062141 0.5352
0 0.822043 0.693215 0.078470 0.115188 0.4141
0 0.174616 0.563492 0.072718 0.106444 0.3887
0 0.596467 0.926436 0.071947 0.061845 0.3835
0 0.849063 0.569522 0.075900 0.089698 0.3809
0 0.377955 0.886816 0.069776 0.073266 0.3144
0 0.064018 0.913503 0.124861 0.165508 0.2612
