0 0.531143 0.357700 0.118524 0.258693 0.9045
0 0.677674 0.386757 0.108835 0.238858 0.8820
0 0.650369 0.666949 0.076171 0.220503 0.8214
0 0.549000 0.664358 0.079166 0.227420 0.8149
0 0.332071 0.665603 0.070546 0.202665 0.7592
0 0.283030 0.430195 0.074216 0.208618 0.7291
0 0.443222 0.654928 0.086662 0.192696 0.7223
0 0.735427 0.671091 0.068570 0.193410 0.7076
0 0.383663 0.361245 0.086567 0.184847 0.6807
0 0.815450 0.670025 0.056043 0.197778 0.6568
0 0.793945 0.407797 0.061728 0.166952 0.6130
0 0.203050 0.466437 0.060251 0.161359 0.5240
0 0.234049 0.652730 0.071399 0.151786 0.4562
0 0.857944 0.461116 0.049713 0.192282 0.3873
0 0.088757 0.492811 0.051421 0.113292 0.3652
0 0.168241 0.619203 0.049103 0.079844 0.3309
0 0.129346 0.496457 0.057052 0.118562 0.3110
