0 0.348800 0.382969 0.133800 0.177029 0.9314
0 0.158463 0.391734 0.134776 0.165570 0.9132
0 0.519301 0.411867 0.108984 0.129529 0.8577
0 0.442721 0.560940 0.110535 0.138147 0.7506
0 0.273315 0.540973 0.098910 0.130679 0.7183
0 0.649546 0.430250 0.083615 0.093126 0.6885
0 0.915596 0.383256 0.059605 0.075975 0.6353
0 0.710669 0.539874 0.084886 0.100905 0.6271
0 0.934856 0.076165 0.123562 0.152102 0.6029
0 0.788136 0.418369 0.126872 0.095288 0.5781
0 0.584143 0.548355 0.091912 0.104147 0.5774
0 0.798980 0.406589 0.125127 0.100785 0.5215
0 0.122581 0.543550 0.098874 0.109930 0.5210
0 0.894147 0.076000 0.201130 0.152001 0.4657
0 0.459870 0.564159 0.105766 0.140633 0.4437
0 0.894073 0.486458 0.090146 0.068406 0.4264
0 0.761253 0.426450 0.091015 0.087092 0.3866
0 0.793198 0.534929 0.056321 0.112892 0.3417
0 0.872749 0.043742 0.225079 0.085601 0.3042
0 0.179441 0.379679 0.119069 0.154350 0.2573
