0 0.193890 0.866272 0.077382 0.071712 0.6351
0 0.549567 0.102107 0.097657 0.142389 0.6085
0 0.794936 0.541236 0.081597 0.085836 0.5662
0 0.410429 0.101486 0.102447 0.111399 0.5166
0 0.404094 0.122328 0.095124 0.152629 0.5094
0 0.765766 0.402380 0.077077 0.121141 0.5040
0 0.184202 0.730350 0.087683 0.115871 0.4974
0 0.794890 0.784763 0.075602 0.079498 0.4916
0 0.301892 0.191873 0.069725 0.118634 0.4310
0 0.186923 0.596281 0.078190 0.091457 0.4086
0 0.798689 0.662658 0.095663 0.101908 0.4051
0 0.041309 0.176723 0.082618 0.325443 0.3816
0 0.660787 0.150894 0.070559 0.114044 0.3807
0 0.733645 0.276978 0.072174 0.093536 0.3781
0 0.210270 0.469381 0.098973 0.100510 0.3647
0 0.202441 0.872597 0.079164 0.070705 0.3372
0 0.233679 0.307981 0.066847 0.114216 0.3281
