0 0.165379 0.559812 0.079284 0.075334 0.5309
0 0.797275 0.417241 0.079446 0.099245 0.5203
0 0.666899 0.223069 0.068037 0.055004 0.5072
0 0.876785 0.601934 0.104257 0.144744 0.4947
0 0.753952 0.298981 0.063372 0.112899 0.4892
0 0.842617 0.527603 0.077271 0.076669 0.4617
0 0.151643 0.810266 0.095502 0.094648 0.4406
0 0.189410 0.442621 0.086490 0.093651 0.4103
0 0.232206 0.317372 0.065692 0.101916 0.3895
0 0.298463 0.225492 0.067949 0.063538 0.3740
0 0.417316 0.161115 0.094299 0.058166 0.3496
0 0.893798 0.765268 0.104147 0.114528 0.3273
0 0.547278 0.160885 0.091782 0.048148 0.3126
0 0.865874 0.579221 0.100870 0.162765 0.3094
0 0.148086 0.677496 0.106142 0.101086 0.3019
0 0.561782 0.220795 0.061806 0.040697 0.2565
