0 0.211930 0.469155 0.116476 0.163721 0.9029
0 0.389571 0.662347 0.115762 0.152171 0.8786
0 0.405994 0.448812 0.107332 0.166086 0.8634
0 0.035109 0.485465 0.069277 0.143873 0.8151
0 0.224339 0.679476 0.108659 0.152273 0.7939
0 0.068437 0.688120 0.107293 0.132111 0.7860
0 0.756755 0.469879 0.067406 0.106370 0.7417
0 0.543834 0.630777 0.097127 0.110059 0.6320
0 0.553791 0.485438 0.107924 0.108493 0.6173
0 0.650962 0.604733 0.070984 0.075186 0.5659
0 0.668884 0.488927 0.062568 0.092400 0.4957
0 0.378084 0.637931 0.105812 0.126228 0.4187
0 0.206493 0.443737 0.098246 0.137125 0.3812
0 0.756891 0.590456 0.086356 0.072555 0.3673
0 0.832969 0.467795 0.045576 0.081454 0.3626
0 0.404524 0.424224 0.096477 0.131571 0.3103
0 0.537277 0.612532 0.081697 0.086993 0.2772
