0 0.165824 0.582387 0.115229 0.158526 0.8859
0 0.344599 0.599649 0.111064 0.124173 0.8246
0 0.110529 0.743194 0.125481 0.134222 0.7744
0 0.624024 0.532128 0.099903 0.128899 0.7418
0 0.488043 0.588778 0.084541 0.118854 0.7156
0 0.314070 0.742126 0.099026 0.111507 0.7023
0 0.734916 0.467675 0.062921 0.122557 0.5660
0 0.610389 0.537149 0.078977 0.136854 0.5617
0 0.773582 0.596267 0.119167 0.093831 0.5526
0 0.595771 0.676024 0.162234 0.083010 0.4159
0 0.088737 0.737389 0.137453 0.131794 0.3937
0 0.446849 0.712425 0.091792 0.073431 0.3850
0 0.760674 0.455240 0.110794 0.128736 0.3129
0 0.016908 0.596216 0.033816 0.132239 0.2500
