0 0.178128 0.465108 0.111726 0.250721 0.9209
0 0.034718 0.445877 0.069435 0.279747 0.9017
0 0.059918 0.171959 0.115450 0.187519 0.8979
0 0.255033 0.190572 0.120013 0.216880 0.8943
0 0.354665 0.478529 0.104953 0.197770 0.8087
0 0.670237 0.286885 0.094010 0.136972 0.7688
0 0.493944 0.460089 0.088019 0.158970 0.7385
0 0.415372 0.269285 0.120771 0.152237 0.7056
0 0.622015 0.461682 0.088162 0.150561 0.6269
0 0.548948 0.293548 0.087952 0.121127 0.5973
0 0.793963 0.263171 0.062698 0.123127 0.5447
0 0.785910 0.406706 0.080839 0.114904 0.5169
0 0.654349 0.461531 0.124211 0.149138 0.4349
0 0.172940 0.413390 0.107911 0.184628 0.2981
0 0.349636 0.447117 0.099366 0.138716 0.2957
0 0.032365 0.395387 0.064730 0.185981 0.2874
