0 0.366898 0.338839 0.141297 0.333382 0.9530
0 0.578650 0.337970 0.143138 0.335525 0.9362
0 0.423732 0.668015 0.087613 0.245350 0.8706
0 0.552352 0.667970 0.083736 0.242147 0.8363
0 0.723562 0.374870 0.078298 0.193722 0.7103
0 0.657075 0.622366 0.069216 0.181770 0.6444
0 0.312248 0.630479 0.067729 0.183514 0.6238
0 0.807338 0.307699 0.060916 0.143050 0.5710
0 0.757800 0.661561 0.066464 0.136911 0.4605
0 0.352724 0.280465 0.118604 0.259314 0.4026
0 0.212137 0.595725 0.058829 0.180199 0.3702
0 0.185944 0.306273 0.049941 0.102232 0.3146
0 0.189811 0.593517 0.101302 0.182003 0.2742
