0 0.950185 0.464782 0.099099 0.328517 0.9280
0 0.777398 0.472086 0.107044 0.237603 0.8800
0 0.620246 0.485907 0.099964 0.243877 0.8779
0 0.867908 0.729147 0.090039 0.180314 0.7412
0 0.722064 0.729883 0.093653 0.190544 0.7025
0 0.367154 0.520168 0.060584 0.138454 0.5779
0 0.478031 0.542531 0.081122 0.160447 0.5219
0 0.560439 0.721785 0.074130 0.164628 0.5152
0 0.946936 0.399832 0.093649 0.228736 0.4918
0 0.255075 0.507697 0.116579 0.100341 0.4892
0 0.439095 0.688894 0.059187 0.109677 0.3980
0 0.309546 0.641181 0.075681 0.103057 0.3843
0 0.973899 0.738449 0.050758 0.169320 0.3003
0 0.484703 0.561670 0.095236 0.120715 0.2788
