0 0.445291 0.368971 0.108703 0.223447 0.9041
0 0.584769 0.371589 0.093852 0.212110 0.8892
0 0.613590 0.594435 0.055741 0.183368 0.8202
0 0.455119 0.604121 0.068721 0.198002 0.8075
0 0.256328 0.583083 0.066536 0.196869 0.7527
0 0.352477 0.597418 0.073527 0.197797 0.7336
0 0.309997 0.366110 0.072349 0.184678 0.7282
0 0.537631 0.599888 0.056937 0.189379 0.6965
0 0.202157 0.389656 0.071950 0.169406 0.6905
0 0.688418 0.384438 0.059103 0.169772 0.6111
0 0.677287 0.573637 0.056076 0.181559 0.6064
0 0.926887 0.237248 0.143750 0.407180 0.4793
0 0.103225 0.395847 0.077430 0.131698 0.4651
0 0.071540 0.911261 0.110232 0.150226 0.4222
0 0.163563 0.074308 0.149810 0.148616 0.4072
0 0.752044 0.400916 0.054706 0.182880 0.4068
0 0.167342 0.560601 0.053272 0.125342 0.3500
