0 0.274659 0.532051 0.135964 0.186979 0.9486
0 0.069602 0.522651 0.127379 0.163829 0.9173
0 0.167006 0.707110 0.118821 0.152171 0.7440
0 0.661015 0.556474 0.069370 0.078894 0.7426
0 0.335216 0.699990 0.125969 0.107837 0.7107
0 0.445220 0.578934 0.086263 0.106285 0.6382
0 0.564283 0.580919 0.082671 0.086117 0.5455
0 0.032295 0.676157 0.063699 0.096612 0.4508
0 0.266265 0.492886 0.120096 0.133511 0.4441
0 0.186373 0.712939 0.107955 0.154862 0.4286
0 0.615028 0.660108 0.118784 0.057944 0.4061
0 0.482070 0.683783 0.090996 0.067974 0.3843
0 0.674008 0.554028 0.093756 0.077158 0.2591
