0 0.864835 0.384691 0.097638 0.165966 0.8593
0 0.875228 0.183140 0.103218 0.166097 0.8375
0 0.102502 0.284741 0.100204 0.152627 0.7984
0 0.120620 0.464836 0.104072 0.139553 0.7954
0 0.460602 0.929587 0.067660 0.055140 0.5863
0 0.558655 0.924619 0.068050 0.051321 0.5350
0 0.163751 0.623690 0.079423 0.109979 0.4713
0 0.807311 0.686406 0.067831 0.112765 0.4615
0 0.206579 0.760849 0.066917 0.135495 0.4392
0 0.811231 0.550260 0.071654 0.103744 0.4014
0 0.734087 0.810925 0.057431 0.110787 0.3599
0 0.651832 0.872786 0.067819 0.083478 0.3253
0 0.201681 0.741505 0.065191 0.113246 0.2689
