0 0.174636 0.361138 0.100076 0.134488 0.9066
0 0.335334 0.389322 0.116909 0.144661 0.8878
0 0.032826 0.331704 0.064901 0.163038 0.8407
0 0.470616 0.402921 0.091564 0.116452 0.8087
0 0.224067 0.521302 0.083885 0.141349 0.7993
0 0.761625 0.381201 0.057350 0.094812 0.6873
0 0.659582 0.407763 0.087872 0.087625 0.6740
0 0.348987 0.539486 0.097208 0.113701 0.6548
0 0.736915 0.499076 0.084119 0.101284 0.6482
0 0.475686 0.523009 0.073403 0.096631 0.5950
0 0.564023 0.415129 0.063966 0.101361 0.5941
0 0.610044 0.518253 0.103419 0.096429 0.5724
0 0.095666 0.481154 0.068400 0.088876 0.4796
