0 0.642702 0.444306 0.120486 0.221826 0.9075
0 0.464628 0.425141 0.129799 0.227225 0.8644
0 0.552051 0.669417 0.073418 0.186941 0.8145
0 0.870811 0.412549 0.067205 0.195540 0.7723
0 0.445270 0.676610 0.084134 0.198063 0.7666
0 0.329582 0.646978 0.079584 0.202571 0.7458
0 0.221974 0.644452 0.069895 0.217784 0.7003
0 0.313011 0.397499 0.080304 0.201016 0.6951
0 0.782500 0.425456 0.068292 0.178575 0.6655
0 0.200376 0.379732 0.077592 0.185412 0.6646
0 0.648269 0.663231 0.067420 0.148665 0.6165
0 0.740289 0.650314 0.059297 0.166149 0.5785
0 0.115820 0.396934 0.086584 0.149509 0.3614
0 0.092419 0.918447 0.120436 0.132818 0.3485
0 0.141229 0.658102 0.054042 0.148421 0.3362
