0 0.471707 0.469392 0.112764 0.227829 0.8750
0 0.135727 0.122482 0.160172 0.226017 0.7926
0 0.755298 0.444534 0.069248 0.203263 0.7714
0 0.344808 0.455511 0.071918 0.197038 0.7659
0 0.630791 0.457490 0.112185 0.190761 0.7495
0 0.549195 0.698793 0.069704 0.182616 0.7350
0 0.649712 0.690491 0.072189 0.182248 0.7139
0 0.460156 0.695165 0.067663 0.171884 0.7042
0 0.807135 0.640314 0.043757 0.182780 0.6917
0 0.835400 0.409974 0.057194 0.165072 0.6848
0 0.367323 0.675150 0.059092 0.182679 0.6745
0 0.257088 0.456715 0.065804 0.143535 0.6452
0 0.739623 0.677992 0.058265 0.184076 0.6208
0 0.861149 0.628666 0.053192 0.169929 0.4336
0 0.289434 0.667789 0.056138 0.176600 0.3959
0 0.899588 0.058532 0.144173 0.117064 0.3035
0 0.160638 0.935675 0.086998 0.102082 0.2505
