0 0.850093 0.598767 0.105196 0.087268 0.5610
0 0.821748 0.470741 0.108498 0.081827 0.4924
0 0.595659 0.137458 0.138286 0.065687 0.4708
0 0.166812 0.577148 0.118416 0.087159 0.4406
0 0.419803 0.132211 0.148704 0.063958 0.4377
0 0.194128 0.449325 0.111412 0.099107 0.4299
0 0.132835 0.712811 0.137168 0.099733 0.4091
0 0.885700 0.738634 0.108843 0.150996 0.3852
0 0.701146 0.243829 0.071611 0.090382 0.3751
0 0.210111 0.302778 0.062697 0.123952 0.3738
0 0.889526 0.704292 0.111507 0.088997 0.3728
0 0.807272 0.363547 0.056326 0.087985 0.3085
0 0.318078 0.215599 0.071770 0.084537 0.2513
