0 0.156928 0.445344 0.095450 0.130152 0.8775
0 0.301935 0.504927 0.107889 0.140100 0.8747
0 0.428327 0.554805 0.085203 0.118103 0.7620
0 0.177548 0.591556 0.081253 0.112939 0.6634
0 0.290685 0.654476 0.084548 0.108383 0.6362
0 0.667778 0.721813 0.080130 0.105244 0.6258
0 0.613963 0.599651 0.085466 0.092623 0.6154
0 0.512711 0.587238 0.067831 0.095834 0.5901
0 0.029072 0.394578 0.057804 0.194355 0.5632
0 0.529426 0.700335 0.105422 0.097934 0.4928
0 0.711145 0.604386 0.059463 0.098702 0.4649
0 0.920070 0.117403 0.155503 0.221293 0.4498
0 0.410937 0.675774 0.068823 0.089033 0.3924
0 0.060166 0.535854 0.076924 0.067022 0.3855
