0 0.859234 0.374478 0.118144 0.220611 0.9221
0 0.700745 0.374743 0.125448 0.220424 0.8911
0 0.417317 0.381403 0.103911 0.224089 0.8683
0 0.548262 0.375759 0.088490 0.221688 0.8246
0 0.577603 0.599369 0.080277 0.194902 0.7881
0 0.351798 0.632517 0.077716 0.207886 0.7313
0 0.470657 0.600771 0.084894 0.193172 0.7268
0 0.312302 0.424168 0.061955 0.161984 0.6235
0 0.263086 0.614632 0.068305 0.162197 0.6150
0 0.970344 0.361991 0.057891 0.202232 0.5810
0 0.688732 0.597800 0.063668 0.164345 0.5660
0 0.872141 0.566234 0.068326 0.107090 0.5325
0 0.778384 0.579178 0.067111 0.140249 0.5211
0 0.168956 0.426292 0.072166 0.116672 0.4692
0 0.181635 0.584117 0.071815 0.131806 0.4591
0 0.251202 0.441806 0.056547 0.129705 0.4519
0 0.961783 0.551179 0.072446 0.103446 0.4316
0 0.116430 0.520204 0.045725 0.080238 0.2661
