0 0.110148 0.239708 0.089947 0.148497 0.8147
0 0.830493 0.388730 0.094835 0.150665 0.6492
0 0.860441 0.208380 0.070883 0.139264 0.6285
0 0.140091 0.421910 0.110530 0.159440 0.5764
0 0.479136 0.866524 0.064619 0.106378 0.5051
0 0.386938 0.848772 0.055157 0.110931 0.4857
0 0.171712 0.582843 0.066105 0.109425 0.4689
0 0.808549 0.533354 0.061652 0.072566 0.4673
0 0.778068 0.630220 0.064578 0.083956 0.4217
0 0.290268 0.805870 0.053918 0.131936 0.3931
0 0.216911 0.700408 0.058804 0.131135 0.3829
0 0.590733 0.857714 0.060563 0.114958 0.3665
0 0.687327 0.821298 0.057930 0.118637 0.3593
