0 0.519077 0.458043 0.107166 0.225767 0.8695
0 0.351934 0.444959 0.108406 0.243810 0.8608
0 0.403194 0.711108 0.072579 0.218910 0.8354
0 0.756321 0.394128 0.077214 0.233450 0.7568
0 0.648968 0.450601 0.078396 0.210233 0.7424
0 0.504311 0.700289 0.069176 0.186958 0.7388
0 0.697531 0.677627 0.073106 0.211043 0.6824
0 0.234725 0.459012 0.068805 0.191277 0.6784
0 0.778655 0.636477 0.066559 0.160282 0.5411
0 0.593121 0.667936 0.060554 0.155867 0.5207
0 0.234835 0.719238 0.070018 0.230739 0.5074
0 0.170125 0.646316 0.056824 0.169697 0.4596
0 0.316730 0.675384 0.056860 0.156529 0.4334
0 0.151037 0.418784 0.066578 0.175914 0.4203
0 0.118472 0.595972 0.046206 0.105956 0.3110
0 0.837173 0.568629 0.050555 0.113049 0.3030
0 0.157401 0.441609 0.060336 0.176398 0.3008
