0 0.035418 0.345481 0.069987 0.243351 0.8997
0 0.193537 0.309452 0.119114 0.240732 0.8994
0 0.122708 0.609753 0.107911 0.242510 0.8823
0 0.271217 0.592616 0.102082 0.263961 0.8607
0 0.464376 0.358527 0.061599 0.223332 0.7947
0 0.353024 0.325979 0.104939 0.290541 0.7894
0 0.399902 0.592160 0.074699 0.181197 0.6956
0 0.934457 0.417428 0.124169 0.359658 0.6461
0 0.547181 0.360755 0.056121 0.137078 0.5103
0 0.348281 0.291593 0.097676 0.222334 0.4985
0 0.919624 0.436773 0.149534 0.433290 0.3709
0 0.516399 0.512947 0.054452 0.112213 0.3553
0 0.121207 0.578625 0.101264 0.180552 0.3248
0 0.017120 0.626948 0.034241 0.219646 0.2969
0 0.936548 0.493907 0.120027 0.444197 0.2876
0 0.897305 0.412480 0.201274 0.369872 0.2688
