0 0.384701 0.040707 0.155133 0.079779 0.7351
0 0.105915 0.275740 0.087393 0.119363 0.6809
0 0.894596 0.286812 0.090168 0.125386 0.6796
0 0.868605 0.441760 0.092785 0.130512 0.6696
0 0.142650 0.431632 0.093699 0.129034 0.6370
0 0.595348 0.034010 0.162238 0.065259 0.6143
0 0.861667 0.047868 0.058089 0.095207 0.5839
0 0.187875 0.561061 0.072063 0.075364 0.5591
0 0.231903 0.666632 0.067416 0.093871 0.4492
0 0.663525 0.791327 0.056668 0.058604 0.4453
0 0.835942 0.571745 0.064819 0.077509 0.3868
0 0.741089 0.754454 0.050038 0.103876 0.3850
0 0.382328 0.795496 0.061670 0.068931 0.3600
0 0.573216 0.804670 0.057624 0.061045 0.3399
0 0.482241 0.810967 0.062084 0.075036 0.2914
0 0.802578 0.679389 0.065095 0.103088 0.2889
0 0.294212 0.760965 0.052248 0.102968 0.2730
0 0.762043 0.033842 0.086870 0.066734 0.2723
