0 0.621850 0.355080 0.140585 0.243997 0.9193
0 0.433498 0.263354 0.139930 0.251484 0.8304
0 0.496436 0.657509 0.087837 0.243918 0.8125
0 0.275796 0.316860 0.092219 0.193053 0.8009
0 0.774106 0.344422 0.095178 0.220596 0.7819
0 0.605260 0.630564 0.073437 0.220413 0.7744
0 0.704945 0.609038 0.071959 0.178355 0.6320
0 0.168141 0.331889 0.069703 0.180786 0.5919
0 0.807032 0.662896 0.068266 0.215031 0.5703
0 0.858676 0.398472 0.065150 0.222597 0.5643
0 0.304100 0.683939 0.065756 0.181496 0.4732
0 0.408369 0.557074 0.065153 0.135708 0.4657
0 0.223112 0.647183 0.061755 0.120604 0.3782
0 0.452243 0.295801 0.138287 0.287808 0.3571
0 0.119976 0.611348 0.062128 0.054771 0.3571
0 0.419106 0.244336 0.130771 0.214517 0.3255
