0 0.162262 0.665302 0.128283 0.152354 0.9304
0 0.338978 0.627942 0.094250 0.175464 0.8776
0 0.463492 0.645400 0.083061 0.130405 0.7795
0 0.063720 0.092058 0.124627 0.181442 0.7362
0 0.645891 0.653705 0.066350 0.084223 0.6967
0 0.032461 0.637828 0.063954 0.224096 0.6755
0 0.557717 0.662878 0.066613 0.095558 0.6615
0 0.377735 0.800059 0.110299 0.106983 0.6478
0 0.219065 0.802270 0.116910 0.091325 0.5991
0 0.607306 0.763903 0.108043 0.082824 0.5378
0 0.732715 0.675671 0.071850 0.115246 0.5048
0 0.495463 0.772357 0.062945 0.084489 0.4256
0 0.159205 0.643777 0.115687 0.135428 0.3888
0 0.339127 0.597633 0.086406 0.131092 0.3551
