0 0.475218 0.311883 0.111453 0.235271 0.9250
0 0.560397 0.566263 0.107979 0.235754 0.8687
0 0.637126 0.325976 0.122236 0.190151 0.8686
0 0.727110 0.566941 0.102854 0.242179 0.8277
0 0.324227 0.341689 0.092812 0.241587 0.8033
0 0.844984 0.393101 0.165912 0.143304 0.6022
0 0.863519 0.575471 0.091913 0.181988 0.5756
0 0.231145 0.383550 0.062519 0.145093 0.5546
0 0.337213 0.343158 0.102324 0.213948 0.4628
0 0.416858 0.545307 0.103137 0.165728 0.4468
0 0.134353 0.343177 0.069602 0.145501 0.4457
0 0.298328 0.549026 0.080631 0.121336 0.4279
0 0.968947 0.549497 0.059931 0.139673 0.4274
0 0.845065 0.465971 0.162049 0.300208 0.3781
0 0.181353 0.519988 0.093442 0.117525 0.2919
0 0.851421 0.370169 0.168362 0.151431 0.2636
