0 0.768201 0.617915 0.073311 0.092741 0.6713
0 0.734421 0.488122 0.067659 0.090510 0.6133
0 0.185412 0.723494 0.080328 0.113934 0.5699
0 0.204271 0.585350 0.069187 0.092287 0.5398
0 0.504675 0.120030 0.075722 0.071047 0.5141
0 0.798723 0.757115 0.084657 0.131669 0.5110
0 0.180663 0.855753 0.073314 0.094231 0.4880
0 0.690373 0.335638 0.059588 0.120259 0.4777
0 0.400808 0.133085 0.074355 0.077163 0.4770
0 0.809653 0.903337 0.089225 0.106958 0.4749
0 0.227544 0.454631 0.071964 0.092774 0.4224
0 0.616385 0.195906 0.057242 0.092427 0.4140
0 0.307574 0.199740 0.064052 0.092903 0.3584
0 0.249062 0.315388 0.066121 0.101141 0.3160
