0 0.565399 0.332065 0.129374 0.268915 0.9326
0 0.721652 0.329211 0.095155 0.288830 0.9159
0 0.400536 0.332265 0.106089 0.236497 0.8730
0 0.469888 0.621461 0.087949 0.205048 0.7824
0 0.347868 0.628274 0.075451 0.202683 0.7382
0 0.278530 0.347259 0.075618 0.207488 0.7333
0 0.592255 0.618704 0.088924 0.207414 0.7254
0 0.686657 0.620334 0.066365 0.196722 0.6714
0 0.832314 0.372951 0.067396 0.201158 0.6679
0 0.188702 0.368535 0.057059 0.171829 0.6148
0 0.842380 0.635662 0.053634 0.191670 0.5557
0 0.770440 0.622145 0.057178 0.190155 0.4675
0 0.239977 0.624566 0.080071 0.175796 0.4603
0 0.158070 0.590643 0.066474 0.148073 0.4524
0 0.116948 0.363385 0.054497 0.137658 0.4317
0 0.865384 0.623198 0.092508 0.174491 0.3251
0 0.036826 0.321719 0.068500 0.137766 0.2910
0 0.059083 0.561642 0.090472 0.121200 0.2737
