0 0.142512 0.298757 0.161890 0.306453 0.9212
0 0.473657 0.348753 0.101074 0.243378 0.8815
0 0.323731 0.335616 0.109721 0.228297 0.8812
0 0.403628 0.618248 0.084538 0.249270 0.8093
0 0.270778 0.570617 0.090747 0.202927 0.7807
0 0.741649 0.412114 0.061297 0.131134 0.5679
0 0.663911 0.422817 0.052112 0.131279 0.5665
0 0.534514 0.612471 0.071581 0.207002 0.5525
0 0.621211 0.586845 0.056540 0.137225 0.5467
0 0.585886 0.407407 0.072087 0.158060 0.5306
0 0.148470 0.555971 0.075955 0.123289 0.4541
0 0.711574 0.578893 0.078935 0.133023 0.3722
0 0.398007 0.580076 0.078815 0.186144 0.3566
0 0.806262 0.528563 0.060702 0.111754 0.3461
0 0.819571 0.376209 0.048915 0.126995 0.2638
