0 0.672985 0.496606 0.121684 0.167607 0.9245
0 0.863960 0.436212 0.121120 0.155879 0.9050
0 0.782835 0.617736 0.101130 0.151739 0.7878
0 0.498615 0.526604 0.097605 0.108364 0.7555
0 0.604986 0.649572 0.088854 0.131378 0.7359
0 0.925777 0.585289 0.092944 0.088736 0.5947
0 0.303458 0.645530 0.133024 0.088884 0.5908
0 0.245296 0.552479 0.082002 0.073079 0.5667
0 0.458949 0.648921 0.083712 0.097873 0.5167
0 0.364833 0.549466 0.077821 0.081961 0.4946
0 0.855134 0.416897 0.107765 0.134252 0.4725
0 0.668109 0.469178 0.123588 0.132682 0.4255
0 0.880007 0.444656 0.122113 0.156897 0.4088
0 0.160636 0.609533 0.070363 0.072050 0.3489
0 0.135709 0.514207 0.051764 0.048090 0.3273
0 0.782651 0.589367 0.087878 0.115500 0.2788
