0 0.754207 0.299157 0.065896 0.139067 0.6862
0 0.792481 0.444257 0.108645 0.103741 0.6486
0 0.362243 0.166078 0.100525 0.135266 0.6484
0 0.162646 0.290130 0.060676 0.150349 0.5535
0 0.249613 0.249210 0.066964 0.124272 0.5349
0 0.114844 0.689280 0.119139 0.103266 0.4685
0 0.137359 0.574982 0.108675 0.081343 0.4638
0 0.140993 0.449501 0.112566 0.100225 0.4431
0 0.865502 0.656524 0.107682 0.096274 0.4167
0 0.659084 0.219260 0.075403 0.119849 0.4165
0 0.812697 0.556872 0.107233 0.074620 0.4035
0 0.519228 0.143821 0.109069 0.089930 0.3969
0 0.865307 0.773469 0.059146 0.075744 0.2958
