0 0.589489 0.506934 0.130153 0.330527 0.9443
0 0.398169 0.480196 0.159233 0.381179 0.9233
0 0.170330 0.493545 0.092666 0.166789 0.7588
0 0.806262 0.478145 0.066914 0.197688 0.6692
0 0.711966 0.524348 0.070445 0.220300 0.6590
0 0.255553 0.729559 0.067515 0.184698 0.5718
0 0.567297 0.789211 0.065136 0.173586 0.5400
0 0.155564 0.688517 0.064313 0.127331 0.5226
0 0.447366 0.770368 0.068493 0.166834 0.5196
0 0.730980 0.714841 0.061184 0.120800 0.4919
0 0.950825 0.085857 0.094066 0.171714 0.4808
0 0.604948 0.485096 0.121417 0.310979 0.3760
0 0.083152 0.530970 0.049110 0.116687 0.3726
0 0.969594 0.332022 0.060173 0.244035 0.2929
