0 0.821024 0.441930 0.136103 0.144380 0.9180
0 0.796336 0.616447 0.109424 0.143655 0.8664
0 0.606053 0.617580 0.109047 0.137619 0.8603
0 0.961938 0.579303 0.075270 0.150589 0.7293
0 0.602150 0.470572 0.128425 0.097903 0.6425
0 0.969285 0.373883 0.061392 0.169993 0.6177
0 0.273325 0.560129 0.152434 0.071019 0.5581
0 0.435759 0.446491 0.071058 0.041633 0.4658
0 0.135876 0.451818 0.108351 0.078955 0.4397
0 0.443842 0.580615 0.102392 0.075017 0.3835
0 0.129145 0.441019 0.105277 0.082587 0.3691
0 0.292800 0.477123 0.159698 0.052077 0.3021
0 0.812642 0.420659 0.118721 0.105279 0.2664
