0 0.328171 0.514163 0.074411 0.168216 0.8023
0 0.338011 0.342217 0.099263 0.135367 0.7743
0 0.221885 0.469923 0.069568 0.145974 0.6493
0 0.134773 0.464892 0.060534 0.149895 0.6026
0 0.057980 0.409898 0.066173 0.191509 0.5993
0 0.573336 0.389932 0.070510 0.111986 0.5402
0 0.743853 0.373038 0.049524 0.070078 0.5315
0 0.446787 0.518450 0.075349 0.106434 0.5293
0 0.663690 0.383366 0.058376 0.070085 0.5084
0 0.670387 0.500007 0.065672 0.088229 0.5026
0 0.578085 0.527362 0.067317 0.076121 0.4906
0 0.954767 0.353102 0.090467 0.387182 0.4787
0 0.962006 0.307692 0.075988 0.333357 0.4502
0 0.175205 0.341025 0.126731 0.069333 0.4286
0 0.951158 0.425855 0.097247 0.373241 0.4246
0 0.676779 0.506754 0.081855 0.091693 0.3353
