0 0.247310 0.408880 0.101714 0.190239 0.8864
0 0.390235 0.375917 0.117882 0.210985 0.8805
0 0.634616 0.304677 0.089137 0.213908 0.8134
0 0.526813 0.342274 0.089407 0.219613 0.8097
0 0.730745 0.292369 0.066992 0.210480 0.7982
0 0.134074 0.413289 0.065638 0.144126 0.7175
0 0.716902 0.519744 0.081668 0.196681 0.6917
0 0.136816 0.599549 0.066771 0.189860 0.6727
0 0.955469 0.250967 0.088111 0.296101 0.6675
0 0.620694 0.562477 0.089137 0.240489 0.6543
0 0.416134 0.571444 0.063975 0.148968 0.6453
0 0.515043 0.567602 0.067199 0.184363 0.6355
0 0.065192 0.587630 0.054451 0.156664 0.5709
0 0.790149 0.488205 0.054001 0.136257 0.5352
0 0.058315 0.431928 0.065137 0.122923 0.5232
0 0.790107 0.312252 0.050393 0.192568 0.5040
0 0.611959 0.511924 0.072031 0.158956 0.4523
0 0.323386 0.581712 0.060682 0.144732 0.4148
0 0.222162 0.607433 0.058417 0.174659 0.4006
0 0.842820 0.297749 0.039659 0.158662 0.3376
0 0.847853 0.466846 0.059446 0.110848 0.2933
0 0.229792 0.617658 0.061697 0.184151 0.2726
