0 0.124834 0.533245 0.108295 0.125893 0.7139
0 0.864079 0.380360 0.087601 0.112614 0.7010
0 0.819271 0.518944 0.103033 0.113837 0.5416
0 0.422406 0.862222 0.068624 0.076012 0.5135
0 0.519452 0.865689 0.064411 0.078821 0.4814
0 0.164863 0.655665 0.090696 0.090300 0.4123
0 0.239710 0.814262 0.052058 0.083717 0.4004
0 0.783638 0.628558 0.078119 0.059095 0.3953
0 0.086994 0.400105 0.088672 0.125704 0.3878
0 0.737572 0.715689 0.056269 0.098387 0.3802
0 0.787335 0.639620 0.091052 0.077993 0.3605
0 0.882585 0.265702 0.076960 0.070816 0.2944
0 0.119661 0.555883 0.106965 0.160483 0.2924
0 0.330037 0.858420 0.063730 0.064333 0.2897
0 0.172652 0.767725 0.051060 0.121972 0.2775
0 0.609217 0.834041 0.066037 0.073433 0.2545
