0 0.590961 0.413658 0.121932 0.254335 0.8811
0 0.431895 0.413691 0.092723 0.250002 0.8105
0 0.807084 0.613971 0.085423 0.239901 0.7646
0 0.943523 0.490768 0.108189 0.182070 0.7565
0 0.406258 0.664895 0.086677 0.182493 0.6487
0 0.314109 0.486461 0.074087 0.162536 0.6152
0 0.549507 0.653955 0.097608 0.171145 0.5694
0 0.220931 0.508786 0.062783 0.122745 0.5570
0 0.126867 0.516431 0.078647 0.133278 0.5277
0 0.300215 0.646059 0.072430 0.106679 0.4518
0 0.689234 0.646598 0.074719 0.134946 0.4488
0 0.920562 0.651930 0.071309 0.116607 0.4314
0 0.777054 0.412630 0.160729 0.107153 0.3661
0 0.175062 0.661842 0.114005 0.091238 0.3463
0 0.698603 0.619128 0.079382 0.172319 0.3050
0 0.090612 0.651275 0.054484 0.084675 0.2663
