0 0.110364 0.192187 0.111759 0.149091 0.8448
0 0.147743 0.385771 0.107087 0.183762 0.7232
0 0.879135 0.203815 0.086773 0.146833 0.7114
0 0.193799 0.554123 0.088005 0.130245 0.6537
0 0.799416 0.562276 0.076694 0.114748 0.5012
0 0.839048 0.398809 0.097577 0.146163 0.4949
0 0.239529 0.678215 0.072246 0.116546 0.4830
0 0.156134 0.370747 0.110644 0.143054 0.4243
0 0.691527 0.813849 0.065681 0.092919 0.4087
0 0.758835 0.693912 0.064695 0.115961 0.3808
0 0.306064 0.809682 0.063406 0.102477 0.3238
0 0.839925 0.360159 0.081654 0.100043 0.3074
0 0.499425 0.871945 0.058162 0.062444 0.2565
0 0.595773 0.861613 0.064532 0.078697 0.2561
