0 0.325492 0.535229 0.110070 0.144420 0.9180
0 0.125166 0.541463 0.106571 0.135373 0.8414
0 0.231981 0.700832 0.103485 0.150622 0.8295
0 0.068545 0.698409 0.090381 0.121109 0.7420
0 0.497821 0.548130 0.122017 0.108276 0.6754
0 0.407892 0.684085 0.111706 0.123505 0.6666
0 0.719504 0.633023 0.161373 0.066826 0.6373
0 0.650437 0.546198 0.096244 0.089233 0.5876
0 0.225585 0.683333 0.101040 0.119527 0.5663
0 0.793534 0.526670 0.114875 0.077075 0.5524
0 0.558695 0.652084 0.099215 0.058746 0.4517
0 0.932328 0.489992 0.071354 0.052040 0.3229
0 0.491337 0.565359 0.116473 0.073785 0.3194
0 0.915756 0.559767 0.101724 0.066972 0.2734
0 0.556982 0.646644 0.082342 0.053906 0.2724
0 0.057880 0.685895 0.088374 0.110675 0.2628
