0 0.101404 0.217140 0.106489 0.169178 0.8683
0 0.894688 0.193807 0.111957 0.153507 0.8368
0 0.851464 0.374300 0.103606 0.142914 0.7000
0 0.113836 0.423626 0.121972 0.133829 0.6817
0 0.160548 0.572508 0.076723 0.114810 0.6029
0 0.860707 0.389424 0.109312 0.158752 0.5338
0 0.532841 0.909166 0.064062 0.086409 0.5319
0 0.801646 0.548180 0.077117 0.104183 0.5309
0 0.204108 0.705241 0.064858 0.101746 0.5193
0 0.624650 0.873667 0.064092 0.070315 0.4958
0 0.767938 0.682954 0.064771 0.100801 0.4387
0 0.446550 0.917434 0.061575 0.057651 0.3827
0 0.695539 0.795881 0.065268 0.075612 0.3487
0 0.362511 0.880592 0.052739 0.061958 0.2640
0 0.444949 0.906260 0.064024 0.071532 0.2604
