0 0.793731 0.393349 0.096001 0.106997 0.4871
0 0.875650 0.636140 0.099245 0.101256 0.4766
0 0.680858 0.149511 0.066033 0.093307 0.4671
0 0.101325 0.628090 0.107121 0.122378 0.4483
0 0.840837 0.515730 0.082685 0.085994 0.4371
0 0.176399 0.382737 0.095820 0.092638 0.4290
0 0.759467 0.261085 0.059801 0.104639 0.4141
0 0.892937 0.779951 0.090976 0.090980 0.4130
0 0.108414 0.779355 0.110742 0.085286 0.3863
0 0.210847 0.254346 0.070786 0.102900 0.3785
0 0.283849 0.149131 0.075583 0.091675 0.3778
0 0.402323 0.088593 0.108811 0.061717 0.3428
0 0.550845 0.085479 0.108911 0.048183 0.3175
0 0.136582 0.496749 0.094534 0.074636 0.3009
0 0.097080 0.609984 0.097349 0.101510 0.2946
0 0.787992 0.385870 0.081630 0.084049 0.2547
