0 0.963546 0.379412 0.072582 0.179101 0.8215
0 0.741203 0.591933 0.117855 0.135706 0.8143
0 0.576330 0.622227 0.103024 0.135649 0.8010
0 0.659103 0.444589 0.111077 0.152569 0.7877
0 0.835263 0.424329 0.105832 0.133882 0.7621
0 0.368023 0.499770 0.068647 0.094482 0.7034
0 0.435141 0.619257 0.085453 0.109895 0.7005
0 0.510854 0.498066 0.096910 0.101049 0.6315
0 0.893605 0.550149 0.102744 0.097981 0.5896
0 0.122414 0.503173 0.099643 0.070498 0.5359
0 0.821730 0.415539 0.091677 0.130525 0.5299
0 0.299755 0.613347 0.113230 0.082222 0.4295
0 0.180519 0.588563 0.074769 0.057088 0.3843
0 0.263017 0.513400 0.082833 0.081274 0.3639
0 0.909182 0.793686 0.146881 0.148664 0.3511
0 0.964021 0.347717 0.070708 0.125830 0.3269
0 0.644553 0.412222 0.092622 0.122377 0.2924
0 0.939508 0.943839 0.113757 0.107757 0.2726
0 0.646751 0.430939 0.105230 0.160576 0.2544
