0 0.121943 0.432987 0.112619 0.150766 0.8662
0 0.881468 0.533006 0.091199 0.156367 0.7107
0 0.899741 0.375128 0.098006 0.103339 0.6615
0 0.256372 0.748256 0.066543 0.131818 0.5610
0 0.673355 0.771473 0.063577 0.086532 0.4797
0 0.584002 0.824267 0.069578 0.084122 0.4244
0 0.391477 0.808190 0.058320 0.090032 0.4212
0 0.483619 0.834130 0.065985 0.084173 0.3962
0 0.162212 0.592413 0.116876 0.099014 0.3087
0 0.747566 0.603710 0.088341 0.130044 0.2947
0 0.743830 0.644772 0.087420 0.068645 0.2732
0 0.326857 0.762450 0.055999 0.161540 0.2706
0 0.742584 0.626861 0.080205 0.090896 0.2558
