0 0.189114 0.440434 0.125303 0.163679 0.9374
0 0.386377 0.473060 0.123667 0.183157 0.8900
0 0.260918 0.647046 0.114729 0.172956 0.8898
0 0.543479 0.467520 0.097463 0.131831 0.8255
0 0.433577 0.650500 0.116087 0.137107 0.8064
0 0.080019 0.650085 0.098117 0.181957 0.7961
0 0.032442 0.441493 0.064089 0.210343 0.7711
0 0.659825 0.475200 0.070878 0.109132 0.6545
0 0.791353 0.459685 0.107307 0.115887 0.6087
0 0.577394 0.620968 0.097526 0.108268 0.5986
0 0.906096 0.425818 0.065854 0.101609 0.5626
0 0.710268 0.599389 0.096173 0.107477 0.5401
0 0.856479 0.574842 0.076712 0.081836 0.5126
0 0.250771 0.611758 0.103578 0.120400 0.4741
0 0.737328 0.596982 0.112597 0.113316 0.4636
0 0.080420 0.616135 0.091111 0.129498 0.3718
0 0.382043 0.440074 0.114674 0.129844 0.3622
0 0.775611 0.474259 0.087541 0.089588 0.3426
0 0.278016 0.655769 0.116565 0.178879 0.2690
