0 0.239384 0.332919 0.093608 0.164458 0.7252
0 0.814717 0.407248 0.082666 0.179788 0.7006
0 0.534010 0.928375 0.054463 0.068855 0.6040
0 0.222395 0.128503 0.061672 0.155228 0.5644
0 0.269462 0.528575 0.060157 0.087226 0.5509
0 0.854962 0.211496 0.073704 0.141604 0.5168
0 0.762059 0.570708 0.060372 0.100150 0.4938
0 0.606487 0.884319 0.062899 0.088497 0.4793
0 0.303686 0.654935 0.059624 0.093886 0.4730
0 0.455825 0.927283 0.058829 0.066197 0.4659
0 0.327224 0.789914 0.058549 0.106459 0.3920
0 0.723524 0.694890 0.054972 0.111085 0.3614
0 0.389233 0.879974 0.061880 0.081960 0.2992
