0 0.054275 0.273387 0.107467 0.197666 0.8914
0 0.234729 0.284279 0.126389 0.155588 0.8856
0 0.422422 0.288854 0.110680 0.138953 0.8368
0 0.314892 0.437607 0.102691 0.121531 0.6963
0 0.578987 0.302717 0.097739 0.085379 0.6678
0 0.484750 0.418851 0.099823 0.105862 0.5798
0 0.770934 0.259431 0.076919 0.060898 0.4920
0 0.414666 0.271969 0.114311 0.096648 0.4896
0 0.741910 0.337587 0.107317 0.069290 0.4767
0 0.620600 0.384039 0.078711 0.063193 0.4320
0 0.157919 0.428792 0.083356 0.070413 0.3333
0 0.030239 0.422452 0.059959 0.055660 0.3137
