0 0.855237 0.570094 0.093155 0.092384 0.6182
0 0.879660 0.692578 0.107544 0.115112 0.5830
0 0.874863 0.837110 0.101593 0.105579 0.5420
0 0.776602 0.313694 0.067203 0.117159 0.5320
0 0.808429 0.447300 0.093865 0.093676 0.4894
0 0.167443 0.409917 0.112390 0.089377 0.4536
0 0.406510 0.107895 0.118196 0.080442 0.4495
0 0.206585 0.257778 0.066371 0.149607 0.4384
0 0.692916 0.196597 0.059090 0.119640 0.4259
0 0.094140 0.659002 0.121288 0.122392 0.4255
0 0.118569 0.521001 0.102948 0.093953 0.4211
0 0.113475 0.811718 0.119345 0.088618 0.3867
0 0.571242 0.123006 0.117782 0.065877 0.3560
0 0.283399 0.176064 0.070545 0.098092 0.3273
0 0.884429 0.826341 0.103801 0.100400 0.3036
