0 0.446487 0.485555 0.097170 0.243802 0.8982
0 0.586833 0.473786 0.085496 0.233673 0.8090
0 0.335245 0.498441 0.069254 0.182852 0.6505
0 0.763283 0.451765 0.056730 0.175652 0.6503
0 0.357191 0.719677 0.064383 0.195584 0.6468
0 0.692317 0.690919 0.060525 0.180594 0.6208
0 0.610790 0.691168 0.060924 0.132712 0.6118
0 0.522692 0.718385 0.064501 0.175726 0.6075
0 0.437812 0.728206 0.064072 0.173098 0.5924
0 0.690902 0.467848 0.059928 0.188571 0.4684
0 0.254502 0.496065 0.063672 0.156937 0.4632
0 0.278854 0.719482 0.060725 0.165352 0.4279
0 0.222775 0.699539 0.043401 0.133969 0.3868
0 0.809243 0.643274 0.049856 0.130593 0.2935
0 0.758266 0.667891 0.040604 0.174679 0.2714
0 0.610725 0.723283 0.059185 0.187695 0.2530
