0 0.632814 0.385017 0.139075 0.289085 0.9456
0 0.441193 0.388076 0.142306 0.282430 0.9239
0 0.705531 0.668026 0.068231 0.213060 0.8291
0 0.778077 0.369393 0.075651 0.223560 0.8269
0 0.380498 0.680888 0.082800 0.239850 0.7922
0 0.602644 0.680881 0.080472 0.226443 0.7860
0 0.277626 0.615676 0.072862 0.165635 0.7134
0 0.496147 0.674807 0.078353 0.221392 0.6896
0 0.283730 0.373344 0.076172 0.211513 0.6536
0 0.792585 0.623717 0.060000 0.160337 0.5663
0 0.194696 0.349686 0.057206 0.129984 0.4535
0 0.845850 0.368292 0.051459 0.163842 0.4083
0 0.908675 0.352561 0.049239 0.098208 0.3811
0 0.135979 0.522880 0.063892 0.137345 0.3614
0 0.195505 0.583723 0.049813 0.153507 0.2724
