0 0.450397 0.440063 0.093695 0.177745
0 0.377370 0.429729 0.068893 0.186012
0 0.316744 0.428695 0.074405 0.188079
0 0.285053 0.450397 0.049603 0.169478
0 0.266017 0.446162 0.036713 0.145609
0 0.246416 0.436361 0.042314 0.137209
0 0.529856 0.439628 0.086494 0.164277
0 0.598305 0.422360 0.079027 0.170811
0 0.649330 0.408359 0.067827 0.183878
0 0.686044 0.431694 0.040447 0.157743
0 0.707823 0.448495 0.034224 0.144676
0 0.510545 0.607542 0.056584 0.129244
0 0.560057 0.609954 0.065586 0.157215
0 0.601209 0.613812 0.068158 0.172647
0 0.646541 0.611400 0.059799 0.150463
0 0.660687 0.595968 0.059799 0.113812
0 0.691229 0.582465 0.110597 0.119599
0 0.702482 0.522666 0.100952 0.106096
0 0.467142 0.591628 0.045653 0.116705
0 0.420203 0.608989 0.070087 0.143711
0 0.360082 0.633584 0.072016 0.173611
0 0.311857 0.625386 0.055298 0.145640
0 0.301890 0.597897 0.068801 0.121528
0 0.260738 0.593557 0.070087 0.107060
0 0.238233 0.569444 0.095808 0.112847
