0 0.451775 0.350694 0.129630 0.231481
0 0.365741 0.345486 0.133488 0.244213
0 0.292553 0.328125 0.110340 0.237269
0 0.247299 0.344907 0.077160 0.240741
0 0.214506 0.363426 0.077932 0.187500
0 0.144290 0.222801 0.087191 0.116898
0 0.561728 0.322338 0.128858 0.271991
0 0.647377 0.318866 0.096451 0.265046
0 0.707176 0.299190 0.092593 0.292824
0 0.746528 0.293403 0.060185 0.267361
0 0.780864 0.321181 0.045525 0.239583
0 0.814429 0.320602 0.064815 0.245370
0 0.844522 0.269097 0.060185 0.146991
0 0.478009 0.614005 0.086420 0.181713
0 0.409722 0.601852 0.087191 0.224537
0 0.348765 0.608796 0.088735 0.240741
0 0.173340 0.405093 0.126543 0.217593
0 0.532022 0.596065 0.097222 0.210648
0 0.601080 0.600116 0.104167 0.246528
0 0.668210 0.609954 0.101080 0.252315
0 0.739198 0.611690 0.090278 0.186343
0 0.786261 0.583984 0.056599 0.135193
0 0.796654 0.513420 0.064200 0.141511
