0 0.492923 0.483133 0.128007 0.180778
0 0.429254 0.482441 0.108583 0.183048
0 0.392541 0.490397 0.086137 0.164413
0 0.362110 0.494435 0.072388 0.146560
0 0.343306 0.496859 0.054334 0.111795
0 0.325154 0.476073 0.055521 0.117380
0 0.575558 0.498947 0.129399 0.190672
0 0.641521 0.519972 0.102993 0.170128
0 0.688340 0.546850 0.090572 0.168555
0 0.727140 0.563853 0.078820 0.150060
0 0.749624 0.584392 0.058608 0.131900
0 0.779468 0.570306 0.057280 0.115621
0 0.535054 0.673031 0.090777 0.172864
0 0.582833 0.669762 0.100694 0.176039
0 0.641063 0.685058 0.106219 0.195343
0 0.689948 0.667432 0.086234 0.154835
0 0.719252 0.648562 0.045691 0.081164
0 0.752409 0.644520 0.058522 0.091356
0 0.486131 0.659714 0.093788 0.170305
0 0.438260 0.639616 0.100996 0.170771
0 0.388474 0.626699 0.089698 0.181166
0 0.352452 0.602115 0.082813 0.148776
0 0.328370 0.556139 0.056385 0.081304
