0 0.442233 0.424490 0.133690 0.230244
0 0.338252 0.425728 0.117185 0.227768
0 0.248300 0.419539 0.108932 0.230244
0 0.190533 0.445534 0.079224 0.203010
0 0.160824 0.471529 0.059418 0.151020
0 0.123688 0.483908 0.067670 0.146069
0 0.097280 0.488859 0.064369 0.155971
0 0.575923 0.413349 0.146894 0.247574
0 0.686506 0.412111 0.107282 0.230244
0 0.763253 0.441820 0.092428 0.230244
0 0.819370 0.464102 0.082525 0.220341
0 0.850730 0.511141 0.062719 0.141117
0 0.895293 0.519806 0.059418 0.178253
0 0.547864 0.752525 0.100680 0.193108
0 0.629564 0.750050 0.099030 0.198059
0 0.713739 0.782234 0.092428 0.158447
0 0.773156 0.792137 0.072622 0.143593
0 0.815244 0.799564 0.074272 0.158447
0 0.868885 0.805754 0.099030 0.151020
0 0.900244 0.774807 0.102330 0.188156
0 0.450485 0.745098 0.097379 0.198059
0 0.367961 0.742622 0.080874 0.183205
0 0.289562 0.741384 0.085826 0.170826
0 0.223543 0.767380 0.069321 0.153496
0 0.186407 0.771093 0.057767 0.151020
0 0.154222 0.769855 0.095729 0.168350
0 0.124513 0.746336 0.102330 0.190632
0 0.095629 0.644831 0.133690 0.170826
