0 0.447768 0.416071 0.126786 0.227381
0 0.360268 0.415476 0.094643 0.230952
0 0.300893 0.402381 0.106250 0.238095
0 0.247826 0.409783 0.055435 0.181884
0 0.224457 0.398913 0.038043 0.187681
0 0.209783 0.380797 0.047826 0.210870
0 0.557927 0.422764 0.146341 0.223577
0 0.644055 0.425305 0.097561 0.190041
0 0.709604 0.423780 0.088415 0.225610
0 0.770960 0.421748 0.075457 0.221545
0 0.807482 0.438260 0.036496 0.196472
0 0.824589 0.435827 0.042427 0.187956
0 0.845575 0.421533 0.058850 0.205596
0 0.483203 0.680729 0.089844 0.223958
0 0.420703 0.682292 0.097656 0.237500
0 0.360547 0.699479 0.113281 0.255208
0 0.295312 0.680208 0.075000 0.216667
0 0.262109 0.667708 0.086719 0.197917
0 0.242969 0.627604 0.104687 0.169792
0 0.542188 0.677604 0.089062 0.244792
0 0.611328 0.686458 0.086719 0.237500
0 0.673438 0.695312 0.096875 0.230208
0 0.729297 0.688542 0.080469 0.206250
0 0.760547 0.691667 0.099219 0.204167
0 0.812500 0.691031 0.062500 0.167373
0 0.804820 0.639124 0.125530 0.173729
