0 0.446952 0.361352 0.126993 0.209780
0 0.364969 0.356530 0.072338 0.137442
0 0.307099 0.354118 0.078768 0.195312
0 0.265303 0.350502 0.056263 0.159144
0 0.241191 0.339651 0.049833 0.137442
0 0.216274 0.320361 0.035365 0.113329
0 0.199331 0.298997 0.030007 0.096451
0 0.549769 0.373746 0.113597 0.200939
0 0.636574 0.371335 0.077160 0.163966
0 0.706769 0.371335 0.086806 0.180041
0 0.760888 0.388214 0.068587 0.133423
0 0.802148 0.382587 0.052512 0.122171
0 0.835905 0.368924 0.055727 0.120563
0 0.868056 0.345615 0.036437 0.096451
0 0.535301 0.623714 0.078232 0.192901
0 0.597458 0.622106 0.080376 0.205761
0 0.664973 0.625322 0.073945 0.208976
0 0.718557 0.597994 0.082519 0.196116
0 0.754458 0.574685 0.075017 0.155928
0 0.797861 0.552180 0.101809 0.133423
0 0.828404 0.499132 0.107167 0.146283
0 0.855195 0.420364 0.087877 0.110918
0 0.471001 0.619695 0.076089 0.194509
0 0.410987 0.597994 0.076089 0.196116
0 0.345615 0.604424 0.078232 0.202546
0 0.298461 0.580311 0.073945 0.157536
0 0.274884 0.545750 0.067515 0.126993
0 0.258809 0.507169 0.093236 0.139853
0 0.233895 0.458452 0.077160 0.123160
0 0.219057 0.383888 0.060343 0.091257
