0 0.518904 0.299190 0.157407 0.267361
0 0.412809 0.285880 0.128858 0.266204
0 0.335262 0.290509 0.086420 0.254630
0 0.281636 0.328125 0.073302 0.197917
0 0.258873 0.369213 0.080247 0.175926
0 0.205247 0.359954 0.079475 0.162037
0 0.158565 0.329861 0.061728 0.131944
0 0.631944 0.311343 0.138117 0.233796
0 0.729938 0.307870 0.111883 0.243056
0 0.786265 0.323495 0.074846 0.225694
0 0.831404 0.353588 0.049383 0.193287
0 0.857639 0.363426 0.050926 0.196759
0 0.888889 0.361111 0.047068 0.168981
0 0.912423 0.335069 0.050926 0.153935
0 0.521605 0.613426 0.099537 0.175926
0 0.461806 0.586806 0.092593 0.203704
0 0.396991 0.618634 0.101852 0.234954
0 0.324846 0.629630 0.090278 0.226852
0 0.260031 0.645833 0.099537 0.203704
0 0.209491 0.584491 0.078704 0.145833
0 0.171296 0.561921 0.090278 0.177083
0 0.585198 0.611883 0.097094 0.170718
0 0.636960 0.587288 0.104167 0.185185
0 0.717978 0.605613 0.129887 0.248843
0 0.777778 0.607060 0.102881 0.199653
0 0.808963 0.601273 0.079090 0.161073
0 0.844650 0.593075 0.110597 0.165895
0 0.880980 0.562211 0.094522 0.135031
0 0.873402 0.494833 0.060626 0.057870
0 0.172757 0.477782 0.060626 0.056837
