0 0.421729 0.664188 0.169120 0.217138
0 0.336364 0.615018 0.149732 0.184466
0 0.258082 0.544509 0.174175 0.223703
0 0.186275 0.421537 0.186639 0.206586
0 0.130366 0.316822 0.174507 0.190830
0 0.089232 0.179143 0.178464 0.226531
0 0.023832 0.121079 0.047664 0.067060
0 0.536138 0.674729 0.178385 0.212519
0 0.601439 0.589928 0.148543 0.175428
0 0.640875 0.488988 0.163675 0.198411
0 0.657791 0.368794 0.171896 0.195766
0 0.665135 0.235609 0.171441 0.190178
0 0.671574 0.112474 0.183975 0.224947
0 0.672950 0.019024 0.106975 0.038048
