0 0.464543 0.375409 0.120224 0.194573
0 0.400286 0.348123 0.090653 0.166288
0 0.357938 0.338178 0.075852 0.180660
0 0.324599 0.342620 0.058020 0.147444
0 0.302705 0.354946 0.054600 0.128318
0 0.283467 0.340262 0.052088 0.131256
0 0.266899 0.317396 0.041094 0.136291
0 0.542801 0.386978 0.115042 0.199329
0 0.604096 0.400156 0.090693 0.171778
0 0.651235 0.408493 0.084216 0.182932
0 0.678132 0.417407 0.061750 0.147968
0 0.699810 0.403910 0.045889 0.159997
0 0.715618 0.386164 0.053624 0.157794
0 0.728928 0.394310 0.038384 0.132620
0 0.487327 0.565160 0.074748 0.151989
0 0.530342 0.586608 0.084999 0.167687
0 0.570860 0.623109 0.097337 0.224260
0 0.612896 0.624453 0.072396 0.176884
0 0.629823 0.606865 0.097919 0.181568
0 0.663125 0.586444 0.124858 0.196321
0 0.443231 0.559533 0.084333 0.178561
0 0.397604 0.548557 0.088180 0.174715
0 0.341625 0.565220 0.091994 0.207058
