0 0.475447 0.443750 0.110683 0.144049
0 0.419830 0.420139 0.088285 0.135533
0 0.376581 0.402744 0.083044 0.131614
0 0.346773 0.402015 0.071836 0.121069
0 0.323391 0.389943 0.059709 0.097707
0 0.299473 0.372648 0.064570 0.087696
0 0.272386 0.361761 0.053354 0.070863
0 0.545787 0.468404 0.101459 0.131521
0 0.606308 0.470105 0.090606 0.116042
0 0.652919 0.469531 0.074351 0.111687
0 0.684247 0.484457 0.060797 0.101770
0 0.705561 0.487991 0.045243 0.081260
0 0.727876 0.485987 0.050105 0.071250
0 0.501051 0.566732 0.071094 0.105786
0 0.544671 0.575517 0.079592 0.115605
0 0.588662 0.575692 0.070722 0.098144
0 0.625066 0.575286 0.070174 0.092969
0 0.638350 0.570862 0.077567 0.086150
0 0.665623 0.562525 0.080936 0.080768
0 0.693661 0.538690 0.091212 0.096406
0 0.465566 0.557103 0.062994 0.093523
0 0.427545 0.537792 0.071853 0.099057
0 0.387082 0.519651 0.065366 0.084677
0 0.352245 0.497543 0.054671 0.064428
0 0.329993 0.492037 0.055122 0.062179
0 0.318999 0.474037 0.097153 0.093194
0 0.311282 0.438126 0.076358 0.072609
