0 0.360416 0.064890 0.106190 0.124054
0 0.302946 0.091676 0.099341 0.137947
0 0.251066 0.149862 0.110414 0.175010
0 0.217640 0.268679 0.108269 0.160265
0 0.204008 0.392932 0.129567 0.163454
0 0.177684 0.539687 0.162404 0.240397
0 0.172456 0.740855 0.160857 0.242788
0 0.152957 0.907593 0.119687 0.183892
0 0.412276 0.052931 0.079337 0.101796
0 0.472833 0.056354 0.078109 0.112708
0 0.537763 0.079187 0.103160 0.153974
0 0.602848 0.153509 0.109512 0.172534
0 0.634686 0.293332 0.117329 0.163026
0 0.676789 0.422992 0.161456 0.259925
0 0.738594 0.602210 0.167555 0.247912
0 0.788719 0.774483 0.130717 0.219730
