0 0.462963 0.750000 0.111883 0.155093
0 0.390432 0.728009 0.097994 0.134259
0 0.332562 0.674769 0.096451 0.162037
0 0.296682 0.550926 0.128086 0.168981
0 0.272762 0.460069 0.123457 0.170139
0 0.250772 0.323495 0.150463 0.214120
0 0.227238 0.167824 0.141975 0.175926
0 0.545525 0.747685 0.111883 0.150463
0 0.613040 0.723958 0.092593 0.144676
0 0.656250 0.649306 0.094136 0.131944
0 0.681713 0.542245 0.125000 0.130787
0 0.705633 0.425347 0.115741 0.140046
0 0.719136 0.298032 0.128858 0.190972
0 0.731481 0.140625 0.138117 0.174769
