0 0.502411 0.163628 0.083591 0.137442
0 0.443737 0.216676 0.075553 0.122975
0 0.402746 0.297454 0.099666 0.139853
0 0.373690 0.449168 0.127405 0.213313
0 0.346017 0.591327 0.118152 0.144676
0 0.341797 0.718822 0.121769 0.175420
0 0.579307 0.154586 0.085600 0.132017
0 0.640191 0.178096 0.084394 0.135634
0 0.685402 0.237775 0.095245 0.146484
0 0.715543 0.344473 0.104890 0.135634
0 0.745081 0.437609 0.101273 0.130208
0 0.772811 0.547924 0.125386 0.198929
0 0.798732 0.660952 0.112124 0.160952
0 0.801746 0.770363 0.125386 0.130208
