0 0.578924 0.141376 0.124730 0.194039
0 0.625135 0.184618 0.118917 0.191238
0 0.671607 0.256195 0.140586 0.214632
0 0.699101 0.379437 0.166469 0.218568
0 0.716330 0.513351 0.142613 0.194709
0 0.723427 0.692242 0.207291 0.297700
0 0.698006 0.887388 0.171376 0.225224
0 0.510195 0.120769 0.123779 0.179746
0 0.444893 0.156590 0.156585 0.221164
0 0.372494 0.231178 0.169842 0.209891
0 0.290851 0.308942 0.146335 0.187672
0 0.204717 0.432026 0.176417 0.245733
0 0.122762 0.594559 0.194903 0.259056
0 0.075984 0.761021 0.151969 0.237794
