0 0.436222 0.839298 0.107804 0.138634
0 0.379056 0.806180 0.094857 0.125113
0 0.347873 0.745078 0.111856 0.150102
0 0.345322 0.664807 0.121207 0.148048
0 0.338293 0.587018 0.108715 0.130419
0 0.338112 0.489717 0.144708 0.182963
0 0.334194 0.395069 0.136151 0.164136
0 0.347643 0.296228 0.116584 0.128023
0 0.508250 0.841865 0.109404 0.151642
0 0.570243 0.830398 0.082365 0.107484
0 0.618670 0.782989 0.114191 0.135896
0 0.650249 0.707082 0.115615 0.129906
0 0.684766 0.635369 0.110139 0.124429
0 0.721109 0.552359 0.124289 0.161398
0 0.763330 0.447271 0.130675 0.158659
0 0.789406 0.378296 0.099072 0.100809
