0 0.429769 0.886575 0.162614 0.226851
0 0.340217 0.876184 0.147418 0.209968
0 0.265734 0.790938 0.186002 0.250059
0 0.261467 0.613675 0.204929 0.217740
0 0.264153 0.455916 0.174708 0.216157
0 0.159426 0.171711 0.224121 0.311540
0 0.134063 0.051463 0.175586 0.102927
0 0.545149 0.888049 0.189778 0.223902
0 0.635009 0.850962 0.160393 0.215406
0 0.721113 0.775329 0.162609 0.227419
0 0.743510 0.606640 0.179855 0.223564
0 0.770912 0.448980 0.172617 0.206530
0 0.801825 0.269973 0.237346 0.321750
0 0.846631 0.114995 0.193110 0.204082
