0 0.514939 0.439654 0.084662 0.159144
0 0.451710 0.424383 0.076089 0.151106
0 0.394912 0.418756 0.067515 0.159144
0 0.365441 0.430009 0.047154 0.143068
0 0.346289 0.424694 0.035469 0.128808
0 0.330732 0.410226 0.036713 0.116674
0 0.314553 0.411626 0.026757 0.104540
0 0.582990 0.436439 0.079304 0.155928
0 0.645147 0.433224 0.075017 0.155928
0 0.685335 0.420364 0.058942 0.168789
0 0.715878 0.441262 0.030007 0.126993
0 0.733025 0.445280 0.030007 0.125386
0 0.556199 0.618088 0.049297 0.114133
0 0.600673 0.623714 0.063229 0.141461
0 0.637646 0.622910 0.068587 0.162359
0 0.673547 0.622106 0.054655 0.141461
0 0.683728 0.599601 0.053584 0.115741
0 0.711530 0.575645 0.091490 0.123181
0 0.723380 0.528108 0.078814 0.100860
0 0.522752 0.605725 0.048473 0.100160
0 0.478237 0.619821 0.057376 0.125386
0 0.427538 0.630950 0.063806 0.155063
0 0.384012 0.612773 0.051935 0.135031
0 0.379066 0.586064 0.071720 0.109805
0 0.346421 0.571596 0.090515 0.103128
0 0.310066 0.541548 0.083096 0.108321
