0 0.458205 0.339785 0.087163 0.193973
0 0.397119 0.348358 0.060728 0.144676
0 0.348180 0.302812 0.067158 0.184328
0 0.313529 0.302276 0.045010 0.159679
0 0.301383 0.331747 0.025006 0.096451
0 0.288880 0.292095 0.015718 0.075017
0 0.272805 0.288344 0.029292 0.076089
0 0.530721 0.353181 0.090735 0.154321
0 0.598237 0.351573 0.065729 0.146819
0 0.644319 0.338177 0.060728 0.184328
0 0.682184 0.301740 0.047868 0.145748
0 0.680756 0.373543 0.042152 0.040724
0 0.467135 0.564836 0.045010 0.123242
0 0.427483 0.551440 0.055727 0.117884
0 0.382830 0.557335 0.055013 0.131816
0 0.352466 0.542867 0.062872 0.126457
0 0.318030 0.550637 0.074588 0.138889
0 0.300026 0.496624 0.088735 0.108025
0 0.502251 0.565586 0.055941 0.120563
0 0.541795 0.579090 0.057870 0.130208
0 0.585520 0.596451 0.054012 0.134066
0 0.622171 0.589217 0.069444 0.127315
0 0.642747 0.556424 0.056584 0.108025
0 0.651749 0.513985 0.066872 0.133102
0 0.674254 0.476852 0.056584 0.097415
