0 0.486425 0.393368 0.093593 0.175754
0 0.421053 0.400870 0.060014 0.137174
0 0.377829 0.404621 0.056441 0.155393
0 0.351752 0.422840 0.044296 0.116812
0 0.331390 0.438379 0.052155 0.135031
0 0.302812 0.443201 0.043581 0.114669
0 0.569659 0.405693 0.092878 0.166109
0 0.637174 0.409979 0.059299 0.123242
0 0.672182 0.426590 0.057870 0.143604
0 0.704332 0.427662 0.050726 0.135031
0 0.725766 0.446952 0.036437 0.126457
0 0.750772 0.442665 0.035008 0.113597
0 0.549297 0.610382 0.060728 0.140389
0 0.599308 0.618956 0.060728 0.155393
0 0.648963 0.643068 0.072874 0.150034
0 0.672897 0.607703 0.059299 0.111454
0 0.716835 0.606632 0.068587 0.113597
0 0.740769 0.595379 0.069302 0.106096
0 0.742913 0.549833 0.075017 0.090021
0 0.502858 0.609847 0.057870 0.137174
0 0.459276 0.609311 0.059299 0.146819
0 0.407122 0.602881 0.073588 0.148963
0 0.373543 0.589485 0.055013 0.115741
0 0.317101 0.584662 0.083591 0.118956
0 0.305670 0.540724 0.082162 0.099666
