0 0.471685 0.824854 0.141577 0.234894
0 0.360921 0.786121 0.103268 0.207407
0 0.294297 0.716153 0.119924 0.212404
0 0.250991 0.607452 0.173224 0.214903
0 0.209351 0.546229 0.156568 0.227398
0 0.180399 0.462356 0.161607 0.284744
0 0.146574 0.354520 0.161607 0.198757
0 0.154560 0.225540 0.156909 0.135324
0 0.598067 0.831446 0.141931 0.202524
0 0.703312 0.794384 0.106384 0.191527
0 0.771280 0.697734 0.128843 0.232315
0 0.815607 0.609064 0.146574 0.214581
0 0.850477 0.516847 0.147756 0.221674
0 0.875300 0.406010 0.169033 0.258916
0 0.901896 0.292513 0.172579 0.216354
0 0.891258 0.173695 0.144210 0.141872
