0 0.370660 0.109036 0.078579 0.124485
0 0.318755 0.140727 0.091034 0.125145
0 0.275442 0.179722 0.098416 0.141453
0 0.252812 0.266306 0.121068 0.178451
0 0.235787 0.368556 0.110719 0.161725
0 0.210906 0.525242 0.159456 0.218751
0 0.185713 0.690483 0.138528 0.214719
0 0.421280 0.095113 0.086739 0.125632
0 0.479205 0.106263 0.091387 0.132830
0 0.532275 0.144761 0.106067 0.133802
0 0.588049 0.240184 0.113101 0.163151
0 0.629554 0.344421 0.119152 0.159638
0 0.706730 0.462935 0.160783 0.217847
0 0.761305 0.619802 0.162892 0.222506
