0 0.583965 0.412984 0.105219 0.181503
0 0.508119 0.405093 0.067515 0.168350
0 0.451126 0.415614 0.060501 0.155198
0 0.410354 0.410354 0.045595 0.149937
0 0.384049 0.409038 0.033319 0.142045
0 0.359498 0.417587 0.049102 0.124947
0 0.322671 0.412984 0.056117 0.136785
0 0.681731 0.416930 0.097327 0.173611
0 0.759768 0.426794 0.067515 0.161774
0 0.818077 0.440604 0.064885 0.160459
0 0.864110 0.461648 0.055240 0.142045
0 0.896991 0.464278 0.033319 0.121002
0 0.919350 0.458360 0.039457 0.111795
0 0.951792 0.445865 0.046472 0.121002
0 0.651918 0.549111 0.069269 0.151252
0 0.708474 0.540562 0.061378 0.126263
0 0.765906 0.558975 0.069269 0.155198
0 0.811062 0.559633 0.063131 0.151252
0 0.847012 0.557660 0.047348 0.121002
0 0.878577 0.557002 0.061378 0.117056
0 0.921980 0.539904 0.060501 0.106534
0 0.591418 0.538589 0.067515 0.130208
0 0.533109 0.531355 0.066639 0.123632
0 0.479623 0.530698 0.061378 0.130208
0 0.443234 0.534643 0.067515 0.106534
0 0.401585 0.518203 0.056117 0.110480
0 0.370458 0.509654 0.051733 0.090751
0 0.339331 0.502420 0.050856 0.081545
