0 0.451423 0.463890 0.115768 0.204170
0 0.382220 0.459030 0.093594 0.181587
0 0.333828 0.445123 0.077774 0.169488
0 0.300177 0.438804 0.053393 0.132717
0 0.288806 0.463976 0.060477 0.129493
0 0.263475 0.449777 0.054323 0.137730
0 0.534237 0.473152 0.099199 0.200874
0 0.598428 0.483866 0.082191 0.174925
0 0.644936 0.480951 0.058075 0.152953
0 0.679707 0.496387 0.051291 0.131587
0 0.710508 0.498370 0.045988 0.129591
0 0.731972 0.484596 0.038311 0.117249
0 0.449931 0.630411 0.074792 0.147500
0 0.405313 0.629021 0.073750 0.163764
0 0.354349 0.626636 0.073136 0.157705
0 0.316607 0.598085 0.067624 0.138194
0 0.262802 0.583641 0.085036 0.131677
0 0.279928 0.550380 0.082065 0.054419
0 0.503380 0.636061 0.071287 0.152395
0 0.557750 0.653898 0.071799 0.167051
0 0.615700 0.660981 0.081642 0.169413
0 0.652106 0.632906 0.069553 0.131641
0 0.695876 0.630640 0.070870 0.101907
0 0.716436 0.611878 0.070285 0.104411
0 0.727540 0.569259 0.064810 0.072926
0 0.261121 0.524834 0.070517 0.061747
