0 0.550808 0.780904 0.135583 0.196439
0 0.490314 0.776200 0.109146 0.165134
0 0.448927 0.740736 0.136023 0.198706
0 0.399990 0.650296 0.141502 0.167062
0 0.350422 0.564682 0.137159 0.159676
0 0.316467 0.466626 0.174234 0.208314
0 0.277068 0.356693 0.164918 0.197780
0 0.233248 0.252876 0.126258 0.146270
0 0.625321 0.771054 0.125343 0.164434
0 0.679311 0.721893 0.112779 0.156989
0 0.704322 0.653186 0.118027 0.149672
0 0.711910 0.562688 0.137138 0.145049
0 0.721567 0.473585 0.127751 0.148227
0 0.719696 0.371437 0.151625 0.179548
0 0.703336 0.259516 0.146907 0.195306
