0 0.544207 0.108169 0.089217 0.190490
0 0.484327 0.128665 0.110918 0.176022
0 0.423241 0.195578 0.120563 0.182051
0 0.364567 0.301673 0.125386 0.165172
0 0.342464 0.441527 0.134227 0.182051
0 0.320763 0.628400 0.164770 0.264034
0 0.280575 0.812259 0.135835 0.207369
0 0.616544 0.100333 0.092432 0.191696
0 0.677228 0.128665 0.101273 0.200135
0 0.735098 0.199195 0.114133 0.196518
0 0.784529 0.305290 0.110114 0.182051
0 0.808240 0.440924 0.131816 0.188079
0 0.843203 0.632017 0.148695 0.261622
0 0.860886 0.840591 0.126190 0.249566
