0 0.442487 0.068116 0.074303 0.111454
0 0.391761 0.091692 0.080018 0.130744
0 0.338535 0.120092 0.090735 0.136103
0 0.289952 0.203682 0.095022 0.142533
0 0.274949 0.316208 0.117884 0.146819
0 0.246013 0.444809 0.132888 0.206833
0 0.224937 0.605024 0.137889 0.180041
0 0.212791 0.772741 0.123600 0.198260
0 0.502143 0.060614 0.066444 0.117884
0 0.564300 0.081511 0.073588 0.116812
0 0.620027 0.116341 0.085019 0.139318
0 0.673611 0.191358 0.093593 0.154321
0 0.695402 0.309242 0.112883 0.156464
0 0.728266 0.429270 0.127172 0.207905
0 0.771491 0.598594 0.145033 0.207905
0 0.791852 0.763632 0.130030 0.205761
