0 0.400790 0.375125 0.127056 0.179269
0 0.315548 0.422942 0.157645 0.194904
0 0.245832 0.422183 0.102147 0.183355
0 0.198276 0.413307 0.100936 0.169324
0 0.163382 0.387669 0.104493 0.171355
0 0.490533 0.364411 0.143306 0.201626
0 0.588441 0.379522 0.148279 0.215451
0 0.638873 0.326168 0.075787 0.129807
0 0.689123 0.308456 0.152230 0.207553
0 0.473298 0.574142 0.111433 0.173863
0 0.421146 0.582791 0.113673 0.179913
0 0.362121 0.583824 0.106075 0.158249
0 0.306215 0.589056 0.121497 0.155504
0 0.242964 0.558178 0.094080 0.145373
0 0.539626 0.597411 0.144576 0.230454
0 0.621051 0.581463 0.141948 0.219913
0 0.673450 0.567155 0.133350 0.235343
0 0.714795 0.520150 0.144952 0.252514
