0 0.495305 0.391097 0.123830 0.195031
0 0.428923 0.399820 0.097421 0.198482
0 0.375273 0.397658 0.088718 0.173291
0 0.336374 0.414887 0.064482 0.148833
0 0.309989 0.410265 0.051689 0.146055
0 0.284080 0.410209 0.047139 0.148627
0 0.265515 0.401997 0.033623 0.114190
0 0.568603 0.383640 0.104304 0.184648
0 0.630441 0.370271 0.089712 0.190398
0 0.677872 0.361456 0.077641 0.192283
0 0.717652 0.371713 0.045854 0.162291
0 0.737934 0.372233 0.031183 0.154598
0 0.754825 0.380525 0.034101 0.130201
0 0.768937 0.363962 0.032423 0.106193
0 0.549345 0.582128 0.078872 0.135695
0 0.490568 0.591854 0.073122 0.146095
0 0.427682 0.613821 0.082384 0.178683
0 0.385527 0.596409 0.076810 0.144399
0 0.351468 0.578573 0.057260 0.115678
0 0.329432 0.572765 0.062021 0.118445
0 0.303934 0.553214 0.068556 0.115011
0 0.282544 0.520283 0.042285 0.090973
0 0.601952 0.583523 0.073942 0.145718
0 0.660240 0.589962 0.084012 0.177720
0 0.699378 0.571876 0.077447 0.153875
0 0.732668 0.562958 0.063805 0.149803
0 0.754541 0.527229 0.089223 0.120072
0 0.759792 0.475402 0.072454 0.082228
