0 0.471065 0.858073 0.069123 0.108507
0 0.422840 0.837577 0.056263 0.115741
0 0.380240 0.794174 0.070730 0.125386
0 0.356128 0.720631 0.086806 0.127797
0 0.327193 0.655527 0.077160 0.118152
0 0.311921 0.567515 0.101273 0.149498
0 0.289416 0.477093 0.094843 0.137442
0 0.532150 0.842400 0.069123 0.115741
0 0.577160 0.815876 0.069123 0.106096
0 0.611722 0.760417 0.070730 0.106096
0 0.626993 0.682051 0.078768 0.098862
0 0.646283 0.612124 0.081983 0.094039
0 0.655928 0.531346 0.098058 0.120563
0 0.664770 0.431279 0.099666 0.137442
0 0.275022 0.401207 0.071649 0.083499
