0 0.447070 0.297277 0.085394 0.129150
0 0.385671 0.296748 0.072691 0.134443
0 0.338739 0.308922 0.081865 0.163025
0 0.306981 0.339092 0.052224 0.132326
0 0.283692 0.349678 0.032464 0.119622
0 0.267813 0.353913 0.034581 0.121739
0 0.251228 0.364499 0.028229 0.115388
0 0.516585 0.289338 0.086100 0.138677
0 0.577984 0.275576 0.066339 0.157732
0 0.626327 0.279810 0.061399 0.176787
0 0.667259 0.291455 0.045873 0.149263
0 0.692313 0.308393 0.045167 0.128091
0 0.720190 0.324801 0.030347 0.110095
0 0.515879 0.678375 0.067751 0.114329
0 0.567398 0.672553 0.071985 0.142912
0 0.610095 0.661966 0.088217 0.145029
0 0.638324 0.626503 0.074102 0.093157
0 0.675728 0.598980 0.078337 0.093157
0 0.467536 0.679963 0.067045 0.115388
0 0.426603 0.682609 0.059988 0.124915
0 0.382495 0.688432 0.062105 0.157732
0 0.346502 0.674140 0.052224 0.133384
0 0.324977 0.665672 0.054342 0.127033
0 0.303100 0.639206 0.050107 0.103743
0 0.297101 0.616446 0.074808 0.104802
