0 0.498538 0.797786 0.108759 0.145717
0 0.428913 0.793349 0.099189 0.117884
0 0.383560 0.729725 0.120459 0.141378
0 0.347392 0.641858 0.120154 0.145974
0 0.312582 0.565983 0.132569 0.120075
0 0.281589 0.459391 0.156090 0.190368
0 0.245857 0.350293 0.138102 0.155009
0 0.216201 0.241861 0.134171 0.149742
0 0.572730 0.793360 0.113960 0.126416
0 0.627949 0.765081 0.089765 0.104007
0 0.656914 0.697825 0.109420 0.130341
0 0.673787 0.605625 0.118791 0.150402
0 0.680119 0.525676 0.120816 0.130598
0 0.684095 0.410290 0.145793 0.216602
0 0.685932 0.281406 0.119639 0.175306
0 0.679644 0.176598 0.080884 0.119629
