0 0.560039 0.160702 0.097906 0.136388
0 0.504099 0.161613 0.094411 0.134581
0 0.452420 0.200673 0.116155 0.140797
0 0.387727 0.270399 0.112538 0.147307
0 0.323603 0.356071 0.093760 0.130892
0 0.269152 0.482748 0.117349 0.219630
0 0.223167 0.647680 0.121860 0.200174
0 0.605807 0.171941 0.101016 0.140510
0 0.659798 0.203646 0.103448 0.158808
0 0.695218 0.256796 0.100264 0.167776
0 0.724450 0.357028 0.112802 0.153310
0 0.736336 0.457371 0.120539 0.170160
0 0.750688 0.601249 0.120892 0.226211
0 0.728449 0.772904 0.131236 0.217314
