0 0.408681 0.891165 0.149995 0.217670
0 0.315020 0.850749 0.144577 0.215842
0 0.249862 0.805104 0.160375 0.203986
0 0.203282 0.690610 0.170866 0.185092
0 0.153272 0.568929 0.165955 0.175685
0 0.120295 0.403991 0.223384 0.284647
0 0.077915 0.263567 0.155830 0.182942
0 0.502232 0.887768 0.155633 0.224464
0 0.575011 0.843212 0.140704 0.184655
0 0.620408 0.754700 0.122982 0.171769
0 0.647580 0.616813 0.183330 0.195832
0 0.646539 0.495587 0.164597 0.186427
0 0.642304 0.336618 0.213216 0.273092
0 0.664700 0.193729 0.144061 0.185247
