0 0.446148 0.168451 0.090021 0.127797
0 0.383456 0.211854 0.073945 0.122975
0 0.346483 0.284192 0.102881 0.147087
0 0.318351 0.367380 0.107703 0.154321
0 0.299061 0.442130 0.104488 0.139853
0 0.282182 0.519290 0.125386 0.173611
0 0.258873 0.602479 0.110918 0.166377
0 0.528935 0.168451 0.085198 0.151910
0 0.577160 0.244406 0.081983 0.120563
0 0.612526 0.322772 0.098058 0.156732
0 0.629405 0.424045 0.102881 0.132620
0 0.656732 0.498794 0.109311 0.127797
0 0.675219 0.588011 0.130208 0.176022
0 0.700939 0.673611 0.123778 0.173611
