0 0.502288 0.342105 0.139798 0.193441
0 0.389252 0.304235 0.126012 0.187224
0 0.340403 0.311273 0.095647 0.176604
0 0.309459 0.309074 0.090268 0.173201
0 0.286304 0.293021 0.087133 0.172321
0 0.261340 0.282869 0.073516 0.169674
0 0.578540 0.351482 0.128426 0.184647
0 0.690966 0.366049 0.127007 0.194197
0 0.743908 0.377665 0.094029 0.180417
0 0.774777 0.394926 0.081123 0.158255
0 0.819802 0.400697 0.092948 0.183278
0 0.527736 0.515155 0.100413 0.166918
0 0.581069 0.528172 0.096762 0.150240
0 0.637211 0.538091 0.120960 0.201006
0 0.682547 0.550215 0.091317 0.170678
0 0.718007 0.559758 0.098092 0.148656
0 0.777844 0.541581 0.074655 0.106022
0 0.801780 0.481049 0.057129 0.050250
0 0.473338 0.497476 0.101823 0.157527
0 0.428449 0.494223 0.096730 0.174418
0 0.388939 0.486543 0.079960 0.164392
0 0.351576 0.480323 0.081104 0.163648
0 0.320053 0.468201 0.075177 0.128183
0 0.294027 0.415517 0.082501 0.114134
