0 0.429918 0.136411 0.173701 0.182387
0 0.331889 0.190298 0.118667 0.176465
0 0.265676 0.281491 0.154783 0.207258
0 0.220531 0.390450 0.164242 0.207258
0 0.186565 0.494078 0.165102 0.201336
0 0.155178 0.613103 0.181440 0.240419
0 0.131101 0.742195 0.186599 0.211995
0 0.568362 0.147662 0.165102 0.190677
0 0.682300 0.197404 0.124686 0.183571
0 0.748512 0.294519 0.160802 0.235681
0 0.772160 0.439599 0.173701 0.184755
0 0.809136 0.544412 0.165102 0.164622
0 0.817735 0.680018 0.201218 0.203705
0 0.849981 0.803188 0.198638 0.196599
