0 0.414821 0.433852 0.165117 0.261252
0 0.313921 0.415389 0.165817 0.276499
0 0.235794 0.388098 0.119572 0.265671
0 0.200706 0.405411 0.102841 0.269812
0 0.165073 0.408168 0.086421 0.276160
0 0.518426 0.418166 0.163956 0.263253
0 0.600686 0.384092 0.142889 0.277604
0 0.651804 0.342013 0.133446 0.313066
0 0.684303 0.362660 0.085878 0.274353
0 0.707079 0.375218 0.057172 0.193278
0 0.738467 0.372158 0.073468 0.186047
0 0.550114 0.726013 0.132168 0.245801
0 0.613525 0.716226 0.125968 0.273543
0 0.672450 0.720201 0.131388 0.264206
0 0.723056 0.698206 0.103785 0.211515
0 0.738565 0.671512 0.097455 0.190428
0 0.762180 0.656812 0.117819 0.191606
0 0.483690 0.730971 0.138615 0.251756
0 0.417990 0.741080 0.126141 0.234855
0 0.358892 0.777401 0.135905 0.256425
0 0.302486 0.755632 0.091655 0.215264
0 0.268540 0.750317 0.093085 0.208193
