0 0.435781 0.679530 0.096451 0.128893
0 0.388603 0.683244 0.055381 0.104540
0 0.346289 0.630040 0.065338 0.115741
0 0.324199 0.564236 0.079650 0.105473
0 0.304908 0.486764 0.087117 0.103607
0 0.287485 0.406493 0.092095 0.172678
0 0.269439 0.317820 0.097073 0.131608
0 0.499988 0.689777 0.075294 0.113874
0 0.548835 0.679043 0.062226 0.098006
0 0.579637 0.628174 0.071560 0.108274
0 0.601105 0.553969 0.079650 0.098006
0 0.621018 0.478364 0.080894 0.109207
0 0.632841 0.385025 0.103295 0.146543
0 0.650886 0.295886 0.088361 0.126941
