0 0.459305 0.788548 0.083504 0.112474
0 0.405624 0.778323 0.061350 0.086912
0 0.363020 0.715695 0.068166 0.115031
0 0.339162 0.631339 0.088616 0.094581
0 0.318712 0.555930 0.088616 0.092025
0 0.299114 0.471575 0.103954 0.153374
0 0.268439 0.394888 0.093729 0.127812
0 0.265883 0.290082 0.109066 0.117587
0 0.530027 0.783436 0.071575 0.107362
0 0.579448 0.764264 0.054533 0.094581
0 0.616087 0.701636 0.080095 0.107362
0 0.634833 0.616002 0.090320 0.109918
0 0.647614 0.536759 0.088616 0.104806
0 0.662100 0.451125 0.114179 0.138037
0 0.674029 0.357822 0.103954 0.109918
0 0.669768 0.267076 0.115883 0.107362
