0 0.391323 0.394475 0.147544 0.222674
0 0.250490 0.392994 0.149047 0.227973
0 0.184663 0.413900 0.126724 0.240574
0 0.123345 0.394512 0.130733 0.238509
0 0.489495 0.399941 0.135335 0.213504
0 0.575219 0.413761 0.127430 0.239382
0 0.640146 0.414486 0.103491 0.224936
0 0.698310 0.438098 0.122190 0.259194
0 0.400714 0.532661 0.107684 0.189653
0 0.276986 0.513516 0.135654 0.216100
0 0.476997 0.544663 0.101944 0.191505
0 0.526299 0.547422 0.091126 0.165886
0 0.582230 0.564172 0.072243 0.164846
0 0.636475 0.576762 0.113721 0.176331
