0 0.426055 0.882186 0.117348 0.171200
0 0.354520 0.880980 0.090021 0.163966
0 0.298257 0.813465 0.106096 0.159144
0 0.272537 0.697724 0.118956 0.139853
0 0.240387 0.597656 0.122171 0.147087
0 0.215471 0.455392 0.152713 0.204958
0 0.202611 0.309510 0.155928 0.173611
0 0.527730 0.888817 0.115741 0.141059
0 0.597656 0.896050 0.072338 0.155527
0 0.650704 0.798394 0.125386 0.169994
0 0.680845 0.697121 0.118152 0.155527
0 0.727865 0.594039 0.139853 0.159144
0 0.754389 0.456597 0.144676 0.209780
0 0.783324 0.319155 0.159144 0.180845
