0 0.415184 0.886432 0.151696 0.200925
0 0.318578 0.843308 0.114826 0.187732
0 0.264123 0.765761 0.133953 0.210655
0 0.232491 0.640896 0.193410 0.211693
0 0.212991 0.544496 0.184892 0.190210
0 0.205133 0.411256 0.213530 0.198240
0 0.204092 0.330874 0.177920 0.117303
0 0.530231 0.898980 0.159077 0.202041
0 0.637612 0.885919 0.138599 0.196932
0 0.721421 0.822087 0.148347 0.242279
0 0.767518 0.724948 0.151053 0.257385
0 0.815092 0.636625 0.167587 0.225046
0 0.852088 0.547489 0.166707 0.221266
0 0.872276 0.441108 0.166558 0.166047
