0 0.438123 0.245838 0.070499 0.084614
0 0.391625 0.247621 0.066373 0.079831
0 0.358825 0.284750 0.084923 0.104615
0 0.331908 0.325831 0.083533 0.112081
0 0.333168 0.373766 0.102858 0.109762
0 0.285000 0.433736 0.121594 0.184586
0 0.235642 0.529711 0.109716 0.168114
0 0.481151 0.255919 0.068684 0.101821
0 0.525084 0.253866 0.072929 0.087044
0 0.561577 0.283826 0.075626 0.105813
0 0.566617 0.331046 0.093948 0.107739
0 0.558776 0.388029 0.099772 0.114875
0 0.588446 0.451178 0.123139 0.171700
0 0.626413 0.544658 0.110333 0.167092
