0 0.476691 0.397521 0.122171 0.233893
0 0.400334 0.387876 0.085198 0.209780
0 0.340053 0.384259 0.073945 0.188079
0 0.289416 0.373409 0.059478 0.161555
0 0.254855 0.351707 0.048225 0.132620
0 0.232832 0.365307 0.064622 0.128762
0 0.188465 0.375434 0.074267 0.157697
0 0.640542 0.423528 0.085428 0.206680
0 0.708035 0.429424 0.069269 0.169665
0 0.759329 0.444550 0.063131 0.157828
0 0.811939 0.443234 0.070146 0.131524
0 0.857095 0.439289 0.049979 0.128893
0 0.540877 0.628142 0.071649 0.179123
0 0.600584 0.637098 0.073486 0.180500
0 0.647891 0.635031 0.067056 0.181878
0 0.696576 0.624697 0.070730 0.152943
0 0.747097 0.625386 0.085428 0.162588
0 0.759039 0.608851 0.118496 0.159832
0 0.800375 0.573716 0.105636 0.163966
0 0.479360 0.622492 0.066229 0.170718
0 0.419560 0.629244 0.075231 0.176505
0 0.371013 0.664931 0.073302 0.164931
0 0.347544 0.574749 0.094522 0.156250
0 0.315394 0.546296 0.091950 0.134066
0 0.285172 0.527006 0.124100 0.149498
