0 0.421538 0.113422 0.103102 0.165216
0 0.364919 0.146204 0.119057 0.164996
0 0.306571 0.189306 0.115719 0.173303
0 0.252443 0.278644 0.121442 0.160127
0 0.194483 0.453272 0.170819 0.249006
0 0.172125 0.630622 0.155229 0.261544
0 0.178514 0.830923 0.149022 0.272023
0 0.482305 0.115063 0.099253 0.163137
0 0.542445 0.146572 0.107176 0.175351
0 0.589655 0.189599 0.135065 0.193228
0 0.644916 0.293700 0.103715 0.173320
0 0.687734 0.404294 0.132262 0.170402
0 0.775815 0.640904 0.170218 0.244115
0 0.800654 0.820734 0.152913 0.233960
