0 0.421429 0.466658 0.119841 0.214339
0 0.340079 0.451178 0.084127 0.209576
0 0.278571 0.433317 0.078571 0.166708
0 0.228571 0.433912 0.061111 0.163136
0 0.197222 0.458918 0.058730 0.151228
0 0.152778 0.429149 0.060317 0.125031
0 0.517063 0.458323 0.126984 0.231010
0 0.596429 0.449392 0.103175 0.208385
0 0.659127 0.434507 0.088889 0.204813
0 0.704365 0.455346 0.069841 0.177425
0 0.738889 0.419623 0.054762 0.160754
0 0.763492 0.426172 0.032540 0.159564
0 0.788095 0.390449 0.065873 0.128604
0 0.453175 0.597643 0.076984 0.176235
0 0.395238 0.611933 0.094444 0.190524
0 0.333730 0.617887 0.080952 0.226247
0 0.276190 0.591690 0.070635 0.226247
0 0.230952 0.589308 0.053175 0.173853
0 0.192680 0.593336 0.073658 0.150774
0 0.512847 0.623989 0.084028 0.170876
0 0.577431 0.614091 0.077083 0.188589
0 0.636458 0.601588 0.071528 0.178170
0 0.695833 0.580749 0.075000 0.155247
0 0.734375 0.568246 0.056250 0.169834
0 0.768056 0.577624 0.050000 0.163583
0 0.786508 0.485115 0.065873 0.089308
0 0.156319 0.522658 0.063187 0.100575
0 0.122782 0.483363 0.040726 0.064129
