0 0.529634 0.431086 0.091867 0.148911
0 0.473463 0.422050 0.070385 0.126150
0 0.427225 0.423539 0.068461 0.128073
0 0.400954 0.431827 0.058488 0.129962
0 0.385910 0.457666 0.054008 0.108493
0 0.364254 0.457475 0.042580 0.094823
0 0.597957 0.442970 0.095166 0.151568
0 0.648984 0.450712 0.060960 0.121535
0 0.683577 0.458996 0.066695 0.131115
0 0.706290 0.478732 0.048274 0.098913
0 0.711628 0.494886 0.051101 0.098214
0 0.557904 0.690066 0.062804 0.108633
0 0.594697 0.693525 0.069639 0.126045
0 0.624599 0.700009 0.066852 0.132234
0 0.656778 0.701109 0.053928 0.097514
0 0.668128 0.690724 0.060368 0.101710
0 0.685624 0.677209 0.087424 0.112093
0 0.519186 0.694893 0.065554 0.117793
0 0.478447 0.689738 0.067949 0.119227
0 0.433348 0.688534 0.077337 0.139191
0 0.399561 0.671805 0.061586 0.105171
0 0.380833 0.658905 0.060013 0.093983
0 0.353449 0.623679 0.101365 0.122826
