0 0.428557 0.195507 0.128178 0.235057
0 0.343376 0.206835 0.104546 0.201486
0 0.282115 0.227235 0.082784 0.194644
0 0.227004 0.220345 0.075941 0.172886
0 0.177042 0.202726 0.067196 0.132376
0 0.153406 0.189158 0.056070 0.108545
0 0.529264 0.185259 0.128834 0.235990
0 0.616372 0.218564 0.100450 0.202086
0 0.678933 0.250899 0.088634 0.185300
0 0.727988 0.277911 0.088576 0.167563
0 0.766793 0.277883 0.054375 0.135026
0 0.794410 0.254463 0.061696 0.121351
0 0.517431 0.477078 0.092199 0.185549
0 0.586690 0.485665 0.093761 0.190978
0 0.651416 0.489197 0.101763 0.203951
0 0.722080 0.509326 0.101763 0.203951
0 0.761488 0.475233 0.106275 0.167027
0 0.795295 0.454961 0.103957 0.184598
0 0.819610 0.384319 0.088020 0.142698
0 0.461400 0.461298 0.092448 0.189113
0 0.386449 0.456690 0.096885 0.201836
0 0.333974 0.474685 0.084620 0.229351
0 0.285256 0.478092 0.101255 0.230515
0 0.220950 0.420809 0.151727 0.225178
0 0.179733 0.318039 0.111402 0.172706
