0 0.440701 0.222972 0.057870 0.103952
0 0.388546 0.235297 0.062157 0.100737
0 0.346036 0.279771 0.080018 0.131816
0 0.307813 0.348358 0.077875 0.116812
0 0.292810 0.431413 0.090735 0.128601
0 0.264232 0.548225 0.119313 0.197188
0 0.225294 0.694509 0.104310 0.174683
0 0.489283 0.220293 0.056441 0.113597
0 0.536437 0.239047 0.059299 0.110382
0 0.584305 0.275484 0.073588 0.118956
0 0.611454 0.357467 0.075017 0.115741
0 0.625386 0.444809 0.081447 0.123242
0 0.647534 0.552512 0.112883 0.192901
0 0.688615 0.684864 0.109311 0.178969
