0 0.447641 0.443507 0.101962 0.169478
0 0.383341 0.446952 0.074405 0.143298
0 0.340168 0.437996 0.067056 0.169478
0 0.317891 0.457992 0.044548 0.115774
0 0.297585 0.454480 0.036228 0.114329
0 0.281354 0.423428 0.031052 0.112918
0 0.529773 0.450246 0.096921 0.169377
0 0.591407 0.463655 0.071515 0.148205
0 0.639868 0.462243 0.060223 0.169377
0 0.672802 0.482357 0.036698 0.113624
0 0.711382 0.422016 0.066810 0.131267
0 0.745476 0.433903 0.022694 0.089642
0 0.436728 0.612269 0.072531 0.175926
0 0.397762 0.609375 0.070216 0.172454
0 0.366961 0.605284 0.037683 0.167555
0 0.338699 0.604947 0.057422 0.139966
0 0.319633 0.579377 0.037234 0.127853
0 0.295632 0.556161 0.053833 0.124489
0 0.278635 0.504155 0.043939 0.108105
0 0.480107 0.625687 0.076558 0.175420
0 0.526223 0.632017 0.067515 0.182653
0 0.584093 0.626139 0.079572 0.190791
0 0.619358 0.613932 0.074146 0.159144
0 0.655828 0.606246 0.066310 0.140155
0 0.701994 0.573781 0.088788 0.143123
