0 0.369792 0.777296 0.075553 0.120563
0 0.324781 0.729070 0.062693 0.106096
0 0.291024 0.656732 0.081983 0.115741
0 0.279771 0.574749 0.088413 0.106096
0 0.258070 0.496383 0.086806 0.113329
0 0.238780 0.395110 0.112526 0.161555
0 0.237172 0.258873 0.102881 0.144676
0 0.438111 0.772473 0.080376 0.125386
0 0.499196 0.773679 0.073945 0.098862
0 0.541795 0.714603 0.085198 0.110918
0 0.561889 0.630208 0.086806 0.110918
0 0.584394 0.551842 0.096451 0.108507
0 0.610114 0.455392 0.099666 0.171200
0 0.633423 0.338445 0.101273 0.168789
