0 0.354376 0.345705 0.222227 0.303834
0 0.239236 0.381067 0.169867 0.266250
0 0.173580 0.429995 0.151923 0.262108
0 0.136713 0.474977 0.110765 0.206470
0 0.098934 0.478972 0.088117 0.185459
0 0.073629 0.490217 0.098371 0.187826
0 0.041371 0.488884 0.079861 0.153201
0 0.486408 0.299689 0.213716 0.305512
0 0.596983 0.281590 0.162413 0.290025
0 0.671885 0.280507 0.145585 0.283712
0 0.737637 0.304500 0.095875 0.194534
0 0.767464 0.294912 0.086476 0.192364
0 0.796394 0.270132 0.077991 0.166124
0 0.822803 0.257822 0.062603 0.131005
0 0.419589 0.602833 0.155663 0.236261
0 0.344264 0.621574 0.143370 0.228567
0 0.274957 0.660539 0.151068 0.261910
0 0.215045 0.679774 0.123785 0.231330
0 0.170245 0.663101 0.096891 0.181414
0 0.134411 0.661964 0.095852 0.159238
0 0.099114 0.648270 0.082676 0.151698
0 0.081012 0.598571 0.049414 0.087895
0 0.497825 0.586275 0.152616 0.248041
0 0.585138 0.567832 0.147054 0.239972
0 0.666624 0.559314 0.147427 0.264732
0 0.717783 0.539268 0.132925 0.226841
0 0.755240 0.510375 0.107919 0.177273
0 0.784407 0.487170 0.107545 0.152513
0 0.804884 0.473864 0.099078 0.142539
0 0.808700 0.435923 0.113439 0.149556
