0 0.507502 0.338177 0.079304 0.132888
0 0.439272 0.332819 0.068587 0.145748
0 0.384259 0.330676 0.061443 0.145748
0 0.344250 0.325317 0.054298 0.152178
0 0.582876 0.341928 0.085734 0.148963
0 0.645748 0.340856 0.072874 0.151106
0 0.684685 0.362290 0.066444 0.157536
0 0.720408 0.376222 0.040724 0.136103
0 0.746128 0.398191 0.043581 0.145748
0 0.776849 0.359611 0.037866 0.128601
0 0.543939 0.613597 0.050726 0.124314
0 0.586806 0.613062 0.059299 0.121099
0 0.630030 0.628601 0.054298 0.152178
0 0.669324 0.638782 0.042867 0.142533
0 0.702904 0.610918 0.080018 0.133959
0 0.500357 0.615205 0.057870 0.146819
0 0.454990 0.623242 0.057156 0.137174
0 0.409979 0.607167 0.064300 0.139318
0 0.374614 0.602345 0.053584 0.131816
0 0.348180 0.583591 0.070730 0.128601
0 0.312100 0.476423 0.101452 0.169324
