0 0.461420 0.458823 0.152837 0.198095
0 0.374614 0.461049 0.106838 0.193643
0 0.303389 0.467726 0.115741 0.215901
0 0.241067 0.478855 0.097934 0.171385
0 0.195810 0.493323 0.075677 0.155805
0 0.155004 0.494436 0.080128 0.140224
0 0.128294 0.517806 0.065290 0.106838
0 0.556387 0.449920 0.132063 0.220353
0 0.635773 0.432114 0.080128 0.189192
0 0.686966 0.438791 0.087547 0.198095
0 0.734449 0.444355 0.081612 0.173611
0 0.777481 0.447694 0.046000 0.166934
0 0.816926 0.458522 0.060465 0.146855
0 0.543885 0.617911 0.094522 0.205440
0 0.608025 0.611400 0.078125 0.212674
0 0.663002 0.601997 0.083912 0.188079
0 0.716532 0.586806 0.082948 0.169271
0 0.744985 0.568721 0.064622 0.115741
0 0.790316 0.562934 0.081983 0.124421
0 0.479745 0.606337 0.089699 0.208333
0 0.415606 0.614294 0.096451 0.192419
0 0.346644 0.628762 0.089699 0.218461
0 0.282022 0.601997 0.078125 0.167824
0 0.231385 0.591146 0.075231 0.134549
0 0.183642 0.602720 0.076196 0.134549
0 0.140239 0.591869 0.051119 0.092593
