0 0.403537 0.080109 0.099869 0.152767
0 0.348527 0.096215 0.126579 0.172368
0 0.309097 0.164650 0.148620 0.170986
0 0.263302 0.256445 0.117788 0.182542
0 0.261714 0.385193 0.143108 0.188902
0 0.249136 0.529279 0.165077 0.233752
0 0.246228 0.723402 0.185934 0.256289
0 0.207974 0.838987 0.112477 0.167187
0 0.471453 0.072895 0.101791 0.112426
0 0.526846 0.078418 0.114840 0.154488
0 0.585153 0.135635 0.112084 0.163446
0 0.647162 0.216100 0.125659 0.187068
0 0.697036 0.312967 0.144747 0.192774
0 0.735883 0.466774 0.169075 0.260066
0 0.784502 0.635628 0.182132 0.231845
0 0.825020 0.805332 0.152355 0.206520
