0 0.464635 0.369792 0.114133 0.207369
0 0.389082 0.357735 0.088413 0.183256
0 0.336838 0.330006 0.080376 0.195313
0 0.299865 0.360147 0.057870 0.139853
0 0.274145 0.332417 0.045010 0.122975
0 0.243757 0.303162 0.052609 0.090751
0 0.568182 0.374842 0.108726 0.215699
0 0.644904 0.384706 0.076284 0.193340
0 0.705405 0.385364 0.076284 0.213068
0 0.738286 0.412326 0.061378 0.156513
0 0.780812 0.401147 0.055240 0.147306
0 0.821584 0.385364 0.047348 0.118371
0 0.531613 0.711908 0.066948 0.175313
0 0.597426 0.726375 0.078295 0.190632
0 0.650758 0.750204 0.073756 0.217865
0 0.689338 0.717014 0.066948 0.148080
0 0.723214 0.661899 0.118496 0.161210
0 0.765469 0.614363 0.109311 0.140542
0 0.784300 0.576472 0.112066 0.097828
0 0.474739 0.713569 0.075323 0.170855
0 0.418706 0.701168 0.075323 0.184634
0 0.366347 0.677745 0.077160 0.187390
0 0.327767 0.646054 0.069812 0.121252
0 0.285053 0.589561 0.105636 0.132275
0 0.273111 0.515157 0.103799 0.121252
