0 0.438915 0.436704 0.126190 0.268856
0 0.358539 0.427662 0.095647 0.236304
0 0.303482 0.418620 0.081983 0.264034
0 0.259677 0.427059 0.058674 0.182051
0 0.226321 0.436101 0.040188 0.142265
0 0.201003 0.418620 0.044207 0.150704
0 0.188003 0.398098 0.041516 0.134612
0 0.165149 0.368219 0.019290 0.086177
0 0.543101 0.437609 0.125386 0.236907
0 0.620563 0.454789 0.083791 0.231481
0 0.673611 0.430827 0.082586 0.236003
0 0.736605 0.452980 0.066310 0.182653
0 0.762225 0.488697 0.039183 0.098560
0 0.795983 0.434896 0.064501 0.128400
0 0.830042 0.441678 0.034963 0.102177
0 0.432183 0.616193 0.078366 0.152814
0 0.372806 0.617097 0.077763 0.154622
0 0.313428 0.606246 0.074749 0.156431
0 0.270327 0.608055 0.054856 0.151005
0 0.247420 0.561939 0.039183 0.089518
0 0.213059 0.553801 0.066913 0.123879
0 0.194372 0.494575 0.050034 0.090422
0 0.490958 0.619810 0.078969 0.152814
0 0.556665 0.622070 0.080175 0.150101
0 0.614837 0.624783 0.083189 0.155527
0 0.654924 0.602629 0.082586 0.136538
0 0.687174 0.597656 0.045814 0.104890
0 0.744743 0.572338 0.105493 0.113932
