0 0.463998 0.140694 0.122957 0.183760
0 0.412855 0.179394 0.121825 0.178435
0 0.356579 0.246319 0.122262 0.164545
0 0.328428 0.369186 0.135498 0.174986
0 0.330132 0.488490 0.142354 0.171358
0 0.319667 0.646559 0.184583 0.246435
0 0.332838 0.835087 0.180827 0.236739
0 0.337800 0.949719 0.147429 0.100562
0 0.543119 0.141966 0.110686 0.165898
0 0.614232 0.147026 0.118879 0.176538
0 0.673363 0.202640 0.136064 0.177648
0 0.738359 0.294576 0.142521 0.184106
0 0.796596 0.431085 0.150021 0.175530
0 0.853443 0.574150 0.190269 0.241288
0 0.909331 0.758387 0.181339 0.252504
