0 0.412837 0.150634 0.080733 0.135031
0 0.344965 0.165638 0.077875 0.147891
0 0.277806 0.237976 0.096451 0.163966
0 0.226366 0.340856 0.093593 0.148963
0 0.189215 0.463027 0.106453 0.163966
0 0.167781 0.615741 0.115026 0.235768
0 0.487140 0.139382 0.086448 0.131816
0 0.551798 0.147419 0.087163 0.137174
0 0.608239 0.197252 0.092878 0.172539
0 0.666824 0.295310 0.098594 0.152178
0 0.717193 0.392297 0.102166 0.174683
0 0.788995 0.629137 0.147176 0.213263
0 0.827575 0.798997 0.112883 0.160751
0 0.155993 0.788816 0.061443 0.140389
