0 0.461682 0.381277 0.150588 0.223737
0 0.394928 0.361708 0.106891 0.176282
0 0.352075 0.336373 0.117882 0.202307
0 0.320499 0.329083 0.072187 0.127700
0 0.302468 0.331440 0.085585 0.137695
0 0.277268 0.315953 0.063561 0.130128
0 0.547331 0.413523 0.148502 0.213051
0 0.607434 0.427399 0.103847 0.179154
0 0.645781 0.450755 0.078324 0.154640
0 0.677446 0.452195 0.080998 0.160844
0 0.706673 0.466194 0.070589 0.135475
0 0.728698 0.459539 0.066284 0.125791
0 0.413167 0.618738 0.102870 0.167756
0 0.363186 0.598912 0.101559 0.167453
0 0.314878 0.579817 0.110318 0.171338
0 0.289250 0.545240 0.092512 0.147985
0 0.243248 0.503197 0.101705 0.119692
0 0.261752 0.455889 0.075239 0.071373
0 0.255142 0.414828 0.090299 0.087347
0 0.462551 0.640153 0.096936 0.170731
0 0.507321 0.654633 0.105578 0.177692
0 0.558629 0.681672 0.108503 0.179609
0 0.600401 0.661274 0.105323 0.149701
0 0.645500 0.662363 0.098074 0.120095
0 0.666166 0.625697 0.092660 0.116362
0 0.687547 0.581347 0.105918 0.131216
