0 0.525710 0.092153 0.111657 0.158490
0 0.470385 0.115198 0.111836 0.159619
0 0.397906 0.154033 0.132931 0.181660
0 0.331506 0.259182 0.141997 0.178696
0 0.280336 0.377731 0.164240 0.198720
0 0.192759 0.616589 0.195531 0.261978
0 0.141847 0.801686 0.183568 0.251283
0 0.591440 0.112974 0.101876 0.156941
0 0.653216 0.097890 0.107716 0.156766
0 0.727222 0.120021 0.128238 0.179817
0 0.739127 0.244512 0.142703 0.206309
0 0.796057 0.350109 0.147151 0.192713
0 0.817357 0.498065 0.201945 0.260794
0 0.860621 0.655860 0.191345 0.244815
0 0.846665 0.846233 0.155202 0.220389
