0 0.444059 0.357639 0.132716 0.256944
0 0.364583 0.396991 0.114198 0.196759
0 0.298611 0.390625 0.091821 0.204861
0 0.254630 0.417824 0.070216 0.159722
0 0.227623 0.428819 0.064043 0.146991
0 0.187500 0.418403 0.070216 0.149306
0 0.149306 0.415509 0.052469 0.134259
0 0.546296 0.361690 0.131944 0.234954
0 0.625000 0.382523 0.087191 0.200231
0 0.683642 0.359954 0.091821 0.270833
0 0.727238 0.400463 0.060185 0.175926
0 0.754244 0.404514 0.046296 0.146991
0 0.785494 0.391204 0.048611 0.171296
0 0.817515 0.405671 0.043210 0.156250
0 0.463349 0.581597 0.092593 0.230324
0 0.401235 0.595486 0.088735 0.200231
0 0.333719 0.592014 0.084877 0.251157
0 0.289738 0.584491 0.064815 0.164352
0 0.250772 0.561343 0.065586 0.150463
0 0.211806 0.557292 0.064815 0.137731
0 0.182099 0.539352 0.065586 0.125000
0 0.532022 0.579861 0.087963 0.224537
0 0.595293 0.591435 0.101852 0.229167
0 0.659336 0.595486 0.083333 0.225694
0 0.699074 0.577546 0.079475 0.171296
0 0.731481 0.561921 0.064043 0.167824
0 0.765046 0.550347 0.069444 0.156250
0 0.785494 0.515625 0.070216 0.112269
