0 0.438781 0.506837 0.133780 0.173940
0 0.356071 0.496187 0.093200 0.158187
0 0.289576 0.483325 0.096932 0.181556
0 0.243375 0.485321 0.074284 0.154284
0 0.208125 0.485531 0.063826 0.139782
0 0.173924 0.463340 0.068308 0.145997
0 0.543462 0.516372 0.122948 0.168015
0 0.634374 0.532778 0.094220 0.149678
0 0.701310 0.547644 0.091430 0.183849
0 0.742049 0.575905 0.073743 0.136994
0 0.768688 0.564513 0.057749 0.130527
0 0.807724 0.559317 0.065186 0.128436
0 0.475536 0.682308 0.091917 0.184432
0 0.540486 0.695034 0.095486 0.176564
0 0.606490 0.713771 0.098229 0.213125
0 0.654241 0.697719 0.075017 0.159573
0 0.682020 0.684626 0.080518 0.138717
0 0.727257 0.665781 0.086544 0.122863
0 0.765768 0.652130 0.060169 0.101954
0 0.412898 0.684995 0.097999 0.190018
0 0.355694 0.652013 0.096246 0.173346
0 0.288203 0.663461 0.098700 0.196687
0 0.244276 0.637774 0.086190 0.150855
0 0.219417 0.612405 0.075782 0.125029
0 0.194937 0.588762 0.071513 0.126229
0 0.172853 0.547672 0.071923 0.119677
