0 0.495771 0.266205 0.098329 0.142276
0 0.439482 0.287063 0.109577 0.141670
0 0.372664 0.336375 0.125570 0.167783
0 0.307883 0.412884 0.127363 0.172467
0 0.251573 0.497287 0.143959 0.154946
0 0.209601 0.639642 0.194051 0.245515
0 0.156207 0.781736 0.158829 0.222437
0 0.541981 0.264995 0.094801 0.139326
0 0.595099 0.293888 0.100005 0.134122
0 0.650834 0.325167 0.125485 0.185913
0 0.686870 0.416042 0.122276 0.190510
0 0.699179 0.522227 0.145290 0.163794
0 0.692761 0.661506 0.173778 0.216279
0 0.689838 0.833664 0.175082 0.249677
