0 0.451060 0.506966 0.082162 0.144676
0 0.386045 0.525720 0.065015 0.141461
0 0.343893 0.520898 0.055013 0.155393
0 0.514289 0.518754 0.081447 0.157536
0 0.470350 0.601273 0.050726 0.112526
0 0.505716 0.607703 0.044296 0.080376
0 0.549654 0.594843 0.056441 0.151106
0 0.592878 0.596451 0.055727 0.156464
0 0.621814 0.620027 0.039295 0.113597
0 0.651463 0.606632 0.047154 0.112526
0 0.433199 0.588413 0.053584 0.129672
0 0.401049 0.602345 0.039295 0.103952
0 0.370328 0.630208 0.060728 0.114669
0 0.323174 0.615205 0.047868 0.138246
0 0.292095 0.587341 0.080018 0.144676
0 0.276735 0.534829 0.085019 0.097522
