0 0.398295 0.230519 0.055218 0.071542
0 0.356530 0.242809 0.065451 0.092999
0 0.319667 0.277907 0.066177 0.113791
0 0.301002 0.342046 0.072606 0.112057
0 0.286013 0.411441 0.080073 0.114762
0 0.277139 0.494738 0.117549 0.171965
0 0.247170 0.591637 0.108160 0.162575
0 0.442175 0.227450 0.052446 0.073532
0 0.484723 0.242113 0.059642 0.082768
0 0.527751 0.258395 0.065180 0.099530
0 0.565632 0.311416 0.074375 0.116547
0 0.587671 0.374363 0.092464 0.125454
0 0.612303 0.458624 0.102657 0.156732
0 0.635969 0.560591 0.107623 0.154896
0 0.672474 0.651739 0.078687 0.115757
