0 0.421061 0.286516 0.184259 0.320974
0 0.301812 0.274775 0.144212 0.286105
0 0.206953 0.234107 0.158032 0.341446
0 0.133647 0.253605 0.126782 0.266075
0 0.061815 0.238857 0.109561 0.237864
0 0.026945 0.223300 0.035804 0.184843
0 0.551475 0.294724 0.156166 0.305847
0 0.657919 0.271470 0.121061 0.295815
0 0.756539 0.275266 0.114192 0.303647
0 0.799960 0.302254 0.103632 0.275785
0 0.847317 0.323958 0.080687 0.219966
0 0.896776 0.288107 0.082328 0.181820
0 0.476429 0.609314 0.101623 0.237448
0 0.555528 0.618952 0.115833 0.265501
0 0.636022 0.636900 0.127254 0.309794
0 0.709739 0.627033 0.117658 0.265597
0 0.740661 0.595703 0.130822 0.238978
0 0.783066 0.589688 0.153583 0.256556
0 0.813406 0.539049 0.133231 0.182990
0 0.393505 0.613504 0.105750 0.243390
0 0.316733 0.598320 0.115561 0.269275
0 0.222691 0.608538 0.143743 0.323079
0 0.151568 0.607202 0.124871 0.285620
0 0.126612 0.546104 0.104060 0.190975
0 0.077617 0.548320 0.133778 0.233760
0 0.063365 0.471723 0.126729 0.213010
