0 0.489573 0.410107 0.157513 0.232195
0 0.400167 0.380295 0.114620 0.209728
0 0.326224 0.362906 0.127889 0.236082
0 0.272560 0.366842 0.093326 0.211413
0 0.241817 0.352542 0.052063 0.132170
0 0.219048 0.336451 0.059263 0.126604
0 0.196749 0.316541 0.040095 0.093075
0 0.595111 0.425836 0.149642 0.232303
0 0.675019 0.436755 0.094303 0.201858
0 0.722001 0.454157 0.106730 0.238860
0 0.779332 0.453441 0.107342 0.249685
0 0.795820 0.487595 0.058708 0.110411
0 0.512709 0.615700 0.110446 0.204915
0 0.581597 0.650195 0.105562 0.211841
0 0.638814 0.659436 0.113834 0.255857
0 0.703240 0.670116 0.095624 0.200945
0 0.740636 0.639254 0.092294 0.144635
0 0.782974 0.643344 0.067554 0.141597
0 0.447087 0.608750 0.112705 0.211643
0 0.383810 0.603751 0.107783 0.235764
0 0.331342 0.582905 0.113107 0.214917
0 0.289674 0.552307 0.105218 0.203198
0 0.231911 0.532473 0.133347 0.216327
0 0.194829 0.488588 0.106443 0.224849
