0 0.345182 0.259467 0.099326 0.136029
0 0.297653 0.315423 0.110368 0.155977
0 0.236662 0.344949 0.122487 0.180240
0 0.219838 0.445946 0.137323 0.174836
0 0.218205 0.542009 0.153405 0.187949
0 0.222841 0.670877 0.198218 0.248685
0 0.225484 0.825445 0.181780 0.231437
0 0.414147 0.268048 0.110555 0.145909
0 0.480023 0.259643 0.114495 0.167121
0 0.541032 0.273071 0.124907 0.189947
0 0.598849 0.359467 0.136779 0.180769
0 0.636719 0.443963 0.150447 0.176085
0 0.686461 0.582205 0.201188 0.244368
0 0.745275 0.726204 0.168767 0.200883
