0 0.510495 0.800592 0.106218 0.144443
0 0.453031 0.782644 0.099184 0.144392
0 0.403666 0.733292 0.101732 0.130401
0 0.367173 0.655161 0.104927 0.115218
0 0.341515 0.579185 0.111846 0.119197
0 0.305289 0.485378 0.136023 0.171308
0 0.265167 0.378834 0.139559 0.175946
0 0.577029 0.784818 0.106066 0.139145
0 0.618149 0.740605 0.099413 0.136535
0 0.641497 0.670728 0.103291 0.129387
0 0.645646 0.594640 0.111884 0.128423
0 0.650022 0.527030 0.093179 0.108984
0 0.645617 0.448343 0.116901 0.145202
0 0.631765 0.355158 0.134807 0.160536
