0 0.466452 0.880775 0.155146 0.204542
0 0.353741 0.848689 0.134659 0.226802
0 0.289050 0.772216 0.167913 0.253492
0 0.246534 0.610147 0.176612 0.234649
0 0.213568 0.467605 0.187014 0.215866
0 0.170691 0.291449 0.236122 0.331184
0 0.123342 0.124244 0.179856 0.248489
0 0.586436 0.838901 0.176478 0.230815
0 0.697340 0.776237 0.153752 0.237680
0 0.758841 0.663225 0.154514 0.235154
0 0.792589 0.490384 0.186114 0.238810
0 0.826677 0.344426 0.178586 0.218125
0 0.849719 0.148500 0.224991 0.280376
0 0.908980 0.038609 0.157567 0.054645
