0 0.466679 0.388544 0.165508 0.308640
0 0.384364 0.385790 0.132767 0.287583
0 0.314275 0.388954 0.110231 0.281691
0 0.258057 0.398465 0.104191 0.276359
0 0.210589 0.399852 0.109817 0.262858
0 0.570198 0.383667 0.148680 0.297476
0 0.647703 0.374920 0.123227 0.293626
0 0.708312 0.391962 0.104897 0.290525
0 0.755384 0.402022 0.098398 0.295714
0 0.793105 0.399258 0.097272 0.307339
0 0.836910 0.382048 0.105397 0.295275
0 0.871457 0.307596 0.073922 0.159083
0 0.491226 0.625585 0.123069 0.294295
0 0.419693 0.623099 0.127102 0.309398
0 0.353409 0.626939 0.150927 0.303339
0 0.285025 0.602860 0.135312 0.247873
0 0.212734 0.589198 0.137139 0.218705
0 0.163624 0.510567 0.091406 0.186986
0 0.564562 0.613500 0.110920 0.279562
0 0.627782 0.639997 0.116733 0.296075
0 0.702395 0.655917 0.111126 0.359098
0 0.763232 0.655776 0.103237 0.299550
0 0.814794 0.625580 0.125895 0.271911
0 0.856417 0.568882 0.097450 0.182431
