0 0.364883 0.209568 0.088274 0.157568
0 0.315244 0.248249 0.100596 0.138214
0 0.236081 0.265411 0.122858 0.188792
0 0.221850 0.392733 0.139838 0.168506
0 0.189078 0.497367 0.132882 0.170494
0 0.167263 0.660576 0.173687 0.245574
0 0.160981 0.834208 0.152599 0.217410
0 0.419854 0.204912 0.095247 0.170875
0 0.489457 0.216052 0.113896 0.182440
0 0.570144 0.235482 0.131483 0.218656
0 0.627834 0.335376 0.128629 0.209095
0 0.667979 0.439147 0.143311 0.189864
0 0.716727 0.579138 0.177884 0.265794
0 0.769522 0.766236 0.158741 0.244791
