0 0.424456 0.856315 0.088974 0.229150
0 0.343037 0.817284 0.094010 0.181305
0 0.296871 0.746777 0.115834 0.171233
0 0.254902 0.595689 0.119192 0.141015
0 0.222166 0.477337 0.137658 0.141015
0 0.211254 0.331285 0.135979 0.236704
0 0.184394 0.155016 0.159482 0.241741
0 0.509233 0.872683 0.107440 0.196414
0 0.584777 0.833652 0.083938 0.173751
0 0.642694 0.749295 0.112476 0.181305
0 0.693057 0.625907 0.115834 0.176269
0 0.730829 0.525181 0.120870 0.171233
0 0.761886 0.392979 0.142694 0.249295
0 0.800497 0.236855 0.125907 0.214041
