0 0.476258 0.191729 0.084580 0.171385
0 0.424323 0.208422 0.093483 0.160256
0 0.385743 0.270744 0.108321 0.178063
0 0.333808 0.340856 0.108321 0.149127
0 0.305615 0.456597 0.117225 0.162482
0 0.287067 0.590144 0.148386 0.206998
0 0.273712 0.748175 0.139482 0.198095
0 0.520032 0.149439 0.083096 0.175837
0 0.574935 0.176149 0.097934 0.162482
0 0.644676 0.193955 0.094967 0.166934
0 0.686966 0.254051 0.108321 0.166934
0 0.738901 0.346421 0.120192 0.146902
0 0.771546 0.482194 0.143934 0.231481
0 0.806416 0.665821 0.127612 0.224804
