0 0.498799 0.195298 0.122158 0.189708
0 0.433894 0.275790 0.125494 0.164425
0 0.357683 0.309112 0.119372 0.174203
0 0.334137 0.424706 0.142054 0.157928
0 0.311941 0.545547 0.138814 0.160253
0 0.285788 0.673842 0.171012 0.231398
0 0.256437 0.786453 0.161400 0.166936
0 0.599498 0.204916 0.127204 0.164544
0 0.699300 0.227355 0.121082 0.174323
0 0.740761 0.310132 0.116311 0.179092
0 0.754292 0.436049 0.132154 0.162339
0 0.772050 0.550666 0.141145 0.193587
0 0.791434 0.691163 0.189903 0.258236
0 0.803076 0.819524 0.190633 0.220012
