0 0.449673 0.139705 0.103152 0.151013
0 0.390672 0.164625 0.106940 0.144618
0 0.334898 0.228624 0.136084 0.158487
0 0.289744 0.334330 0.128670 0.185018
0 0.279324 0.466999 0.154393 0.171025
0 0.258699 0.622130 0.193148 0.256963
0 0.234246 0.803657 0.183597 0.222633
0 0.507197 0.137945 0.101257 0.154211
0 0.578682 0.153913 0.101786 0.177143
0 0.646694 0.176789 0.125472 0.208636
0 0.707312 0.264206 0.126511 0.198473
0 0.761554 0.392469 0.130849 0.184142
0 0.807874 0.539381 0.190500 0.272645
0 0.872848 0.713462 0.188403 0.236943
