0 0.442467 0.853552 0.069927 0.094039
0 0.391831 0.839084 0.050637 0.083189
0 0.349031 0.802011 0.071132 0.103082
0 0.321301 0.732386 0.078366 0.101273
0 0.304422 0.667282 0.078366 0.097656
0 0.286338 0.592231 0.102479 0.132017
0 0.265842 0.515372 0.095245 0.112124
0 0.250169 0.419524 0.075955 0.104890
0 0.504557 0.840893 0.063899 0.090422
0 0.548563 0.822808 0.050637 0.083189
0 0.588349 0.774884 0.069927 0.110315
0 0.611859 0.668186 0.083189 0.081380
0 0.631149 0.587710 0.097656 0.137442
0 0.646219 0.496383 0.096451 0.135634
0 0.661290 0.415907 0.090422 0.115741
