0 0.454186 0.689284 0.083591 0.137442
0 0.401942 0.671200 0.075553 0.130208
0 0.372203 0.604890 0.080376 0.122975
0 0.356932 0.520496 0.085198 0.108507
0 0.345679 0.443335 0.085198 0.108507
0 0.333623 0.342062 0.109311 0.142265
0 0.319155 0.228733 0.112526 0.137442
0 0.523309 0.692901 0.080376 0.130208
0 0.573142 0.666377 0.070730 0.135031
0 0.614133 0.608507 0.075553 0.115741
0 0.633423 0.532552 0.088413 0.113329
0 0.656732 0.466242 0.080376 0.091628
0 0.673611 0.387876 0.094843 0.113329
0 0.682452 0.286603 0.106096 0.137442
