0 0.515432 0.090278 0.087191 0.131944
0 0.461806 0.126736 0.083333 0.130787
0 0.418596 0.175347 0.095679 0.160880
0 0.375000 0.267940 0.094907 0.149306
0 0.342207 0.366319 0.101852 0.133102
0 0.275849 0.658565 0.129630 0.240741
0 0.264660 0.818866 0.128858 0.167824
0 0.573688 0.092014 0.074074 0.126157
0 0.637346 0.104167 0.084105 0.125000
0 0.694444 0.123843 0.091821 0.157407
0 0.749614 0.203125 0.078704 0.116898
0 0.780478 0.311921 0.111111 0.153935
0 0.804784 0.460648 0.147377 0.229167
0 0.851852 0.773148 0.118056 0.189815
