0 0.494511 0.258498 0.077483 0.107431
0 0.452265 0.273262 0.073914 0.099006
0 0.413094 0.310982 0.084193 0.120212
0 0.377161 0.361387 0.082576 0.113333
0 0.354751 0.431046 0.087526 0.117879
0 0.324417 0.510845 0.120890 0.162979
0 0.295586 0.615493 0.117178 0.153197
0 0.544684 0.259657 0.075674 0.107241
0 0.583412 0.274015 0.076770 0.100648
0 0.623856 0.311186 0.084144 0.128257
0 0.640719 0.385659 0.073674 0.113739
0 0.653702 0.453551 0.087049 0.121854
0 0.672541 0.530974 0.131458 0.161406
0 0.684102 0.638495 0.113226 0.158148
