0 0.499798 0.880640 0.132682 0.186654
0 0.414027 0.863479 0.134128 0.167394
0 0.352125 0.788004 0.126572 0.192764
0 0.305347 0.662949 0.151582 0.172967
0 0.271979 0.563938 0.162152 0.184555
0 0.236261 0.400994 0.192089 0.254547
0 0.204229 0.232885 0.181702 0.225830
0 0.189639 0.104466 0.184331 0.154121
0 0.598879 0.881436 0.151501 0.166097
0 0.678705 0.830981 0.124964 0.154835
0 0.740080 0.771007 0.143802 0.190306
0 0.760184 0.643631 0.152845 0.170835
0 0.786367 0.533773 0.131277 0.187624
0 0.798743 0.391438 0.176672 0.246937
0 0.812239 0.223041 0.181091 0.239476
0 0.804112 0.075496 0.152427 0.150991
