0 0.463420 0.358382 0.091846 0.174666
0 0.404551 0.347631 0.064042 0.165851
0 0.357038 0.326429 0.067492 0.180719
0 0.324706 0.319383 0.037190 0.150575
0 0.304221 0.304209 0.029999 0.104176
0 0.542235 0.369481 0.094101 0.151568
0 0.605625 0.365032 0.073793 0.145661
0 0.652270 0.344547 0.067895 0.173322
0 0.689413 0.350289 0.040768 0.142308
0 0.710576 0.326581 0.025002 0.092058
0 0.727580 0.327804 0.027227 0.097649
0 0.743537 0.312803 0.026194 0.068942
0 0.526982 0.496545 0.070570 0.174294
0 0.584529 0.506809 0.068878 0.168712
0 0.639184 0.499892 0.065785 0.204751
0 0.683613 0.484462 0.060803 0.163018
0 0.710804 0.465953 0.055709 0.145345
0 0.732580 0.437626 0.062961 0.134366
0 0.467460 0.492728 0.073923 0.183608
0 0.412660 0.492697 0.066639 0.192735
0 0.365847 0.477063 0.058337 0.174081
0 0.338142 0.448799 0.035158 0.125552
0 0.312460 0.426589 0.048938 0.123016
0 0.295080 0.370723 0.033255 0.107935
