0 0.445595 0.522988 0.082439 0.139377
0 0.399009 0.521391 0.056728 0.130219
0 0.365652 0.519535 0.062854 0.137318
0 0.337478 0.520698 0.050832 0.115076
0 0.316805 0.518525 0.041903 0.091546
0 0.294985 0.506333 0.045569 0.085476
0 0.272275 0.481674 0.048603 0.093863
0 0.509978 0.525081 0.086293 0.152154
0 0.558446 0.538424 0.062131 0.127022
0 0.596338 0.551205 0.056596 0.122137
0 0.624933 0.554760 0.045680 0.107004
0 0.641348 0.552086 0.031787 0.084027
0 0.662629 0.534526 0.040073 0.074140
0 0.687096 0.514550 0.034424 0.068167
0 0.461394 0.680659 0.072952 0.186201
0 0.503776 0.649623 0.054109 0.114791
0 0.546518 0.665704 0.078492 0.140025
0 0.580168 0.664895 0.071934 0.118081
0 0.601370 0.637790 0.063213 0.098036
0 0.632013 0.619644 0.064519 0.105967
0 0.661672 0.583287 0.057232 0.086072
0 0.430693 0.655703 0.056570 0.129219
0 0.398600 0.650882 0.056648 0.116475
0 0.359695 0.691854 0.080400 0.150447
0 0.349495 0.638749 0.064515 0.113633
0 0.328453 0.616917 0.061242 0.095653
0 0.300233 0.602815 0.061497 0.111241
0 0.279814 0.568321 0.062641 0.095800
