0 0.505511 0.845155 0.115741 0.161210
0 0.420773 0.842055 0.106096 0.163277
0 0.373925 0.763517 0.133653 0.183945
0 0.321566 0.648810 0.155699 0.186012
0 0.300209 0.516534 0.143298 0.173611
0 0.267141 0.374959 0.159832 0.217014
0 0.243717 0.232350 0.157077 0.192212
0 0.600584 0.828621 0.126764 0.169478
0 0.675678 0.837922 0.103340 0.167411
0 0.702546 0.720114 0.110229 0.159144
0 0.730793 0.602307 0.161210 0.171544
0 0.761106 0.476232 0.144676 0.146743
0 0.768684 0.329489 0.154321 0.212880
0 0.786596 0.183780 0.143298 0.190146
