0 0.486883 0.160301 0.087191 0.158565
0 0.428627 0.178819 0.095679 0.156250
0 0.354938 0.204282 0.111883 0.153935
0 0.331019 0.300347 0.116512 0.144676
0 0.296296 0.421875 0.138117 0.146991
0 0.272377 0.582755 0.165895 0.262731
0 0.248843 0.744213 0.121914 0.199074
0 0.548611 0.157986 0.096451 0.156250
0 0.614969 0.172454 0.093364 0.175926
0 0.686343 0.199074 0.104938 0.194444
0 0.714120 0.315394 0.104938 0.146991
0 0.742670 0.439815 0.128086 0.164352
0 0.776235 0.583912 0.153549 0.223380
0 0.821373 0.767361 0.137346 0.212963
