0 0.424383 0.272742 0.243280 0.371427
0 0.328476 0.290593 0.138914 0.225793
0 0.267106 0.244536 0.186022 0.307811
0 0.217258 0.252953 0.127390 0.194043
0 0.175454 0.240010 0.092286 0.175585
0 0.149066 0.204197 0.110921 0.185104
0 0.122677 0.168384 0.111357 0.186730
0 0.557463 0.328434 0.262574 0.387157
0 0.629435 0.386912 0.137452 0.261608
0 0.700202 0.371906 0.204915 0.344553
0 0.772313 0.406035 0.128954 0.226142
0 0.807819 0.429484 0.112027 0.200486
0 0.859739 0.411170 0.131298 0.201124
0 0.902614 0.433110 0.108766 0.192070
0 0.468866 0.557277 0.180384 0.301774
0 0.548570 0.584730 0.175146 0.274725
0 0.627169 0.629307 0.190388 0.331609
0 0.682750 0.627652 0.149767 0.243787
0 0.720519 0.577674 0.125436 0.190502
0 0.782923 0.578718 0.141917 0.206987
0 0.392528 0.523758 0.202291 0.327255
0 0.310964 0.509741 0.186435 0.294344
0 0.218883 0.502488 0.190366 0.316517
0 0.183958 0.448710 0.128931 0.211050
0 0.165380 0.405409 0.118502 0.187136
0 0.135269 0.366616 0.098489 0.168836
0 0.108942 0.321450 0.094098 0.150288
