0 0.446259 0.429474 0.125919 0.200019
0 0.361455 0.425178 0.100806 0.172548
0 0.300836 0.420997 0.092312 0.192683
0 0.260561 0.436794 0.061473 0.141636
0 0.240756 0.435738 0.048052 0.130572
0 0.218972 0.424812 0.042049 0.128948
0 0.204115 0.403796 0.036347 0.088890
0 0.540207 0.423487 0.129574 0.191548
0 0.619323 0.413775 0.094273 0.198349
0 0.676450 0.399293 0.105443 0.200425
0 0.728489 0.415940 0.062987 0.150559
0 0.757310 0.409514 0.057842 0.133626
0 0.784303 0.407710 0.055651 0.116952
0 0.807102 0.396231 0.048098 0.097610
0 0.553077 0.634363 0.092506 0.194898
0 0.613447 0.622944 0.091985 0.180567
0 0.678085 0.639047 0.105637 0.202640
0 0.728192 0.612348 0.095311 0.159980
0 0.758844 0.580097 0.109010 0.149091
0 0.781473 0.549664 0.135563 0.167897
0 0.491339 0.638649 0.084893 0.183243
0 0.428729 0.632968 0.098338 0.177826
0 0.368152 0.616510 0.091864 0.195940
0 0.325914 0.592868 0.097406 0.175547
0 0.284616 0.584207 0.071809 0.142540
0 0.252635 0.563016 0.079445 0.137714
0 0.229638 0.504216 0.064436 0.100139
