0 0.529318 0.833693 0.133831 0.219156
0 0.454685 0.764701 0.105966 0.193501
0 0.373513 0.699159 0.131621 0.198851
0 0.331006 0.570468 0.152430 0.202677
0 0.293910 0.444988 0.147294 0.185724
0 0.271661 0.258025 0.177819 0.272014
0 0.221856 0.116229 0.157339 0.205095
0 0.628100 0.820202 0.136923 0.218187
0 0.688623 0.738767 0.126147 0.199654
0 0.742315 0.656613 0.126025 0.186607
0 0.774789 0.533450 0.140687 0.204227
0 0.794625 0.406384 0.139355 0.185169
0 0.810396 0.238307 0.188512 0.289356
0 0.811164 0.088736 0.152140 0.177472
