0 0.452132 0.239047 0.052155 0.095379
0 0.406407 0.257802 0.057870 0.109311
0 0.372471 0.301740 0.071445 0.113597
0 0.342107 0.381044 0.076446 0.115741
0 0.318173 0.461956 0.084305 0.116812
0 0.289595 0.574481 0.111454 0.183256
0 0.253872 0.753987 0.095736 0.145748
0 0.500000 0.226187 0.057870 0.106096
0 0.545725 0.237976 0.056441 0.101809
0 0.583591 0.273341 0.070730 0.125386
0 0.620027 0.342464 0.063586 0.115741
0 0.645748 0.431413 0.086448 0.126457
0 0.675040 0.531079 0.112168 0.171468
0 0.703975 0.667717 0.108596 0.151106
