0 0.367536 0.838807 0.126560 0.166830
0 0.314096 0.773433 0.102260 0.138800
0 0.269386 0.686915 0.134914 0.172201
0 0.238558 0.597742 0.127154 0.152509
0 0.209884 0.512345 0.137875 0.146078
0 0.222426 0.379070 0.155245 0.211921
0 0.194930 0.276835 0.135755 0.184228
0 0.194307 0.147474 0.114326 0.151612
0 0.465485 0.855325 0.108921 0.165596
0 0.549028 0.812824 0.108248 0.155974
0 0.615561 0.748588 0.130945 0.183892
0 0.655583 0.648657 0.137112 0.157993
0 0.736076 0.384773 0.139041 0.208394
0 0.756423 0.243584 0.127323 0.154915
