0 0.466714 0.168853 0.061085 0.120563
0 0.435635 0.205022 0.056799 0.125386
0 0.398127 0.236368 0.076089 0.123778
0 0.374550 0.307099 0.082519 0.104488
0 0.354188 0.375418 0.103952 0.135031
0 0.326325 0.477495 0.108239 0.165574
0 0.315072 0.614133 0.105024 0.159144
0 0.512260 0.178498 0.053584 0.104488
0 0.554055 0.188143 0.068587 0.133423
0 0.591564 0.224312 0.090021 0.163966
0 0.618356 0.289416 0.072874 0.117348
0 0.638717 0.364969 0.094307 0.123778
0 0.659079 0.463027 0.120027 0.181649
0 0.694980 0.592432 0.101809 0.163966
