0 0.404395 0.403186 0.116920 0.208653
0 0.320617 0.376455 0.101367 0.194607
0 0.266097 0.384692 0.090649 0.194420
0 0.222797 0.364411 0.055390 0.191509
0 0.498567 0.404830 0.130702 0.208893
0 0.572188 0.399223 0.087265 0.175996
0 0.630415 0.397943 0.069211 0.194046
0 0.671559 0.410146 0.053578 0.175408
0 0.695011 0.404813 0.037019 0.147570
0 0.716446 0.383365 0.043669 0.133912
0 0.742317 0.393005 0.038674 0.110868
0 0.408240 0.667717 0.077329 0.163655
0 0.355897 0.687305 0.084959 0.171020
0 0.305636 0.664318 0.074762 0.170038
0 0.266151 0.638303 0.055850 0.160870
0 0.242898 0.603728 0.056288 0.155253
0 0.215123 0.475008 0.118212 0.203740
0 0.458195 0.662157 0.072874 0.153935
0 0.511092 0.672326 0.075340 0.172459
0 0.565299 0.668850 0.078485 0.168496
0 0.607030 0.658323 0.067119 0.161870
0 0.626850 0.628520 0.085921 0.134076
0 0.658193 0.598917 0.097667 0.162403
