0 0.450703 0.384259 0.129315 0.231481
0 0.367112 0.390689 0.097880 0.205761
0 0.293881 0.358003 0.085734 0.262560
0 0.250300 0.370328 0.051440 0.190758
0 0.229581 0.377829 0.048583 0.190758
0 0.194216 0.393368 0.075017 0.198260
0 0.149206 0.330676 0.060728 0.180041
0 0.560371 0.376222 0.138603 0.258273
0 0.662537 0.385331 0.100023 0.218621
0 0.725409 0.382652 0.077160 0.236840
0 0.790781 0.377829 0.067873 0.220765
0 0.815072 0.413194 0.035008 0.162894
0 0.835077 0.393368 0.040724 0.142533
0 0.570016 0.616812 0.089306 0.220765
0 0.632530 0.616812 0.082876 0.227195
0 0.684685 0.625386 0.081447 0.267918
0 0.734339 0.623778 0.077875 0.241127
0 0.763632 0.607167 0.063586 0.182184
0 0.812214 0.570195 0.096451 0.181113
0 0.474637 0.618956 0.082876 0.225051
0 0.408193 0.605560 0.091449 0.211120
0 0.342107 0.600201 0.090735 0.230410
0 0.273162 0.610382 0.087163 0.231481
0 0.247442 0.572338 0.084305 0.185400
0 0.173854 0.553584 0.112883 0.171468
