0 0.435020 0.668591 0.108474 0.137048
0 0.354814 0.653370 0.101453 0.134104
0 0.292105 0.593203 0.104663 0.162606
0 0.272193 0.493240 0.122246 0.137770
0 0.252841 0.420441 0.118939 0.140172
0 0.240037 0.340824 0.118668 0.135006
0 0.221798 0.256312 0.114142 0.114163
0 0.521958 0.664035 0.114451 0.152816
0 0.605114 0.653202 0.098280 0.139089
0 0.654256 0.602713 0.117526 0.178734
0 0.676589 0.501830 0.119480 0.150504
0 0.695315 0.430921 0.126096 0.145699
0 0.711709 0.348479 0.120698 0.173749
0 0.724845 0.253258 0.124103 0.140443
