0 0.446373 0.195602 0.092593 0.171296
0 0.391590 0.226273 0.100309 0.142361
0 0.337963 0.220486 0.081019 0.142361
0 0.318673 0.336806 0.096451 0.148148
0 0.309414 0.447917 0.111883 0.150463
0 0.279707 0.576389 0.137346 0.212963
0 0.246528 0.729745 0.132716 0.197917
0 0.499614 0.186343 0.080247 0.166667
0 0.565972 0.206019 0.104938 0.162037
0 0.617284 0.208912 0.097994 0.181713
0 0.668596 0.304977 0.081790 0.170139
0 0.678627 0.421296 0.112654 0.155093
0 0.706790 0.570023 0.138117 0.232639
0 0.737654 0.720486 0.136574 0.193287
0 0.770448 0.825810 0.126543 0.103009
