0 0.446759 0.828704 0.130401 0.238426
0 0.366512 0.772569 0.121142 0.262731
0 0.307870 0.709491 0.125772 0.159722
0 0.285108 0.576968 0.154321 0.184028
0 0.245756 0.450231 0.158951 0.175926
0 0.223380 0.296296 0.169753 0.238426
0 0.192901 0.154514 0.158179 0.188657
0 0.550926 0.844329 0.127315 0.223380
0 0.631173 0.815972 0.101080 0.143519
0 0.695988 0.726852 0.110340 0.185185
0 0.717207 0.586227 0.154321 0.193287
0 0.751543 0.483796 0.141204 0.175926
0 0.773534 0.317130 0.160494 0.250000
0 0.805941 0.159144 0.146605 0.193287
