0 0.437839 0.457765 0.116065 0.194913
0 0.363200 0.467384 0.096337 0.168555
0 0.315204 0.483069 0.082883 0.157890
0 0.283410 0.502962 0.063033 0.130362
0 0.258037 0.512722 0.054951 0.134138
0 0.241136 0.516863 0.043961 0.102916
0 0.219144 0.504584 0.040407 0.090520
0 0.511742 0.429900 0.113727 0.194668
0 0.586849 0.439739 0.095681 0.169642
0 0.634538 0.421131 0.075209 0.180211
0 0.676995 0.420215 0.060281 0.155514
0 0.699308 0.433831 0.039450 0.096660
0 0.716025 0.427936 0.038014 0.097665
0 0.536160 0.647233 0.075908 0.172190
0 0.584976 0.635599 0.080011 0.159901
0 0.630675 0.624294 0.091741 0.176167
0 0.667862 0.614474 0.084895 0.147693
0 0.680418 0.587736 0.105324 0.144058
0 0.707008 0.525828 0.115666 0.110453
0 0.486996 0.651809 0.079232 0.159819
0 0.437093 0.660601 0.074598 0.152393
0 0.390822 0.658961 0.071807 0.162508
0 0.353902 0.667571 0.054414 0.158367
0 0.320779 0.659821 0.049867 0.115101
0 0.207587 0.503218 0.018242 0.045513
