0 0.469117 0.454013 0.116320 0.162909
0 0.407485 0.479588 0.088911 0.145686
0 0.369183 0.487729 0.079236 0.149328
0 0.346013 0.505909 0.059830 0.129533
0 0.329619 0.507055 0.056342 0.113121
0 0.296372 0.487612 0.069635 0.113097
0 0.552101 0.445730 0.112701 0.159290
0 0.614099 0.434112 0.096609 0.172965
0 0.666091 0.448790 0.072589 0.149340
0 0.691805 0.459698 0.060868 0.125480
0 0.712719 0.452914 0.046437 0.106742
0 0.737158 0.440702 0.047649 0.085631
0 0.752644 0.430393 0.047879 0.095652
0 0.571074 0.630384 0.078602 0.146344
0 0.605866 0.608175 0.078372 0.136323
0 0.656452 0.613796 0.078241 0.149117
0 0.685051 0.599141 0.073758 0.132493
0 0.698749 0.585313 0.086331 0.138015
0 0.721148 0.561060 0.101658 0.134150
0 0.743657 0.525087 0.089806 0.123083
0 0.767592 0.495829 0.078359 0.104980
0 0.521315 0.633040 0.078829 0.141680
0 0.473469 0.631215 0.078962 0.128559
0 0.431626 0.650105 0.079080 0.133698
0 0.404487 0.639080 0.072537 0.123540
0 0.381440 0.625986 0.069817 0.106159
0 0.360927 0.595959 0.128591 0.142030
0 0.312381 0.550699 0.071733 0.085380
