0 0.456494 0.367839 0.146112 0.226654
0 0.374006 0.366524 0.122944 0.192081
0 0.291696 0.346930 0.122510 0.204829
0 0.228132 0.353762 0.103056 0.194990
0 0.181923 0.368013 0.082703 0.157177
0 0.134131 0.357476 0.086875 0.151731
0 0.556804 0.367763 0.143873 0.227620
0 0.653640 0.357941 0.131279 0.225356
0 0.730946 0.337558 0.121247 0.252374
0 0.789339 0.370449 0.074603 0.179716
0 0.822334 0.372019 0.068358 0.179169
0 0.847450 0.389198 0.047343 0.144704
0 0.869852 0.386697 0.047187 0.148069
0 0.483166 0.473151 0.088835 0.112830
0 0.411069 0.462872 0.075187 0.101577
0 0.347063 0.459542 0.095887 0.116800
0 0.279180 0.474598 0.097637 0.153835
0 0.226298 0.482455 0.084200 0.170541
0 0.178930 0.496469 0.076027 0.145238
0 0.544919 0.476284 0.072123 0.109132
0 0.608421 0.476733 0.084505 0.131451
0 0.686603 0.490950 0.121894 0.167133
0 0.738252 0.497171 0.098046 0.184046
0 0.776322 0.507311 0.074502 0.161869
0 0.808404 0.512387 0.076595 0.168758
0 0.844918 0.501396 0.070856 0.120198
