0 0.428447 0.698136 0.119778 0.120889
0 0.387427 0.654432 0.098418 0.129542
0 0.356595 0.576352 0.120897 0.139794
0 0.357347 0.506734 0.123440 0.134555
0 0.346563 0.433049 0.113477 0.131040
0 0.345746 0.350805 0.116180 0.153752
0 0.359668 0.275575 0.058911 0.059072
0 0.502127 0.703753 0.109421 0.120160
0 0.565989 0.686420 0.100732 0.104419
0 0.608309 0.626255 0.110309 0.129543
0 0.641114 0.555495 0.106017 0.127173
0 0.686231 0.484514 0.118981 0.133086
0 0.711557 0.401191 0.126176 0.144768
0 0.727574 0.347180 0.113739 0.081294
