0 0.504019 0.144338 0.125386 0.171200
0 0.417213 0.199797 0.090021 0.137442
0 0.357735 0.270930 0.122171 0.183256
0 0.308706 0.413194 0.139853 0.154321
0 0.289416 0.526524 0.162359 0.178434
0 0.253247 0.672405 0.170396 0.229070
0 0.224312 0.824315 0.160751 0.219425
0 0.207433 0.920766 0.146283 0.151910
0 0.619760 0.173274 0.135031 0.200135
0 0.702546 0.231144 0.081983 0.132620
0 0.758809 0.305893 0.126993 0.190490
0 0.797389 0.445747 0.146283 0.161555
0 0.823110 0.571132 0.139853 0.161555
0 0.846418 0.719425 0.176826 0.231481
0 0.864905 0.872541 0.155928 0.176022
