0 0.469069 0.098045 0.075667 0.140258
0 0.414867 0.119522 0.087312 0.122534
0 0.368103 0.147519 0.092228 0.130239
0 0.335495 0.216797 0.087742 0.112906
0 0.319080 0.317750 0.109133 0.139946
0 0.293980 0.436602 0.135450 0.209426
0 0.255059 0.567769 0.130771 0.181109
0 0.517582 0.098331 0.079508 0.120605
0 0.571689 0.116541 0.084131 0.145784
0 0.611810 0.156482 0.092283 0.133377
0 0.642763 0.211958 0.085013 0.136388
0 0.662901 0.317473 0.108032 0.136790
0 0.695002 0.427121 0.147978 0.208076
0 0.729253 0.563490 0.117887 0.162060
