0 0.475788 0.473371 0.100739 0.178377
0 0.406830 0.471004 0.077163 0.159374
0 0.357797 0.459685 0.074757 0.154684
0 0.316485 0.450243 0.056342 0.120666
0 0.290164 0.448040 0.040740 0.114583
0 0.268156 0.443005 0.042944 0.107650
0 0.247524 0.425786 0.034524 0.069158
0 0.553322 0.472980 0.110181 0.186675
0 0.631743 0.466210 0.075674 0.162834
0 0.691168 0.481781 0.073941 0.152346
0 0.736925 0.480836 0.053445 0.132235
0 0.764705 0.488297 0.042229 0.111124
0 0.795053 0.481850 0.056586 0.134613
0 0.826514 0.478330 0.041434 0.109948
0 0.551109 0.688617 0.067781 0.154562
0 0.605524 0.680265 0.076960 0.147751
0 0.659196 0.692248 0.062620 0.169578
0 0.697029 0.678956 0.056627 0.136938
0 0.718596 0.664799 0.083814 0.140898
0 0.740131 0.630295 0.108453 0.132033
0 0.768223 0.597649 0.094973 0.114368
0 0.495785 0.682419 0.068496 0.151089
0 0.445947 0.672829 0.064641 0.152183
0 0.393824 0.660874 0.071758 0.160441
0 0.357051 0.657907 0.067477 0.137127
0 0.327230 0.634133 0.071762 0.116287
0 0.314571 0.604264 0.113716 0.122829
0 0.295252 0.556257 0.101315 0.122613
