0 0.474111 0.410149 0.108634 0.194932
0 0.406088 0.394158 0.086298 0.187317
0 0.350248 0.391112 0.072084 0.205592
0 0.321313 0.395681 0.052794 0.156859
0 0.297961 0.404057 0.044672 0.143153
0 0.274531 0.399080 0.041874 0.130561
0 0.255477 0.376496 0.026347 0.109389
0 0.555941 0.414352 0.088735 0.182870
0 0.623071 0.408565 0.074846 0.171296
0 0.670139 0.398148 0.064043 0.180556
0 0.705247 0.394097 0.041667 0.163194
0 0.731096 0.402199 0.033179 0.160880
0 0.751929 0.387731 0.045525 0.159722
0 0.771219 0.369792 0.031636 0.137731
0 0.540895 0.598380 0.066358 0.150463
0 0.592207 0.605903 0.065586 0.140046
0 0.641975 0.592593 0.064815 0.127315
0 0.674769 0.586806 0.062500 0.150463
0 0.695216 0.569444 0.057099 0.115741
0 0.726080 0.557870 0.084877 0.127315
0 0.747685 0.516782 0.084877 0.121528
0 0.494985 0.602431 0.067130 0.160880
0 0.442515 0.594907 0.071759 0.145833
0 0.394290 0.596644 0.057099 0.128472
0 0.357639 0.586227 0.048611 0.130787
0 0.337577 0.559606 0.042438 0.107639
0 0.306713 0.550926 0.054784 0.129630
0 0.281250 0.526042 0.071759 0.123843
