0 0.472612 0.787114 0.129521 0.189578
0 0.403136 0.750467 0.122964 0.188184
0 0.347060 0.680122 0.127572 0.165678
0 0.320742 0.576458 0.150595 0.163526
0 0.275118 0.466615 0.166041 0.206734
0 0.223935 0.338674 0.169461 0.193370
0 0.183052 0.247104 0.152757 0.166335
0 0.546505 0.788118 0.131232 0.182896
0 0.610062 0.756613 0.108422 0.163956
0 0.646436 0.685898 0.119827 0.173426
0 0.640052 0.579283 0.127120 0.156188
0 0.642092 0.476019 0.128166 0.161107
0 0.638642 0.346929 0.162097 0.217638
0 0.631652 0.217305 0.161193 0.198658
