0 0.424165 0.428345 0.151456 0.241645
0 0.339623 0.436937 0.098049 0.187526
0 0.267783 0.431267 0.109371 0.200290
0 0.232211 0.452909 0.077052 0.153902
0 0.199102 0.448035 0.055134 0.136680
0 0.169007 0.418391 0.053979 0.096551
0 0.541064 0.434256 0.142403 0.227903
0 0.632083 0.413143 0.109604 0.185005
0 0.705055 0.345193 0.116738 0.212707
0 0.739767 0.391169 0.083731 0.167437
0 0.774958 0.397057 0.064810 0.157540
0 0.809551 0.377891 0.067416 0.142464
0 0.534899 0.655356 0.104170 0.185707
0 0.599645 0.643714 0.103716 0.171540
0 0.674629 0.644327 0.114275 0.238392
0 0.727118 0.611043 0.081812 0.181396
0 0.762107 0.591844 0.101446 0.172519
0 0.779834 0.548452 0.129718 0.172637
0 0.463722 0.666365 0.105377 0.190522
0 0.400940 0.650339 0.112042 0.176977
0 0.329841 0.680469 0.099918 0.208881
0 0.287004 0.655526 0.091513 0.184600
0 0.242917 0.639060 0.098762 0.168752
0 0.222911 0.597177 0.126554 0.172361
