0 0.387731 0.707176 0.163580 0.194444
0 0.328704 0.594907 0.116512 0.196759
0 0.236497 0.579861 0.135802 0.182870
0 0.206019 0.424190 0.168981 0.190972
0 0.189429 0.291667 0.145062 0.210648
0 0.172840 0.127894 0.165895 0.218750
0 0.136574 0.056713 0.141204 0.106481
0 0.517361 0.703125 0.140432 0.186343
0 0.582176 0.608218 0.103395 0.193287
0 0.683256 0.609375 0.132716 0.167824
0 0.706019 0.449074 0.155093 0.210648
0 0.736497 0.295139 0.154321 0.194444
0 0.748071 0.151042 0.169753 0.237269
0 0.774691 0.054977 0.139660 0.105324
