0 0.444775 0.394593 0.105820 0.205853
0 0.363888 0.390046 0.079365 0.170304
0 0.314429 0.383433 0.089837 0.181878
0 0.269367 0.368965 0.057870 0.172784
0 0.533234 0.387979 0.105269 0.187665
0 0.610395 0.393155 0.101962 0.203373
0 0.662346 0.407821 0.079365 0.184358
0 0.700783 0.423942 0.042438 0.158730
0 0.729442 0.440063 0.051257 0.179398
0 0.756233 0.409038 0.024113 0.094039
0 0.758663 0.453099 0.056994 0.068392
0 0.447946 0.590791 0.070568 0.147972
0 0.394715 0.605075 0.068614 0.143577
0 0.350152 0.593904 0.063486 0.156397
0 0.309375 0.584015 0.047859 0.148339
0 0.283247 0.566251 0.039069 0.141380
0 0.248558 0.447580 0.108660 0.199982
0 0.494775 0.595186 0.058115 0.137717
0 0.546350 0.599764 0.070079 0.145408
0 0.601205 0.614208 0.067882 0.172512
0 0.639977 0.617345 0.050545 0.160792
0 0.681747 0.612178 0.062338 0.129751
0 0.705557 0.590108 0.056612 0.145619
