0 0.425786 0.440863 0.133392 0.193834
0 0.349287 0.469172 0.100870 0.164482
0 0.289205 0.476954 0.095632 0.182353
0 0.257924 0.488848 0.074565 0.179016
0 0.231840 0.497027 0.068197 0.152707
0 0.201876 0.485580 0.068667 0.141781
0 0.178072 0.478940 0.055669 0.119921
0 0.510434 0.415311 0.129056 0.194247
0 0.584878 0.420292 0.103692 0.186930
0 0.635881 0.408744 0.095698 0.196664
0 0.675395 0.412317 0.082879 0.175933
0 0.707424 0.412449 0.062178 0.151754
0 0.729393 0.390463 0.063250 0.158524
0 0.748776 0.386236 0.046998 0.120748
0 0.499086 0.633403 0.096346 0.186866
0 0.539743 0.600360 0.087863 0.165722
0 0.598787 0.639588 0.101576 0.192095
0 0.645962 0.613610 0.095669 0.177959
0 0.675239 0.593936 0.075260 0.141725
0 0.706933 0.577350 0.079454 0.135789
0 0.725272 0.539746 0.067171 0.118443
0 0.440296 0.632304 0.092415 0.162043
0 0.391250 0.634289 0.087975 0.152539
0 0.339439 0.652905 0.089330 0.170355
0 0.287863 0.665701 0.096892 0.167152
0 0.263654 0.639462 0.067246 0.109655
0 0.233098 0.631578 0.089310 0.128550
0 0.212801 0.586214 0.075918 0.108828
