0 0.518284 0.915412 0.093105 0.126149
0 0.459550 0.896934 0.071671 0.107719
0 0.418288 0.850606 0.092737 0.123528
0 0.390359 0.785028 0.101475 0.124756
0 0.359162 0.702533 0.110119 0.113123
0 0.330997 0.603574 0.125583 0.174398
0 0.303800 0.517844 0.122541 0.140565
0 0.581978 0.893094 0.096327 0.136881
0 0.636244 0.873438 0.087494 0.122791
0 0.662401 0.812288 0.088136 0.115173
0 0.674804 0.735695 0.106349 0.122871
0 0.681828 0.665205 0.103865 0.117383
0 0.688294 0.565388 0.122730 0.166288
0 0.692139 0.465939 0.116287 0.144825
0 0.679844 0.384798 0.137533 0.137533
