0 0.359276 0.373582 0.142838 0.233683
0 0.260730 0.366361 0.105865 0.189844
0 0.199908 0.371150 0.115075 0.216758
0 0.486058 0.358492 0.133318 0.197894
0 0.647513 0.352854 0.127900 0.211887
0 0.722153 0.370685 0.081212 0.194301
0 0.769848 0.312150 0.103753 0.163177
0 0.422547 0.642389 0.097152 0.177130
0 0.498220 0.621975 0.112529 0.177667
0 0.580085 0.609342 0.112647 0.214900
0 0.652857 0.624572 0.093722 0.214239
0 0.704002 0.597017 0.080592 0.176551
0 0.772893 0.551960 0.159087 0.225386
0 0.353817 0.658118 0.096155 0.182413
0 0.282600 0.653496 0.094285 0.196531
0 0.213903 0.653229 0.095339 0.226705
0 0.166125 0.641569 0.088934 0.178615
0 0.154429 0.594883 0.127781 0.174654
0 0.111509 0.569725 0.157228 0.172136
0 0.069028 0.523225 0.134506 0.164251
