0 0.462177 0.728605 0.074756 0.082600
0 0.408335 0.720462 0.079205 0.091907
0 0.362948 0.684397 0.073866 0.098888
0 0.317115 0.626809 0.078316 0.100051
0 0.293087 0.566313 0.083655 0.102378
0 0.271283 0.482549 0.104124 0.134953
0 0.247699 0.382498 0.108574 0.120992
0 0.236130 0.273140 0.124593 0.137280
0 0.522249 0.730350 0.066746 0.069803
0 0.571641 0.695449 0.078316 0.100051
0 0.626818 0.641933 0.080095 0.100051
0 0.657966 0.565731 0.092555 0.108195
0 0.687334 0.479059 0.105014 0.144260
0 0.708693 0.383661 0.117473 0.134953
0 0.723377 0.275467 0.114803 0.130299
