0 0.707047 0.419783 0.136985 0.189545
0 0.621931 0.420334 0.118039 0.162443
0 0.559553 0.423314 0.109566 0.163938
0 0.512976 0.423637 0.085816 0.155593
0 0.476606 0.409892 0.090975 0.152295
0 0.429517 0.382443 0.101471 0.153427
0 0.787342 0.436249 0.126345 0.177394
0 0.848069 0.461786 0.081390 0.162345
0 0.880848 0.473565 0.082436 0.160369
0 0.700381 0.554885 0.095856 0.151135
0 0.648144 0.536565 0.102906 0.163621
0 0.589380 0.530088 0.109399 0.180385
0 0.542775 0.513567 0.092888 0.140614
0 0.493657 0.501322 0.080290 0.119257
0 0.443132 0.474946 0.106308 0.131380
0 0.394353 0.444130 0.063478 0.109090
0 0.765388 0.560283 0.106386 0.148978
0 0.814423 0.563489 0.084415 0.142110
0 0.840508 0.569033 0.073874 0.120091
