0 0.424028 0.416582 0.179414 0.272337
0 0.283960 0.462212 0.156937 0.212027
0 0.260060 0.484472 0.171486 0.193389
0 0.179819 0.519367 0.130990 0.188403
0 0.531118 0.404391 0.191520 0.272495
0 0.627306 0.388571 0.146101 0.225417
0 0.696112 0.362053 0.133458 0.222730
0 0.748512 0.366112 0.101074 0.195324
0 0.781147 0.384944 0.096737 0.178708
0 0.810361 0.379395 0.070949 0.167191
0 0.486267 0.676236 0.139517 0.236090
0 0.411988 0.672863 0.140775 0.223078
0 0.360931 0.720717 0.105191 0.150324
0 0.312550 0.706553 0.149766 0.197223
0 0.253859 0.730922 0.080466 0.117303
0 0.538496 0.638045 0.131515 0.247669
0 0.602934 0.659367 0.106473 0.190435
0 0.729326 0.621929 0.154982 0.210404
0 0.764618 0.580731 0.104506 0.162251
