0 0.453561 0.463027 0.101452 0.142533
0 0.384974 0.440522 0.064300 0.133959
0 0.336034 0.446416 0.063586 0.154321
0 0.301383 0.438379 0.042867 0.131816
0 0.282450 0.429270 0.039295 0.126457
0 0.260302 0.416945 0.037866 0.112526
0 0.550011 0.458741 0.102881 0.161823
0 0.620027 0.460348 0.065729 0.132888
0 0.663966 0.462491 0.066444 0.150034
0 0.700046 0.455526 0.047154 0.144676
0 0.721836 0.451775 0.035008 0.137174
0 0.747914 0.446416 0.038580 0.120027
0 0.512503 0.635567 0.059299 0.125386
0 0.558942 0.635031 0.060728 0.122171
0 0.604667 0.644140 0.066444 0.163966
0 0.641461 0.629672 0.061443 0.141461
0 0.661465 0.621099 0.062872 0.143604
0 0.690758 0.593771 0.084305 0.125386
0 0.705404 0.531079 0.072159 0.090021
0 0.469279 0.628065 0.055727 0.131816
0 0.424268 0.617348 0.057156 0.136103
0 0.378901 0.616812 0.065015 0.122171
0 0.343178 0.620027 0.063586 0.128601
0 0.313529 0.591092 0.061443 0.120027
0 0.289595 0.561621 0.072159 0.110382
0 0.279235 0.502679 0.087163 0.091092
