0 0.439904 0.431001 0.100902 0.191417
0 0.382033 0.407630 0.074193 0.162482
0 0.337518 0.418759 0.062322 0.162482
0 0.304873 0.417646 0.056387 0.146902
0 0.276894 0.419223 0.034561 0.121769
0 0.258005 0.410783 0.036973 0.131414
0 0.514805 0.427059 0.094039 0.163966
0 0.576292 0.424648 0.065908 0.149498
0 0.620499 0.418620 0.051440 0.168789
0 0.652649 0.433690 0.043403 0.143470
0 0.677164 0.425854 0.037776 0.132620
0 0.699669 0.420428 0.042599 0.119358
0 0.496721 0.629003 0.064300 0.165172
0 0.538114 0.635031 0.058674 0.148293
0 0.584330 0.641059 0.067515 0.182051
0 0.614069 0.615741 0.059478 0.162760
0 0.639387 0.595848 0.053852 0.132620
0 0.663098 0.581983 0.056263 0.121769
0 0.680941 0.532311 0.047582 0.096451
0 0.450746 0.629726 0.060442 0.177469
0 0.410558 0.627797 0.061085 0.160108
0 0.369084 0.620081 0.063014 0.175540
0 0.336613 0.595968 0.050797 0.152392
0 0.312500 0.582465 0.054012 0.135031
0 0.279385 0.573302 0.041795 0.114776
0 0.268776 0.533275 0.051440 0.098380
