0 0.439986 0.381044 0.089306 0.187543
0 0.367112 0.374614 0.077875 0.168253
0 0.312814 0.354252 0.079304 0.213263
0 0.276020 0.377293 0.052869 0.158608
0 0.255301 0.389082 0.042867 0.139318
0 0.220650 0.371935 0.050726 0.137174
0 0.201718 0.387474 0.034294 0.103952
0 0.519647 0.381580 0.094307 0.182184
0 0.594664 0.377293 0.067158 0.192901
0 0.643961 0.382652 0.072874 0.190758
0 0.677541 0.395512 0.058585 0.150034
0 0.702189 0.410515 0.039295 0.117884
0 0.719336 0.404085 0.023577 0.120027
0 0.737197 0.409444 0.039295 0.098594
0 0.475352 0.587877 0.054298 0.123242
0 0.521076 0.595379 0.068587 0.148963
0 0.572517 0.610918 0.067158 0.188615
0 0.612526 0.601809 0.070016 0.163966
0 0.649320 0.591628 0.046439 0.150034
0 0.683971 0.588413 0.058585 0.160751
0 0.704690 0.560014 0.038580 0.121099
0 0.427483 0.591628 0.057156 0.137174
0 0.378544 0.581447 0.063586 0.138246
0 0.325317 0.600737 0.078589 0.178969
0 0.289238 0.588949 0.077875 0.161823
0 0.272805 0.563229 0.053584 0.118956
0 0.244584 0.564300 0.081447 0.142533
0 0.222437 0.534829 0.068587 0.117884
