0 0.437500 0.155671 0.097994 0.144676
0 0.366898 0.164931 0.101852 0.156250
0 0.296682 0.170718 0.106481 0.158565
0 0.281636 0.267940 0.147377 0.181713
0 0.260031 0.397569 0.159722 0.170139
0 0.187886 0.718750 0.203704 0.247685
0 0.176698 0.889468 0.175154 0.207176
0 0.493827 0.174769 0.110340 0.185185
0 0.558256 0.152199 0.115741 0.123843
0 0.633102 0.145255 0.114198 0.163194
0 0.655093 0.263310 0.131944 0.160880
0 0.665895 0.383102 0.130401 0.175926
0 0.709491 0.527778 0.165123 0.263889
0 0.753858 0.711227 0.153549 0.221065
0 0.781250 0.864583 0.137346 0.189815
