0 0.471746 0.468224 0.128210 0.208059
0 0.390565 0.464280 0.085546 0.168951
0 0.350580 0.487284 0.063395 0.168178
0 0.313798 0.469867 0.060019 0.159812
0 0.293512 0.461033 0.041132 0.131711
0 0.280858 0.429759 0.037842 0.155744
0 0.559759 0.480309 0.107932 0.189648
0 0.623822 0.488854 0.079237 0.162507
0 0.671904 0.491989 0.071955 0.194201
0 0.503054 0.750414 0.069699 0.174682
0 0.552869 0.758365 0.075314 0.169921
0 0.609495 0.760964 0.093417 0.191620
0 0.650993 0.746264 0.072491 0.136365
0 0.682849 0.723153 0.063177 0.129843
0 0.690546 0.680565 0.122715 0.155467
0 0.728313 0.606729 0.121758 0.151716
0 0.452436 0.753616 0.077882 0.172490
0 0.410542 0.744078 0.074531 0.171133
0 0.364972 0.744971 0.075311 0.193466
0 0.328802 0.737497 0.058165 0.175519
0 0.306340 0.716837 0.054684 0.170440
0 0.307615 0.656634 0.114449 0.131634
0 0.302011 0.591843 0.118671 0.134260
0 0.311482 0.536039 0.053618 0.051557
