0 0.434899 0.430146 0.143106 0.233673
0 0.343563 0.445635 0.159720 0.244708
0 0.278360 0.439264 0.123938 0.225661
0 0.238703 0.452358 0.105451 0.170814
0 0.207197 0.472821 0.099217 0.156641
0 0.252115 0.538692 0.102459 0.091130
0 0.276844 0.554136 0.132255 0.088113
0 0.226796 0.549024 0.162402 0.167871
0 0.530700 0.376974 0.179450 0.251523
0 0.625526 0.357320 0.142010 0.247679
0 0.692517 0.339272 0.116529 0.220439
0 0.754902 0.393555 0.162089 0.207794
0 0.801280 0.429716 0.208236 0.230089
0 0.486028 0.656677 0.116889 0.205445
0 0.434468 0.695786 0.125272 0.202469
0 0.381470 0.704341 0.097240 0.203465
0 0.343352 0.710667 0.084488 0.190082
0 0.307228 0.742230 0.085214 0.160517
0 0.545034 0.647852 0.114247 0.196071
0 0.611525 0.665046 0.125285 0.216575
0 0.683893 0.657335 0.122567 0.212384
