0 0.439166 0.432339 0.105826 0.177646
0 0.378220 0.423774 0.082207 0.147635
0 0.335526 0.428719 0.077120 0.157964
0 0.305219 0.436438 0.048499 0.118439
0 0.284937 0.435175 0.042390 0.099516
0 0.255755 0.433031 0.049648 0.093035
0 0.227030 0.417774 0.048097 0.091484
0 0.502544 0.440898 0.082816 0.157056
0 0.558805 0.440988 0.064835 0.142209
0 0.607059 0.442673 0.062257 0.154093
0 0.634296 0.463305 0.040887 0.127902
0 0.656658 0.473137 0.030297 0.096101
0 0.675854 0.481164 0.037212 0.094097
0 0.697245 0.472807 0.031037 0.074424
0 0.450696 0.579374 0.065000 0.104048
0 0.412982 0.578057 0.058135 0.121769
0 0.369275 0.583658 0.057214 0.123982
0 0.332940 0.571511 0.047383 0.113910
0 0.308227 0.557593 0.046962 0.116140
0 0.278490 0.555356 0.043810 0.097321
0 0.487218 0.585961 0.054950 0.118664
0 0.529967 0.587048 0.062667 0.122987
0 0.572206 0.595431 0.066200 0.115814
0 0.606233 0.592555 0.055006 0.120288
0 0.628203 0.594613 0.053641 0.112133
0 0.650116 0.590345 0.055969 0.089027
0 0.669750 0.562736 0.064203 0.101962
0 0.283504 0.506661 0.050418 0.050810
