0 0.437194 0.230457 0.093609 0.121063
0 0.372970 0.267475 0.074965 0.120737
0 0.331184 0.330310 0.088613 0.126058
0 0.294238 0.407214 0.105163 0.103477
0 0.277453 0.494641 0.112075 0.111221
0 0.268611 0.612717 0.137002 0.180264
0 0.241683 0.747004 0.118003 0.159604
0 0.521894 0.234478 0.083529 0.125969
0 0.583269 0.263518 0.068363 0.130786
0 0.623840 0.318892 0.087229 0.143821
0 0.658927 0.397053 0.105473 0.121270
0 0.670911 0.487524 0.095171 0.113467
0 0.673933 0.605807 0.123576 0.187653
0 0.699857 0.723219 0.117693 0.141811
