0 0.440701 0.451239 0.081447 0.170396
0 0.374614 0.441058 0.067873 0.171468
0 0.325317 0.429805 0.062157 0.178969
0 0.294596 0.437843 0.027864 0.139318
0 0.274949 0.427662 0.028578 0.114669
0 0.259588 0.408908 0.022148 0.081447
0 0.522148 0.450703 0.097165 0.173611
0 0.593236 0.444273 0.077875 0.169324
0 0.646819 0.444809 0.065015 0.176826
0 0.679327 0.445880 0.045725 0.172539
0 0.704332 0.451775 0.034294 0.128601
0 0.721479 0.446952 0.021433 0.114669
0 0.738983 0.424983 0.016432 0.075017
0 0.501786 0.670932 0.053584 0.155393
0 0.546082 0.667181 0.056441 0.162894
0 0.596808 0.682720 0.070730 0.161823
0 0.626457 0.643068 0.081447 0.127529
0 0.647176 0.617348 0.088592 0.123242
0 0.671468 0.598594 0.102881 0.130744
0 0.694330 0.566444 0.077160 0.102881
0 0.455347 0.669860 0.059299 0.159679
0 0.412480 0.659144 0.050726 0.153249
0 0.365326 0.655393 0.065015 0.139318
0 0.335677 0.621635 0.077160 0.125386
0 0.329604 0.586270 0.086448 0.114669
0 0.316744 0.567515 0.100737 0.122171
