0 0.350336 0.923789 0.158019 0.152423
0 0.269068 0.901758 0.142492 0.196484
0 0.191150 0.848963 0.145102 0.198887
0 0.168886 0.687830 0.179756 0.189329
0 0.131254 0.550170 0.196822 0.189925
0 0.098155 0.370693 0.196310 0.287152
0 0.067985 0.221940 0.135970 0.214976
0 0.460179 0.928112 0.137932 0.143776
0 0.531065 0.912652 0.125204 0.168581
0 0.603808 0.845347 0.136873 0.220135
0 0.650867 0.712151 0.176586 0.201332
0 0.685137 0.586148 0.164153 0.204936
0 0.709417 0.405849 0.195813 0.289492
0 0.725025 0.208987 0.197853 0.245146
