0 0.610734 0.207286 0.108907 0.134563
0 0.535756 0.223781 0.090957 0.119989
0 0.480230 0.268028 0.098438 0.137597
0 0.437778 0.343949 0.112497 0.137478
0 0.401173 0.424497 0.113499 0.114174
0 0.351701 0.523977 0.151669 0.207031
0 0.318353 0.635879 0.121884 0.167120
0 0.675341 0.245890 0.117071 0.166358
0 0.735937 0.283858 0.084840 0.130751
0 0.759068 0.345496 0.106000 0.145834
0 0.778808 0.433735 0.109669 0.139376
0 0.782886 0.517026 0.111052 0.118479
0 0.779331 0.622545 0.152892 0.204879
0 0.780478 0.739910 0.144728 0.173084
