0 0.402344 0.817684 0.110918 0.150704
0 0.338043 0.751977 0.109311 0.142265
0 0.261687 0.686270 0.130208 0.174817
0 0.223508 0.563296 0.145480 0.177228
0 0.189349 0.442732 0.139853 0.155527
0 0.134693 0.310716 0.181649 0.233893
0 0.112590 0.160614 0.145480 0.239921
0 0.101337 0.044271 0.131012 0.084394
0 0.498794 0.810450 0.117348 0.160349
0 0.557067 0.734496 0.094039 0.165172
0 0.623778 0.671803 0.121367 0.172405
0 0.656732 0.530141 0.135835 0.190490
0 0.692097 0.419223 0.131012 0.176022
0 0.720229 0.276355 0.147087 0.249566
0 0.733089 0.107567 0.116544 0.208574
