0 0.382221 0.792213 0.089977 0.143958
0 0.344534 0.758433 0.083686 0.112721
0 0.316215 0.694992 0.107124 0.146792
0 0.310144 0.604369 0.102671 0.126390
0 0.302133 0.535931 0.103567 0.126468
0 0.306560 0.454355 0.110710 0.147106
0 0.300504 0.373895 0.104816 0.130580
0 0.450296 0.809006 0.095030 0.120385
0 0.506853 0.792278 0.077485 0.102840
0 0.547520 0.755871 0.085994 0.128933
0 0.576831 0.673763 0.103523 0.115791
0 0.609447 0.605492 0.108122 0.117528
0 0.627776 0.509553 0.129577 0.159430
0 0.663904 0.432106 0.104318 0.145212
