0 0.499803 0.526531 0.099133 0.138097
0 0.446240 0.485445 0.083563 0.129103
0 0.420227 0.422126 0.100989 0.149814
0 0.413315 0.342956 0.113058 0.143566
0 0.405343 0.270483 0.116727 0.139252
0 0.400789 0.172812 0.142219 0.197143
0 0.408646 0.078819 0.131336 0.157639
0 0.573742 0.554543 0.097863 0.123208
0 0.638656 0.534796 0.093775 0.111137
0 0.679774 0.484683 0.102482 0.138627
0 0.715068 0.420778 0.119434 0.149472
0 0.746002 0.351893 0.117257 0.142599
0 0.782698 0.271908 0.149237 0.193359
0 0.811706 0.171831 0.125071 0.143837
