0 0.462484 0.405954 0.167526 0.251664
0 0.358519 0.418974 0.144900 0.217725
0 0.283605 0.410936 0.122059 0.248639
0 0.237349 0.454947 0.103933 0.193031
0 0.199888 0.473505 0.096609 0.189244
0 0.171186 0.503098 0.081673 0.170911
0 0.139203 0.510280 0.059766 0.086861
0 0.572607 0.378855 0.160155 0.254310
0 0.670490 0.368278 0.126466 0.220352
0 0.751668 0.387378 0.127461 0.236951
0 0.815793 0.416681 0.073205 0.170384
0 0.843660 0.405599 0.062375 0.149152
0 0.859041 0.403401 0.050155 0.138302
0 0.614104 0.645187 0.109686 0.225659
0 0.667823 0.625091 0.121809 0.237780
0 0.738562 0.631210 0.133562 0.241516
0 0.796638 0.632479 0.095956 0.166667
0 0.826193 0.619300 0.086019 0.173234
0 0.855037 0.622181 0.085717 0.171517
0 0.862570 0.584555 0.101180 0.145958
0 0.549492 0.650383 0.108844 0.227174
0 0.479340 0.660982 0.117531 0.238689
0 0.401475 0.674712 0.138275 0.255658
0 0.335416 0.678392 0.121005 0.214344
0 0.294004 0.711368 0.077475 0.118484
