0 0.393836 0.680118 0.096267 0.138530
0 0.328890 0.671010 0.088347 0.131327
0 0.275197 0.630600 0.107451 0.150428
0 0.253996 0.558914 0.114302 0.137213
0 0.233651 0.492152 0.099233 0.101176
0 0.217462 0.426754 0.085189 0.128648
0 0.209006 0.356000 0.067063 0.101554
0 0.461577 0.666981 0.092785 0.107260
0 0.524036 0.653302 0.077088 0.098812
0 0.565584 0.602930 0.081646 0.116480
0 0.575379 0.518077 0.088545 0.123377
0 0.586311 0.447950 0.095313 0.113928
0 0.595893 0.372966 0.090673 0.122400
0 0.597106 0.305539 0.088628 0.097238
