0 0.484802 0.463427 0.115291 0.202907
0 0.409277 0.443317 0.107454 0.197789
0 0.358130 0.427589 0.106038 0.215395
0 0.321611 0.423673 0.069017 0.169933
0 0.294369 0.436639 0.070530 0.157335
0 0.268098 0.412825 0.071760 0.173127
0 0.240964 0.411143 0.040887 0.124838
0 0.559070 0.462791 0.115156 0.212622
0 0.630136 0.457631 0.089159 0.191386
0 0.681277 0.463418 0.075422 0.211732
0 0.710880 0.485262 0.050107 0.145736
0 0.734696 0.496535 0.040034 0.142269
0 0.760020 0.484504 0.051310 0.158290
0 0.503722 0.661432 0.088262 0.170387
0 0.555638 0.668362 0.071721 0.160477
0 0.601615 0.688615 0.071950 0.177422
0 0.640885 0.687277 0.065806 0.143035
0 0.664035 0.677368 0.072207 0.144535
0 0.692197 0.668374 0.085072 0.162586
0 0.449402 0.652861 0.080112 0.184718
0 0.400360 0.638545 0.082722 0.185886
0 0.352234 0.631948 0.078651 0.175187
0 0.312052 0.614589 0.066501 0.158140
0 0.280012 0.606057 0.074051 0.151279
0 0.248137 0.595630 0.078931 0.185555
0 0.210051 0.569892 0.063871 0.124405
