0 0.453918 0.206361 0.058585 0.090021
0 0.402835 0.198860 0.073588 0.111454
0 0.343178 0.221365 0.080018 0.145748
0 0.304598 0.308706 0.087163 0.131816
0 0.298525 0.400334 0.090735 0.126457
0 0.268876 0.494642 0.114312 0.175754
0 0.233868 0.612526 0.121456 0.165038
0 0.491784 0.184928 0.058585 0.098594
0 0.541081 0.186535 0.071445 0.116812
0 0.580733 0.218150 0.076446 0.158608
0 0.625743 0.287809 0.085019 0.139318
0 0.647891 0.369256 0.086448 0.139318
0 0.699331 0.451775 0.106453 0.182184
0 0.720050 0.579304 0.110740 0.145748
