0 0.503015 0.381749 0.200902 0.415599
0 0.349659 0.378131 0.152600 0.348403
0 0.229621 0.362340 0.158584 0.336515
0 0.148939 0.414414 0.117674 0.256286
0 0.097231 0.378479 0.057148 0.207970
0 0.059125 0.348579 0.064537 0.166874
0 0.669027 0.366301 0.196483 0.387305
0 0.787363 0.307347 0.124371 0.342043
0 0.874097 0.300348 0.113999 0.312217
0 0.933212 0.301543 0.069828 0.281840
0 0.959371 0.244352 0.033684 0.166478
0 0.545617 0.596049 0.122386 0.332178
0 0.429149 0.599085 0.140373 0.339221
0 0.331804 0.607867 0.127603 0.333672
0 0.234586 0.590880 0.127759 0.294637
0 0.165035 0.559561 0.071293 0.197731
0 0.100842 0.496677 0.093600 0.189139
0 0.038488 0.419589 0.059608 0.156855
0 0.639008 0.575206 0.124817 0.322545
0 0.738559 0.552200 0.122801 0.326099
0 0.822700 0.523867 0.117166 0.302622
0 0.886549 0.502732 0.098661 0.229667
0 0.933339 0.480038 0.056856 0.160371
