0 0.279830 0.089267 0.086323 0.104278
0 0.232308 0.132823 0.116144 0.157113
0 0.213916 0.219124 0.105212 0.124287
0 0.221839 0.303921 0.132532 0.141217
0 0.225335 0.409015 0.165119 0.199065
0 0.236989 0.535348 0.151929 0.197666
0 0.249262 0.667063 0.115405 0.178270
0 0.329857 0.070401 0.073384 0.093187
0 0.382023 0.062588 0.085671 0.107157
0 0.430916 0.080121 0.117491 0.160243
0 0.494400 0.123009 0.113678 0.147911
0 0.531464 0.193833 0.126259 0.152349
0 0.624481 0.347682 0.150545 0.195160
0 0.688821 0.451267 0.135656 0.184764
