0 0.319959 0.100936 0.081179 0.132620
0 0.263696 0.118417 0.086002 0.136236
0 0.210648 0.155189 0.097254 0.156732
0 0.164030 0.236569 0.103684 0.145882
0 0.155591 0.354721 0.106096 0.136236
0 0.153180 0.492163 0.109311 0.225453
0 0.137908 0.664569 0.102881 0.215808
0 0.131478 0.833960 0.094843 0.214603
0 0.371399 0.086468 0.074749 0.127797
0 0.430877 0.084057 0.084394 0.163966
0 0.482719 0.082248 0.083591 0.150704
0 0.522505 0.139516 0.102077 0.171200
0 0.554253 0.247420 0.107703 0.162760
0 0.591628 0.375820 0.147087 0.219425
0 0.638246 0.524113 0.129405 0.214603
0 0.696116 0.674817 0.124582 0.195312
