0 0.476691 0.698327 0.121367 0.184462
0 0.407970 0.679639 0.086806 0.200135
0 0.358941 0.626591 0.110918 0.195312
0 0.310716 0.529538 0.117348 0.177228
0 0.276958 0.433087 0.131816 0.148293
0 0.252845 0.327595 0.123778 0.156732
0 0.227125 0.182919 0.128601 0.221836
0 0.211050 0.073809 0.080376 0.075955
0 0.562291 0.686873 0.120563 0.171200
0 0.631414 0.647087 0.085198 0.159144
0 0.682452 0.585600 0.100469 0.154321
0 0.728668 0.484930 0.114133 0.148293
0 0.752379 0.370394 0.098862 0.148293
0 0.777296 0.161217 0.127797 0.200135
0 0.796586 0.049093 0.084394 0.089217
