0 0.415446 0.393525 0.097232 0.157607
0 0.347854 0.382889 0.074366 0.149551
0 0.308400 0.388410 0.062467 0.131029
0 0.274451 0.402046 0.054752 0.103835
0 0.252392 0.398668 0.049912 0.107178
0 0.231186 0.398567 0.058236 0.110825
0 0.494378 0.397359 0.101908 0.152932
0 0.559878 0.387288 0.076073 0.156322
0 0.605212 0.396599 0.069901 0.134567
0 0.643555 0.404063 0.058960 0.109601
0 0.672523 0.408622 0.051292 0.111284
0 0.699422 0.407348 0.054682 0.110388
0 0.469015 0.532342 0.063355 0.131138
0 0.510983 0.532599 0.072333 0.140115
0 0.562956 0.551915 0.078877 0.193411
0 0.598286 0.516470 0.064243 0.131247
0 0.631696 0.520483 0.060128 0.133367
0 0.664533 0.519832 0.060013 0.111043
0 0.687412 0.504174 0.058633 0.106937
0 0.423039 0.525139 0.061742 0.132252
0 0.377588 0.518547 0.076518 0.131442
0 0.332148 0.519392 0.068404 0.158005
0 0.302105 0.498736 0.069715 0.118796
0 0.282501 0.489647 0.058938 0.095163
0 0.259156 0.490484 0.060692 0.080943
0 0.234619 0.477943 0.076146 0.099900
