0 0.398727 0.894242 0.114133 0.161555
0 0.338445 0.842400 0.106096 0.135031
0 0.295846 0.753183 0.091628 0.144676
0 0.276556 0.648293 0.110918 0.151910
0 0.244406 0.540992 0.110918 0.139853
0 0.237172 0.416811 0.128601 0.180845
0 0.205826 0.280575 0.130208 0.168789
0 0.487944 0.893036 0.106096 0.149498
0 0.562693 0.854456 0.081983 0.139853
0 0.612526 0.783324 0.101273 0.171200
0 0.646283 0.671200 0.120563 0.159144
0 0.672807 0.563899 0.112526 0.142265
0 0.704154 0.445747 0.126993 0.190490
0 0.734697 0.321566 0.114133 0.159144
