0 0.533649 0.895174 0.191494 0.209653
0 0.447215 0.877873 0.145340 0.190359
0 0.360463 0.814606 0.160827 0.192756
0 0.302684 0.683654 0.193846 0.209811
0 0.249856 0.564676 0.206303 0.243340
0 0.204478 0.390853 0.236802 0.286930
0 0.136670 0.237294 0.138375 0.153382
0 0.639217 0.878092 0.189579 0.228774
0 0.715628 0.879524 0.110625 0.138722
0 0.743561 0.786501 0.146397 0.215362
0 0.768092 0.684424 0.111937 0.161426
0 0.767380 0.580961 0.195029 0.218336
0 0.762145 0.433288 0.197423 0.208278
0 0.733836 0.261427 0.231983 0.303502
0 0.749678 0.131187 0.175487 0.225615
