0 0.446631 0.312886 0.145319 0.225694
0 0.362397 0.310957 0.095165 0.175540
0 0.303884 0.309028 0.099023 0.187114
0 0.258230 0.330247 0.092593 0.140818
0 0.217721 0.325424 0.063014 0.146605
0 0.186866 0.298018 0.044628 0.096999
0 0.169813 0.297431 0.022046 0.077787
0 0.547511 0.338649 0.115026 0.201475
0 0.622528 0.324717 0.079304 0.180041
0 0.686471 0.282922 0.082876 0.177898
0 0.720821 0.335272 0.046702 0.138584
0 0.734358 0.344918 0.028428 0.138584
0 0.762278 0.334257 0.046364 0.130462
0 0.511676 0.593659 0.093405 0.201023
0 0.572592 0.592136 0.085283 0.155336
0 0.624878 0.594420 0.080206 0.214730
0 0.667181 0.578168 0.064300 0.148963
0 0.697545 0.569594 0.069302 0.138246
0 0.706833 0.520297 0.096451 0.136103
0 0.449631 0.593171 0.087877 0.166109
0 0.396405 0.582455 0.092878 0.146819
0 0.326389 0.592100 0.085734 0.185400
0 0.286380 0.565844 0.092878 0.158608
0 0.228152 0.548697 0.075017 0.122171
0 0.205290 0.506366 0.115026 0.155393
0 0.182785 0.457069 0.098594 0.144676
0 0.187429 0.390089 0.082162 0.098594
