0 0.385482 0.730207 0.134318 0.160611
0 0.381025 0.646274 0.132967 0.190786
0 0.300808 0.655968 0.138686 0.168733
0 0.312696 0.516714 0.141838 0.194404
0 0.284148 0.416794 0.146610 0.164649
0 0.261320 0.291518 0.190287 0.245864
0 0.262896 0.179662 0.141657 0.179211
0 0.497061 0.762148 0.144494 0.202315
0 0.563567 0.715592 0.116127 0.163434
0 0.632729 0.661545 0.135759 0.186072
0 0.668864 0.536994 0.141657 0.179211
0 0.719206 0.431126 0.141838 0.194404
0 0.775693 0.324709 0.172682 0.226003
0 0.812076 0.191068 0.168719 0.180006
