0 0.467785 0.327128 0.080376 0.098058
0 0.407772 0.352045 0.063229 0.102881
0 0.373478 0.406700 0.080376 0.112526
0 0.353116 0.465374 0.095379 0.110918
0 0.332755 0.516011 0.080376 0.109311
0 0.311321 0.586741 0.091092 0.141461
0 0.290424 0.641397 0.094307 0.115741
0 0.286673 0.715342 0.093236 0.083591
0 0.539052 0.324717 0.077160 0.109311
0 0.596386 0.350437 0.065372 0.112526
0 0.615676 0.410719 0.076089 0.107703
0 0.629072 0.475019 0.085734 0.094843
0 0.639789 0.529675 0.090021 0.091628
0 0.653185 0.647827 0.097522 0.141461
0 0.644076 0.714538 0.087877 0.085198
