0 0.423581 0.208422 0.083096 0.106838
0 0.358292 0.228454 0.094967 0.120192
0 0.305615 0.266293 0.108321 0.169160
0 0.262583 0.370905 0.117225 0.164708
0 0.228454 0.477742 0.137999 0.160256
0 0.209164 0.597934 0.161740 0.249288
0 0.157971 0.744836 0.109805 0.209224
0 0.132746 0.859464 0.059354 0.104612
0 0.484420 0.201745 0.086064 0.089031
0 0.556387 0.227342 0.093483 0.109063
0 0.616483 0.255164 0.109805 0.146902
0 0.667676 0.345308 0.126128 0.162482
0 0.689192 0.446581 0.118708 0.151353
0 0.732223 0.589031 0.175095 0.258191
0 0.778223 0.730369 0.133547 0.184740
0 0.790094 0.831642 0.065290 0.093483
