0 0.412591 0.748199 0.159809 0.221131
0 0.320175 0.695978 0.120310 0.214739
0 0.248780 0.605547 0.146382 0.195598
0 0.213087 0.464227 0.169892 0.222736
0 0.178871 0.328613 0.157255 0.219788
0 0.147600 0.168604 0.213386 0.295687
0 0.105626 0.054255 0.175305 0.108511
0 0.527010 0.722045 0.169099 0.223962
0 0.629716 0.695481 0.142988 0.218037
0 0.691520 0.580807 0.149856 0.223290
0 0.731504 0.455321 0.146295 0.193088
0 0.755192 0.316704 0.155323 0.188391
0 0.799511 0.151012 0.177158 0.287216
0 0.817284 0.049876 0.144960 0.083074
