0 0.452489 0.356396 0.083591 0.167181
0 0.391761 0.368720 0.063586 0.142533
0 0.351037 0.376758 0.060728 0.156464
0 0.325674 0.411051 0.047154 0.135031
0 0.299597 0.419624 0.036437 0.130744
0 0.282093 0.439450 0.032865 0.127529
0 0.266732 0.449631 0.022148 0.098594
0 0.523934 0.364433 0.079304 0.151106
0 0.582162 0.366577 0.064300 0.140389
0 0.628601 0.369792 0.058585 0.166109
0 0.662894 0.386938 0.045725 0.153249
0 0.682542 0.407836 0.045010 0.141461
0 0.706833 0.423375 0.036437 0.131816
0 0.730767 0.435700 0.034294 0.122171
0 0.496428 0.595915 0.051440 0.116812
0 0.542152 0.603952 0.062872 0.139318
0 0.593950 0.604488 0.066444 0.151106
0 0.637174 0.607703 0.055727 0.136103
0 0.668967 0.616277 0.052155 0.125386
0 0.706476 0.603952 0.070016 0.113597
0 0.737554 0.570730 0.049297 0.085734
0 0.444630 0.596986 0.060728 0.136103
0 0.388903 0.605560 0.073588 0.172539
0 0.351395 0.611454 0.062872 0.124314
0 0.332104 0.608239 0.052869 0.105024
0 0.310314 0.614669 0.049297 0.094307
0 0.290666 0.608775 0.042867 0.093236
0 0.270662 0.587341 0.038580 0.084662
